# Runtime: 21.058441877365112
-2.750000000000001332e+00 6.000000000000000000e+00
-2.715925826289070422e+00 5.000000000000000000e+00
-2.616025403784440151e+00 5.000000000000000000e+00
-2.457106781186548794e+00 5.000000000000000000e+00
-2.250000000000001332e+00 5.000000000000000000e+00
-2.008819045102522516e+00 5.000000000000000000e+00
-1.750000000000001110e+00 5.000000000000000000e+00
-1.491180954897480149e+00 5.000000000000000000e+00
-1.250000000000000444e+00 5.000000000000000000e+00
-1.042893218813453649e+00 5.000000000000000000e+00
-8.839745962155619585e-01 5.000000000000000000e+00
-7.840741737109326870e-01 5.000000000000000000e+00
-2.679207775986395035e+00 4.000000000000000000e+00
-2.584292032810100004e+00 4.000000000000000000e+00
-2.480152535422979199e+00 4.000000000000000000e+00
-2.421482944095380674e+00 4.000000000000000000e+00
-2.347297010753045310e+00 4.000000000000000000e+00
-2.212676262543464833e+00 4.000000000000000000e+00
-2.208625568400967243e+00 4.000000000000000000e+00
-2.096587850233732730e+00 4.000000000000000000e+00
-2.070760915604793251e+00 4.000000000000000000e+00
-1.969658560249962553e+00 4.000000000000000000e+00
-1.945109673833410602e+00 4.000000000000000000e+00
-1.851367549072222118e+00 4.000000000000000000e+00
-1.842580848134235394e+00 4.000000000000000000e+00
-1.774246950939024181e+00 4.000000000000000000e+00
-1.708905078898268259e+00 4.000000000000000000e+00
-1.660665132292897139e+00 4.000000000000000000e+00
-1.587184510535726956e+00 4.000000000000000000e+00
-1.448164701197471871e+00 4.000000000000000000e+00
-1.395113438764443270e+00 4.000000000000000000e+00
-1.322706431863170495e+00 4.000000000000000000e+00
-1.205198753784646915e+00 4.000000000000000000e+00
-1.153682753842798059e+00 4.000000000000000000e+00
-1.127885773359994959e+00 4.000000000000000000e+00
-1.076143268672090647e+00 4.000000000000000000e+00
-9.965614955811008535e-01 4.000000000000000000e+00
-8.846215655486563412e-01 4.000000000000000000e+00
-8.782285832931625569e-01 4.000000000000000000e+00
-8.643706321554609495e-01 4.000000000000000000e+00
-8.364694550211104751e-01 4.000000000000000000e+00
-7.358317108004311935e-01 4.000000000000000000e+00
-7.018543385915035904e-01 4.000000000000000000e+00
-6.635808995716913072e-01 4.000000000000000000e+00
-6.326485702037293324e-01 4.000000000000000000e+00
-6.157000611798635337e-01 4.000000000000000000e+00
-5.996866412940003999e-01 4.000000000000000000e+00
-4.987717873366490640e-01 4.000000000000000000e+00
-4.157396260252699260e-01 4.000000000000000000e+00
-3.951344532144243638e-01 4.000000000000000000e+00
-3.617575236469325328e-01 4.000000000000000000e+00
-2.490816273969823635e-01 4.000000000000000000e+00
-1.442438855020693744e-01 4.000000000000000000e+00
-1.429706748581956732e-01 4.000000000000000000e+00
-8.731863266989629835e-02 4.000000000000000000e+00
2.521226339819932633e-02 4.000000000000000000e+00
1.310380236136962917e-01 4.000000000000000000e+00
1.331172164835516813e-01 4.000000000000000000e+00
3.026060761445026337e-01 4.000000000000000000e+00
3.920133620703930566e-01 4.000000000000000000e+00
4.092679289067918114e-01 4.000000000000000000e+00
5.626200276573277703e-01 4.000000000000000000e+00
6.699880945778355912e-01 4.000000000000000000e+00
7.866295894902060049e-01 4.000000000000000000e+00
8.945705856058134842e-01 4.000000000000000000e+00
1.067205317233995920e+00 4.000000000000000000e+00
-2.639297569102720509e+00 3.000000000000000000e+00
-2.550037939287179700e+00 3.000000000000000000e+00
-2.456443442486732298e+00 3.000000000000000000e+00
-2.383812428363032865e+00 3.000000000000000000e+00
-2.358701204388127248e+00 3.000000000000000000e+00
-2.296379652519066727e+00 3.000000000000000000e+00
-2.261232641762928264e+00 3.000000000000000000e+00
-2.174891541145388185e+00 3.000000000000000000e+00
-2.172615356321906610e+00 3.000000000000000000e+00
-2.154166360549412573e+00 3.000000000000000000e+00
-2.110034362732141400e+00 3.000000000000000000e+00
-2.068641904843822044e+00 3.000000000000000000e+00
-2.011346772950913131e+00 3.000000000000000000e+00
-1.967309181445318966e+00 3.000000000000000000e+00
-1.927382526453223832e+00 3.000000000000000000e+00
-1.881096382127679156e+00 3.000000000000000000e+00
-1.839026377466794981e+00 3.000000000000000000e+00
-1.819372907054477073e+00 3.000000000000000000e+00
-1.774661265239644736e+00 3.000000000000000000e+00
-1.707910730926605725e+00 3.000000000000000000e+00
-1.705292304612966880e+00 3.000000000000000000e+00
-1.703581126088678621e+00 3.000000000000000000e+00
-1.664371311421684707e+00 3.000000000000000000e+00
-1.620446650996873350e+00 3.000000000000000000e+00
-1.598309245369772036e+00 3.000000000000000000e+00
-1.577627907735557500e+00 3.000000000000000000e+00
-1.552135396876563433e+00 3.000000000000000000e+00
-1.524385262076175973e+00 3.000000000000000000e+00
-1.457640070298442003e+00 3.000000000000000000e+00
-1.431475918282324677e+00 3.000000000000000000e+00
-1.401412973796780426e+00 3.000000000000000000e+00
-1.351717361464513045e+00 3.000000000000000000e+00
-1.350918610409896692e+00 3.000000000000000000e+00
-1.292682621591746406e+00 3.000000000000000000e+00
-1.284949204904906495e+00 3.000000000000000000e+00
-1.276801405833400516e+00 3.000000000000000000e+00
-1.166438815931480244e+00 3.000000000000000000e+00
-1.158741360923454700e+00 3.000000000000000000e+00
-1.156396053838995241e+00 3.000000000000000000e+00
-1.107275894331213761e+00 3.000000000000000000e+00
-1.081552383370323778e+00 3.000000000000000000e+00
-1.061987309033087357e+00 3.000000000000000000e+00
-1.035987138046502221e+00 3.000000000000000000e+00
-1.012059588948634348e+00 3.000000000000000000e+00
-9.891235176504421522e-01 3.000000000000000000e+00
-9.579014697200076700e-01 3.000000000000000000e+00
-9.460042808941203640e-01 3.000000000000000000e+00
-9.048944392587895402e-01 3.000000000000000000e+00
-8.744356894992306728e-01 3.000000000000000000e+00
-8.351901660772255154e-01 3.000000000000000000e+00
-8.292640777950616160e-01 3.000000000000000000e+00
-8.222043387465395314e-01 3.000000000000000000e+00
-7.845686739908401819e-01 3.000000000000000000e+00
-7.625878653920842298e-01 3.000000000000000000e+00
-7.518927897765940171e-01 3.000000000000000000e+00
-6.880608467103078718e-01 3.000000000000000000e+00
-6.870160188998547524e-01 3.000000000000000000e+00
-6.830872294877397000e-01 3.000000000000000000e+00
-6.814242062834813263e-01 3.000000000000000000e+00
-6.581651708636490072e-01 3.000000000000000000e+00
-6.124032337099297729e-01 3.000000000000000000e+00
-6.049271119501582472e-01 3.000000000000000000e+00
-5.804718335284131392e-01 3.000000000000000000e+00
-5.630667785760784527e-01 3.000000000000000000e+00
-5.550465111350481040e-01 3.000000000000000000e+00
-5.289359316272701506e-01 3.000000000000000000e+00
-5.198699923817208246e-01 3.000000000000000000e+00
-4.817573901322295682e-01 3.000000000000000000e+00
-4.459148733093934447e-01 3.000000000000000000e+00
-4.222965374107767733e-01 3.000000000000000000e+00
-4.148093443106128930e-01 3.000000000000000000e+00
-4.061133091169013554e-01 3.000000000000000000e+00
-4.001642312023339643e-01 3.000000000000000000e+00
-3.748003424830994024e-01 3.000000000000000000e+00
-3.612420984659457379e-01 3.000000000000000000e+00
-3.580158449496670392e-01 3.000000000000000000e+00
-3.412282207085864383e-01 3.000000000000000000e+00
-3.063122311905997486e-01 3.000000000000000000e+00
-2.506199946035267967e-01 3.000000000000000000e+00
-2.414091177567685709e-01 3.000000000000000000e+00
-1.991794869889181308e-01 3.000000000000000000e+00
-1.987312229688580067e-01 3.000000000000000000e+00
-1.928195317641353823e-01 3.000000000000000000e+00
-1.701978827661378146e-01 3.000000000000000000e+00
-1.497116231283482368e-01 3.000000000000000000e+00
-1.448437788894713363e-01 3.000000000000000000e+00
-8.821181478131205622e-02 3.000000000000000000e+00
-8.687816157021230334e-02 3.000000000000000000e+00
-8.513944411451482286e-02 3.000000000000000000e+00
-5.772953855524605438e-02 3.000000000000000000e+00
-2.869508102031259611e-02 3.000000000000000000e+00
-2.774001950953178947e-02 3.000000000000000000e+00
4.349419341259923300e-02 3.000000000000000000e+00
5.742492467085952290e-02 3.000000000000000000e+00
8.010789122920534966e-02 3.000000000000000000e+00
8.032315256470773379e-02 3.000000000000000000e+00
8.486084691527592816e-02 3.000000000000000000e+00
9.415235023709812856e-02 3.000000000000000000e+00
1.373748168921035129e-01 3.000000000000000000e+00
1.651488377427910437e-01 3.000000000000000000e+00
1.918242348322803659e-01 3.000000000000000000e+00
1.941745605569494548e-01 3.000000000000000000e+00
2.534277385951717032e-01 3.000000000000000000e+00
3.223214312125053937e-01 3.000000000000000000e+00
3.623541332412226201e-01 3.000000000000000000e+00
3.643103140226285341e-01 3.000000000000000000e+00
3.655185583102912861e-01 3.000000000000000000e+00
3.788668009594992059e-01 3.000000000000000000e+00
4.560196731361393918e-01 3.000000000000000000e+00
4.733421276889981932e-01 3.000000000000000000e+00
4.978645761501829803e-01 3.000000000000000000e+00
5.388162740800268580e-01 3.000000000000000000e+00
6.083665922546912519e-01 3.000000000000000000e+00
6.089018382023955178e-01 3.000000000000000000e+00
6.285107311778559414e-01 3.000000000000000000e+00
6.308699789482797859e-01 3.000000000000000000e+00
6.486399390073226412e-01 3.000000000000000000e+00
6.590353221986084975e-01 3.000000000000000000e+00
7.370588314525607920e-01 3.000000000000000000e+00
7.859239554076371537e-01 3.000000000000000000e+00
8.065669039361463843e-01 3.000000000000000000e+00
8.550459271031024544e-01 3.000000000000000000e+00
8.788114831827592566e-01 3.000000000000000000e+00
8.914469397965726349e-01 3.000000000000000000e+00
8.973728192196923636e-01 3.000000000000000000e+00
9.171427959270376240e-01 3.000000000000000000e+00
9.641809355842356766e-01 3.000000000000000000e+00
1.037304835057597518e+00 3.000000000000000000e+00
1.057081833257144776e+00 3.000000000000000000e+00
1.070408109784908302e+00 3.000000000000000000e+00
1.138749201358868701e+00 3.000000000000000000e+00
1.148488768283606465e+00 3.000000000000000000e+00
1.163942285961476530e+00 3.000000000000000000e+00
1.169318689963821045e+00 3.000000000000000000e+00
1.183114221040912684e+00 3.000000000000000000e+00
1.291097295248684773e+00 3.000000000000000000e+00
1.326337054664928461e+00 3.000000000000000000e+00
1.344203997245230875e+00 3.000000000000000000e+00
1.403968714508809335e+00 3.000000000000000000e+00
1.457250953133443661e+00 3.000000000000000000e+00
1.457731146379954934e+00 3.000000000000000000e+00
1.580758841445667473e+00 3.000000000000000000e+00
1.584483347495620809e+00 3.000000000000000000e+00
1.639154284278177887e+00 3.000000000000000000e+00
1.694945714761369571e+00 3.000000000000000000e+00
1.753732765373710700e+00 3.000000000000000000e+00
1.877539911553889551e+00 3.000000000000000000e+00
1.877856701681277274e+00 3.000000000000000000e+00
1.993115905697244505e+00 3.000000000000000000e+00
2.158034676013183883e+00 3.000000000000000000e+00
2.177425559485550277e+00 3.000000000000000000e+00
2.274180674649005862e+00 3.000000000000000000e+00
2.459928502851714605e+00 3.000000000000000000e+00
2.703893337977878453e+00 3.000000000000000000e+00
-2.595442423597447590e+00 2.000000000000000000e+00
-2.512747357964649986e+00 2.000000000000000000e+00
-2.430598942566583709e+00 2.000000000000000000e+00
-2.352800542469883460e+00 2.000000000000000000e+00
-2.342990253494266817e+00 2.000000000000000000e+00
-2.286514146125599556e+00 2.000000000000000000e+00
-2.259898816621926265e+00 2.000000000000000000e+00
-2.169862648432498986e+00 2.000000000000000000e+00
-2.129115607400251964e+00 2.000000000000000000e+00
-2.097907160717259689e+00 2.000000000000000000e+00
-2.078978682022409430e+00 2.000000000000000000e+00
-2.037458749577118144e+00 2.000000000000000000e+00
-2.008901288491136583e+00 2.000000000000000000e+00
-1.950728884206364810e+00 2.000000000000000000e+00
-1.947328324955634127e+00 2.000000000000000000e+00
-1.881243948054969195e+00 2.000000000000000000e+00
-1.867415879429932479e+00 2.000000000000000000e+00
-1.810746184354598221e+00 2.000000000000000000e+00
-1.798411585881664276e+00 2.000000000000000000e+00
-1.796042926089994163e+00 2.000000000000000000e+00
-1.784727603711007804e+00 2.000000000000000000e+00
-1.699134712794266422e+00 2.000000000000000000e+00
-1.690918862590227834e+00 2.000000000000000000e+00
-1.653942185607981230e+00 2.000000000000000000e+00
-1.624463542681216399e+00 2.000000000000000000e+00
-1.615572389794728947e+00 2.000000000000000000e+00
-1.604801856141948813e+00 2.000000000000000000e+00
-1.581568304727188456e+00 2.000000000000000000e+00
-1.536550996669562519e+00 2.000000000000000000e+00
-1.535716443375167772e+00 2.000000000000000000e+00
-1.514262169457927465e+00 2.000000000000000000e+00
-1.503000828812770306e+00 2.000000000000000000e+00
-1.490689152727382449e+00 2.000000000000000000e+00
-1.457522507147118285e+00 2.000000000000000000e+00
-1.414236189337120475e+00 2.000000000000000000e+00
-1.381207658443688313e+00 2.000000000000000000e+00
-1.365416118765044429e+00 2.000000000000000000e+00
-1.350014918598598346e+00 2.000000000000000000e+00
-1.321727973003487433e+00 2.000000000000000000e+00
-1.308466416266032439e+00 2.000000000000000000e+00
-1.280843395734287515e+00 2.000000000000000000e+00
-1.268813389552964743e+00 2.000000000000000000e+00
-1.248629980641590809e+00 2.000000000000000000e+00
-1.244062324849610546e+00 2.000000000000000000e+00
-1.214385505181579950e+00 2.000000000000000000e+00
-1.191767798922694244e+00 2.000000000000000000e+00
-1.190218862164348357e+00 2.000000000000000000e+00
-1.138262486077351587e+00 2.000000000000000000e+00
-1.102600965106570685e+00 2.000000000000000000e+00
-1.099889275931675403e+00 2.000000000000000000e+00
-1.083257310849900179e+00 2.000000000000000000e+00
-1.058600333646525504e+00 2.000000000000000000e+00
-1.039082932257543224e+00 2.000000000000000000e+00
-1.034543499241189268e+00 2.000000000000000000e+00
-9.923809176014639633e-01 2.000000000000000000e+00
-9.739491919564077227e-01 2.000000000000000000e+00
-9.599910141458474211e-01 2.000000000000000000e+00
-9.431095646678764322e-01 2.000000000000000000e+00
-9.391807879534315173e-01 2.000000000000000000e+00
-9.309784288905190719e-01 2.000000000000000000e+00
-8.969550674108305310e-01 2.000000000000000000e+00
-8.901614936965924763e-01 2.000000000000000000e+00
-8.813899718215588708e-01 2.000000000000000000e+00
-8.485114929934771677e-01 2.000000000000000000e+00
-7.871630509283552568e-01 2.000000000000000000e+00
-7.826889420141324161e-01 2.000000000000000000e+00
-7.789763621915011260e-01 2.000000000000000000e+00
-7.763010091279102243e-01 2.000000000000000000e+00
-7.760169055624697165e-01 2.000000000000000000e+00
-7.499962713279862969e-01 2.000000000000000000e+00
-7.271589992835577609e-01 2.000000000000000000e+00
-6.905573386778980360e-01 2.000000000000000000e+00
-6.725496214145286755e-01 2.000000000000000000e+00
-6.690428483670083359e-01 2.000000000000000000e+00
-6.680898288647025840e-01 2.000000000000000000e+00
-6.609331872230522764e-01 2.000000000000000000e+00
-6.560356709826768995e-01 2.000000000000000000e+00
-6.246940193619163750e-01 2.000000000000000000e+00
-6.105147265783920085e-01 2.000000000000000000e+00
-5.903309124439940492e-01 2.000000000000000000e+00
-5.593895922409468646e-01 2.000000000000000000e+00
-5.502883059569131374e-01 2.000000000000000000e+00
-5.489198203411198573e-01 2.000000000000000000e+00
-5.245737138028231383e-01 2.000000000000000000e+00
-5.145931046941158993e-01 2.000000000000000000e+00
-5.063029323073056087e-01 2.000000000000000000e+00
-5.063009842329510013e-01 2.000000000000000000e+00
-4.918212179957546226e-01 2.000000000000000000e+00
-4.590502015824606263e-01 2.000000000000000000e+00
-4.427229760184189788e-01 2.000000000000000000e+00
-4.396370826934134501e-01 2.000000000000000000e+00
-3.917817762240415891e-01 2.000000000000000000e+00
-3.908448919537503286e-01 2.000000000000000000e+00
-3.855296463718635991e-01 2.000000000000000000e+00
-3.840209913799748631e-01 2.000000000000000000e+00
-3.771581114716290872e-01 2.000000000000000000e+00
-3.712873055917580434e-01 2.000000000000000000e+00
-3.610400674163411483e-01 2.000000000000000000e+00
-3.025000327545123713e-01 2.000000000000000000e+00
-2.974090972511032049e-01 2.000000000000000000e+00
-2.848770574810958189e-01 2.000000000000000000e+00
-2.819125269504623166e-01 2.000000000000000000e+00
-2.813714276698207062e-01 2.000000000000000000e+00
-2.734989302764534447e-01 2.000000000000000000e+00
-2.699237749186311208e-01 2.000000000000000000e+00
-2.683509814805529192e-01 2.000000000000000000e+00
-2.460751467374018009e-01 2.000000000000000000e+00
-2.422115157187772483e-01 2.000000000000000000e+00
-1.696696327819518235e-01 2.000000000000000000e+00
-1.646438203488653218e-01 2.000000000000000000e+00
-1.613369634994448187e-01 2.000000000000000000e+00
-1.499134970193405636e-01 2.000000000000000000e+00
-1.405953470449307907e-01 2.000000000000000000e+00
-1.389466676295652292e-01 2.000000000000000000e+00
-1.319254007062708178e-01 2.000000000000000000e+00
-1.111042452824153731e-01 2.000000000000000000e+00
-1.050225777730800641e-01 2.000000000000000000e+00
-1.038757501025731750e-01 2.000000000000000000e+00
-6.645681984664431052e-02 2.000000000000000000e+00
-6.241342425993042647e-02 2.000000000000000000e+00
-4.289086092391971444e-02 2.000000000000000000e+00
-3.815674118132271475e-02 2.000000000000000000e+00
-2.464126855889585410e-02 2.000000000000000000e+00
-2.198341531295417567e-02 2.000000000000000000e+00
7.888091195754898255e-03 2.000000000000000000e+00
9.740668531168675953e-03 2.000000000000000000e+00
3.390911803381642387e-02 2.000000000000000000e+00
3.553215247615805483e-02 2.000000000000000000e+00
4.527961866442271888e-02 2.000000000000000000e+00
9.709871421850724271e-02 2.000000000000000000e+00
1.193959012404286896e-01 2.000000000000000000e+00
1.241152723330697649e-01 2.000000000000000000e+00
1.420513554426003910e-01 2.000000000000000000e+00
1.502304051859509604e-01 2.000000000000000000e+00
1.532327095996292021e-01 2.000000000000000000e+00
1.536320524776152996e-01 2.000000000000000000e+00
1.578128929699865457e-01 2.000000000000000000e+00
1.617764262204487435e-01 2.000000000000000000e+00
1.834226125694665144e-01 2.000000000000000000e+00
1.970572127388968697e-01 2.000000000000000000e+00
2.359710157606711989e-01 2.000000000000000000e+00
2.552270288238386309e-01 2.000000000000000000e+00
2.585763419556262876e-01 2.000000000000000000e+00
2.613763084447194851e-01 2.000000000000000000e+00
2.704579080459330598e-01 2.000000000000000000e+00
2.766287751494994063e-01 2.000000000000000000e+00
2.856176214806861458e-01 2.000000000000000000e+00
3.001484707751477243e-01 2.000000000000000000e+00
3.347538824254261969e-01 2.000000000000000000e+00
3.897704830155063749e-01 2.000000000000000000e+00
3.968187718791578167e-01 2.000000000000000000e+00
4.026981839015763009e-01 2.000000000000000000e+00
4.037653199975007601e-01 2.000000000000000000e+00
4.108785173656710477e-01 2.000000000000000000e+00
4.143411092860569966e-01 2.000000000000000000e+00
4.349780360298983184e-01 2.000000000000000000e+00
4.478417757513701858e-01 2.000000000000000000e+00
4.518309411818478560e-01 2.000000000000000000e+00
4.720179918767121174e-01 2.000000000000000000e+00
4.988628644435378345e-01 2.000000000000000000e+00
5.224067285750587653e-01 2.000000000000000000e+00
5.268509068867013312e-01 2.000000000000000000e+00
5.442124292545962305e-01 2.000000000000000000e+00
5.565453205140614701e-01 2.000000000000000000e+00
5.658156806515572956e-01 2.000000000000000000e+00
5.681643947378157700e-01 2.000000000000000000e+00
5.727599844227985182e-01 2.000000000000000000e+00
5.917934396886168624e-01 2.000000000000000000e+00
5.927594306301186000e-01 2.000000000000000000e+00
6.804395426217617615e-01 2.000000000000000000e+00
6.817250774101218935e-01 2.000000000000000000e+00
6.859222150508037519e-01 2.000000000000000000e+00
7.011314861969910606e-01 2.000000000000000000e+00
7.016340234594071745e-01 2.000000000000000000e+00
7.034345405740268786e-01 2.000000000000000000e+00
7.118925642704808654e-01 2.000000000000000000e+00
7.220717740908096927e-01 2.000000000000000000e+00
7.336567903147143133e-01 2.000000000000000000e+00
7.553738514162399165e-01 2.000000000000000000e+00
8.116144887025614763e-01 2.000000000000000000e+00
8.219963074909047984e-01 2.000000000000000000e+00
8.282195480002598753e-01 2.000000000000000000e+00
8.531991196946585587e-01 2.000000000000000000e+00
8.616465955418847189e-01 2.000000000000000000e+00
8.645871213221065776e-01 2.000000000000000000e+00
8.701780048679034207e-01 2.000000000000000000e+00
9.129783178291724921e-01 2.000000000000000000e+00
9.312513746516801749e-01 2.000000000000000000e+00
9.471433326598766023e-01 2.000000000000000000e+00
9.563657731411052687e-01 2.000000000000000000e+00
9.700370186126844319e-01 2.000000000000000000e+00
9.749000314520026578e-01 2.000000000000000000e+00
9.769951636837850284e-01 2.000000000000000000e+00
1.017476540441581312e+00 2.000000000000000000e+00
1.026001339163238324e+00 2.000000000000000000e+00
1.032691036423867725e+00 2.000000000000000000e+00
1.036964411770555206e+00 2.000000000000000000e+00
1.041835215078754651e+00 2.000000000000000000e+00
1.099375207545734590e+00 2.000000000000000000e+00
1.132047774648794247e+00 2.000000000000000000e+00
1.137572550352395240e+00 2.000000000000000000e+00
1.151997237693544340e+00 2.000000000000000000e+00
1.152506422862222379e+00 2.000000000000000000e+00
1.154082827480890083e+00 2.000000000000000000e+00
1.188138966653779383e+00 2.000000000000000000e+00
1.209120688933343013e+00 2.000000000000000000e+00
1.212404109439030764e+00 2.000000000000000000e+00
1.218753407990976090e+00 2.000000000000000000e+00
1.247392457122770582e+00 2.000000000000000000e+00
1.251637399697784314e+00 2.000000000000000000e+00
1.266572531328915341e+00 2.000000000000000000e+00
1.278644041418060207e+00 2.000000000000000000e+00
1.329345210828413837e+00 2.000000000000000000e+00
1.337159326565754203e+00 2.000000000000000000e+00
1.373752043952850110e+00 2.000000000000000000e+00
1.375551486013136371e+00 2.000000000000000000e+00
1.393265396541678580e+00 2.000000000000000000e+00
1.394797533687909263e+00 2.000000000000000000e+00
1.430695619814780439e+00 2.000000000000000000e+00
1.461506748917148046e+00 2.000000000000000000e+00
1.465840885424951390e+00 2.000000000000000000e+00
1.470680446090591342e+00 2.000000000000000000e+00
1.490268790403356025e+00 2.000000000000000000e+00
1.490655265976105648e+00 2.000000000000000000e+00
1.546118663532204174e+00 2.000000000000000000e+00
1.546305294868077107e+00 2.000000000000000000e+00
1.580726136382398561e+00 2.000000000000000000e+00
1.582207171516370359e+00 2.000000000000000000e+00
1.606132608413608720e+00 2.000000000000000000e+00
1.657708963067613395e+00 2.000000000000000000e+00
1.671350571838222443e+00 2.000000000000000000e+00
1.673782608515206549e+00 2.000000000000000000e+00
1.731316560755018941e+00 2.000000000000000000e+00
1.735144576879517508e+00 2.000000000000000000e+00
1.774272238736198881e+00 2.000000000000000000e+00
1.775504846995104469e+00 2.000000000000000000e+00
1.775534200808653429e+00 2.000000000000000000e+00
1.787453419968896506e+00 2.000000000000000000e+00
1.847833607010778811e+00 2.000000000000000000e+00
1.903202419805038348e+00 2.000000000000000000e+00
1.941418339130564163e+00 2.000000000000000000e+00
1.963130273941095627e+00 2.000000000000000000e+00
1.973159411704218158e+00 2.000000000000000000e+00
1.974208463977701999e+00 2.000000000000000000e+00
2.021710110227688428e+00 2.000000000000000000e+00
2.067055777550289797e+00 2.000000000000000000e+00
2.082096941284983682e+00 2.000000000000000000e+00
2.091427980653756791e+00 2.000000000000000000e+00
2.211024425023946360e+00 2.000000000000000000e+00
2.211253251383126894e+00 2.000000000000000000e+00
2.258567419429215128e+00 2.000000000000000000e+00
2.259535585468533725e+00 2.000000000000000000e+00
2.278921722017585250e+00 2.000000000000000000e+00
2.330727667579409079e+00 2.000000000000000000e+00
2.377673898213978454e+00 2.000000000000000000e+00
2.379251050948661295e+00 2.000000000000000000e+00
2.502049860241438495e+00 2.000000000000000000e+00
2.509858634183461223e+00 2.000000000000000000e+00
2.522187253184877687e+00 2.000000000000000000e+00
2.566659119954930901e+00 2.000000000000000000e+00
2.622723472942496414e+00 2.000000000000000000e+00
2.631316157338966732e+00 2.000000000000000000e+00
2.804623877337222737e+00 2.000000000000000000e+00
2.815000945499719798e+00 2.000000000000000000e+00
2.815760574499011515e+00 2.000000000000000000e+00
2.825559515647091402e+00 2.000000000000000000e+00
2.927108292667991218e+00 2.000000000000000000e+00
3.069403825443070666e+00 2.000000000000000000e+00
3.121490820540297140e+00 2.000000000000000000e+00
3.123023285352668932e+00 2.000000000000000000e+00
3.245357919813251169e+00 2.000000000000000000e+00
3.380390326300477977e+00 2.000000000000000000e+00
3.443495778123709439e+00 2.000000000000000000e+00
3.703810002025081705e+00 2.000000000000000000e+00
4.009912795647335493e+00 2.000000000000000000e+00
-2.546565801715255706e+00 1.000000000000000000e+00
-2.471752916039642756e+00 1.000000000000000000e+00
-2.403046419558153790e+00 1.000000000000000000e+00
-2.297709443717371514e+00 1.000000000000000000e+00
-2.223126407899524537e+00 1.000000000000000000e+00
-2.154297608723449553e+00 1.000000000000000000e+00
-2.081071153391381490e+00 1.000000000000000000e+00
-2.049811640145789760e+00 1.000000000000000000e+00
-2.002352828990546119e+00 1.000000000000000000e+00
-1.970345000792060652e+00 1.000000000000000000e+00
-1.933565646269386429e+00 1.000000000000000000e+00
-1.892826982303657202e+00 1.000000000000000000e+00
-1.879167890687488907e+00 1.000000000000000000e+00
-1.830133932827702870e+00 1.000000000000000000e+00
-1.771016428155264277e+00 1.000000000000000000e+00
-1.746702804733091918e+00 1.000000000000000000e+00
-1.732753460865040340e+00 1.000000000000000000e+00
-1.699059441707229334e+00 1.000000000000000000e+00
-1.673808108195208977e+00 1.000000000000000000e+00
-1.613722784373936792e+00 1.000000000000000000e+00
-1.599551631320412115e+00 1.000000000000000000e+00
-1.561300255833294903e+00 1.000000000000000000e+00
-1.540519287880650179e+00 1.000000000000000000e+00
-1.534027574783110248e+00 1.000000000000000000e+00
-1.504314441720269624e+00 1.000000000000000000e+00
-1.472913219399243134e+00 1.000000000000000000e+00
-1.469556123662492109e+00 1.000000000000000000e+00
-1.469063633261468160e+00 1.000000000000000000e+00
-1.401873429995932563e+00 1.000000000000000000e+00
-1.394933249483547355e+00 1.000000000000000000e+00
-1.382121111191705110e+00 1.000000000000000000e+00
-1.339418901223251579e+00 1.000000000000000000e+00
-1.310850738841668806e+00 1.000000000000000000e+00
-1.292641637980707525e+00 1.000000000000000000e+00
-1.262458337701696909e+00 1.000000000000000000e+00
-1.237433558859762028e+00 1.000000000000000000e+00
-1.199381112664082094e+00 1.000000000000000000e+00
-1.187597540306694066e+00 1.000000000000000000e+00
-1.181235532899931329e+00 1.000000000000000000e+00
-1.116121310904581110e+00 1.000000000000000000e+00
-1.108286590956808038e+00 1.000000000000000000e+00
-1.101371220010365137e+00 1.000000000000000000e+00
-1.042365175311006809e+00 1.000000000000000000e+00
-1.037758601972126771e+00 1.000000000000000000e+00
-1.007355834217983581e+00 1.000000000000000000e+00
-9.960187263581773420e-01 1.000000000000000000e+00
-9.839924376410515983e-01 1.000000000000000000e+00
-9.446076292662687335e-01 1.000000000000000000e+00
-9.410277166532712290e-01 1.000000000000000000e+00
-9.163041457261410505e-01 1.000000000000000000e+00
-8.942945656826537526e-01 1.000000000000000000e+00
-8.781513251396162456e-01 1.000000000000000000e+00
-8.563692575169657983e-01 1.000000000000000000e+00
-8.490163073368375279e-01 1.000000000000000000e+00
-8.274797977706574992e-01 1.000000000000000000e+00
-8.137149677817396842e-01 1.000000000000000000e+00
-7.946859435234241431e-01 1.000000000000000000e+00
-7.738749543315804891e-01 1.000000000000000000e+00
-7.265446173810937713e-01 1.000000000000000000e+00
-7.258817582904333321e-01 1.000000000000000000e+00
-7.244046775624419787e-01 1.000000000000000000e+00
-7.052263525064376148e-01 1.000000000000000000e+00
-6.941066675507370221e-01 1.000000000000000000e+00
-6.626055911921479025e-01 1.000000000000000000e+00
-6.333502626285760773e-01 1.000000000000000000e+00
-6.274184250146030983e-01 1.000000000000000000e+00
-6.271957231441426250e-01 1.000000000000000000e+00
-6.142680430647101675e-01 1.000000000000000000e+00
-5.648144070946361506e-01 1.000000000000000000e+00
-5.589657197497793772e-01 1.000000000000000000e+00
-5.580697843713069428e-01 1.000000000000000000e+00
-5.505640345116243894e-01 1.000000000000000000e+00
-5.391347995339306198e-01 1.000000000000000000e+00
-5.014589265959833453e-01 1.000000000000000000e+00
-4.796213241919466963e-01 1.000000000000000000e+00
-4.641163222567399882e-01 1.000000000000000000e+00
-4.634815220678290548e-01 1.000000000000000000e+00
-4.622385301978031436e-01 1.000000000000000000e+00
-4.525862845645307053e-01 1.000000000000000000e+00
-4.445532450877310304e-01 1.000000000000000000e+00
-4.174146589331624302e-01 1.000000000000000000e+00
-3.984715986788527342e-01 1.000000000000000000e+00
-3.737315597785224042e-01 1.000000000000000000e+00
-3.574619413016653646e-01 1.000000000000000000e+00
-3.546792299973819396e-01 1.000000000000000000e+00
-3.360472086073611475e-01 1.000000000000000000e+00
-3.303751159273716209e-01 1.000000000000000000e+00
-3.033874057832302018e-01 1.000000000000000000e+00
-2.823637521053382615e-01 1.000000000000000000e+00
-2.741154865752190584e-01 1.000000000000000000e+00
-2.718928731401156207e-01 1.000000000000000000e+00
-2.510312422521035480e-01 1.000000000000000000e+00
-2.384482204059578669e-01 1.000000000000000000e+00
-2.228867446751410519e-01 1.000000000000000000e+00
-2.228238294944958064e-01 1.000000000000000000e+00
-1.813031136852199798e-01 1.000000000000000000e+00
-1.799112454726877197e-01 1.000000000000000000e+00
-1.797020209123481871e-01 1.000000000000000000e+00
-1.257456151035248604e-01 1.000000000000000000e+00
-1.225328508094667562e-01 1.000000000000000000e+00
-1.125400646907520896e-01 1.000000000000000000e+00
-1.107096995726622596e-01 1.000000000000000000e+00
-7.380561465624083106e-02 1.000000000000000000e+00
-7.055251853308784626e-02 1.000000000000000000e+00
-6.516027185701418756e-02 1.000000000000000000e+00
-6.394834140227045882e-02 1.000000000000000000e+00
-3.247277638274853606e-02 1.000000000000000000e+00
-2.668954419458152705e-02 1.000000000000000000e+00
-8.860924429441268194e-03 1.000000000000000000e+00
-6.856324296832910260e-03 1.000000000000000000e+00
-6.301681767471870510e-04 1.000000000000000000e+00
2.853673129791716237e-02 1.000000000000000000e+00
3.035072551371624863e-02 1.000000000000000000e+00
4.381464516529885028e-02 1.000000000000000000e+00
4.787448020403262117e-02 1.000000000000000000e+00
5.208771463975435390e-02 1.000000000000000000e+00
6.669434946608314430e-02 1.000000000000000000e+00
8.026231323760604774e-02 1.000000000000000000e+00
1.068280600428435506e-01 1.000000000000000000e+00
1.127970521092385159e-01 1.000000000000000000e+00
1.512505551185579777e-01 1.000000000000000000e+00
1.620205129357876195e-01 1.000000000000000000e+00
1.638879477585676314e-01 1.000000000000000000e+00
1.700016733210694131e-01 1.000000000000000000e+00
1.796662518415247933e-01 1.000000000000000000e+00
2.066160307495742976e-01 1.000000000000000000e+00
2.208533846061012940e-01 1.000000000000000000e+00
2.228818906530105060e-01 1.000000000000000000e+00
2.314315156261721185e-01 1.000000000000000000e+00
2.667409439177603758e-01 1.000000000000000000e+00
2.723084680092016097e-01 1.000000000000000000e+00
2.802037798928995738e-01 1.000000000000000000e+00
2.802516783544056200e-01 1.000000000000000000e+00
2.915777090245931236e-01 1.000000000000000000e+00
2.964923703908593500e-01 1.000000000000000000e+00
3.329701940517776904e-01 1.000000000000000000e+00
3.359138208162770756e-01 1.000000000000000000e+00
3.364364719227076472e-01 1.000000000000000000e+00
3.496417686542612757e-01 1.000000000000000000e+00
3.725969565829356789e-01 1.000000000000000000e+00
3.772830431908124615e-01 1.000000000000000000e+00
4.058493240651025458e-01 1.000000000000000000e+00
4.448210660563171603e-01 1.000000000000000000e+00
4.580546349714011423e-01 1.000000000000000000e+00
4.626101405141089251e-01 1.000000000000000000e+00
4.672511836956574904e-01 1.000000000000000000e+00
4.933991292357891023e-01 1.000000000000000000e+00
5.018755735705510146e-01 1.000000000000000000e+00
5.023008518835675451e-01 1.000000000000000000e+00
5.074594961155507455e-01 1.000000000000000000e+00
5.128874100043403494e-01 1.000000000000000000e+00
5.445614984951473447e-01 1.000000000000000000e+00
5.748419597223950461e-01 1.000000000000000000e+00
5.799566333874947022e-01 1.000000000000000000e+00
6.065268858532678609e-01 1.000000000000000000e+00
6.192632856585874590e-01 1.000000000000000000e+00
6.238996732531933986e-01 1.000000000000000000e+00
6.277249098085374568e-01 1.000000000000000000e+00
6.306887703926644662e-01 1.000000000000000000e+00
6.464147833884597016e-01 1.000000000000000000e+00
6.483773749668106934e-01 1.000000000000000000e+00
7.075389445913163877e-01 1.000000000000000000e+00
7.161891660016009853e-01 1.000000000000000000e+00
7.374654805013725056e-01 1.000000000000000000e+00
7.427496274074822935e-01 1.000000000000000000e+00
7.449219538260780649e-01 1.000000000000000000e+00
7.474475546122139047e-01 1.000000000000000000e+00
7.622986392213976226e-01 1.000000000000000000e+00
7.673237085893994669e-01 1.000000000000000000e+00
7.842019363008472244e-01 1.000000000000000000e+00
8.099855371661250913e-01 1.000000000000000000e+00
8.497749671690096873e-01 1.000000000000000000e+00
8.529259416302542585e-01 1.000000000000000000e+00
8.583729499068099011e-01 1.000000000000000000e+00
8.675423454884059193e-01 1.000000000000000000e+00
8.728023158760941369e-01 1.000000000000000000e+00
8.851411237281049393e-01 1.000000000000000000e+00
8.959870550028421476e-01 1.000000000000000000e+00
9.273086095253701977e-01 1.000000000000000000e+00
9.318099730606486109e-01 1.000000000000000000e+00
9.457661944172363055e-01 1.000000000000000000e+00
9.792976295771261830e-01 1.000000000000000000e+00
9.824688443866905763e-01 1.000000000000000000e+00
1.006833530288993250e+00 1.000000000000000000e+00
1.017717401782324060e+00 1.000000000000000000e+00
1.029895197113748662e+00 1.000000000000000000e+00
1.042026655342761732e+00 1.000000000000000000e+00
1.047781276285637331e+00 1.000000000000000000e+00
1.052140672130916776e+00 1.000000000000000000e+00
1.056234508179022313e+00 1.000000000000000000e+00
1.066359492318932345e+00 1.000000000000000000e+00
1.130126296236621197e+00 1.000000000000000000e+00
1.167147999090105692e+00 1.000000000000000000e+00
1.172745420585989296e+00 1.000000000000000000e+00
1.174888073375836894e+00 1.000000000000000000e+00
1.187494420695454300e+00 1.000000000000000000e+00
1.187762566348082416e+00 1.000000000000000000e+00
1.200175477463069296e+00 1.000000000000000000e+00
1.215534328205746251e+00 1.000000000000000000e+00
1.238372847843664859e+00 1.000000000000000000e+00
1.282509398978942894e+00 1.000000000000000000e+00
1.283517187402456017e+00 1.000000000000000000e+00
1.297734224435922679e+00 1.000000000000000000e+00
1.304499771997732704e+00 1.000000000000000000e+00
1.310008096400603117e+00 1.000000000000000000e+00
1.317974077040763969e+00 1.000000000000000000e+00
1.332316456426067219e+00 1.000000000000000000e+00
1.336750804125246717e+00 1.000000000000000000e+00
1.355583842168958553e+00 1.000000000000000000e+00
1.367074794859747477e+00 1.000000000000000000e+00
1.394704304410545159e+00 1.000000000000000000e+00
1.423825130258293603e+00 1.000000000000000000e+00
1.459589126418544991e+00 1.000000000000000000e+00
1.467171476846679701e+00 1.000000000000000000e+00
1.489023164904246244e+00 1.000000000000000000e+00
1.494934812403807545e+00 1.000000000000000000e+00
1.500826475436955798e+00 1.000000000000000000e+00
1.506859258240862198e+00 1.000000000000000000e+00
1.516831366848838680e+00 1.000000000000000000e+00
1.524349203663676766e+00 1.000000000000000000e+00
1.577029886780255019e+00 1.000000000000000000e+00
1.608396661208892242e+00 1.000000000000000000e+00
1.614892711144582105e+00 1.000000000000000000e+00
1.623066871050051763e+00 1.000000000000000000e+00
1.627241974820449188e+00 1.000000000000000000e+00
1.637821696107924829e+00 1.000000000000000000e+00
1.642424924654626084e+00 1.000000000000000000e+00
1.644583494006147228e+00 1.000000000000000000e+00
1.696255358447803507e+00 1.000000000000000000e+00
1.745539534860089281e+00 1.000000000000000000e+00
1.764997700447953344e+00 1.000000000000000000e+00
1.770849879371228619e+00 1.000000000000000000e+00
1.781563897638766880e+00 1.000000000000000000e+00
1.819011380553134494e+00 1.000000000000000000e+00
1.820543623724738103e+00 1.000000000000000000e+00
1.830054710017643416e+00 1.000000000000000000e+00
1.833921285867626150e+00 1.000000000000000000e+00
1.889621285396136940e+00 1.000000000000000000e+00
1.912751735955843468e+00 1.000000000000000000e+00
1.941724534354105858e+00 1.000000000000000000e+00
1.953115428128207043e+00 1.000000000000000000e+00
1.953206453496771244e+00 1.000000000000000000e+00
1.953526417651149316e+00 1.000000000000000000e+00
1.956699586403075619e+00 1.000000000000000000e+00
2.026468744136535882e+00 1.000000000000000000e+00
2.076878306165945709e+00 1.000000000000000000e+00
2.079678111928199957e+00 1.000000000000000000e+00
2.082692762472990733e+00 1.000000000000000000e+00
2.099532256017142995e+00 1.000000000000000000e+00
2.122666802759025195e+00 1.000000000000000000e+00
2.149953588804540239e+00 1.000000000000000000e+00
2.170130876210995652e+00 1.000000000000000000e+00
2.190699317925830059e+00 1.000000000000000000e+00
2.202608527664230653e+00 1.000000000000000000e+00
2.232314342821418940e+00 1.000000000000000000e+00
2.274415044216664405e+00 1.000000000000000000e+00
2.284877876305595024e+00 1.000000000000000000e+00
2.303441146602509093e+00 1.000000000000000000e+00
2.375376045618266208e+00 1.000000000000000000e+00
2.387227121529896579e+00 1.000000000000000000e+00
2.394495817471857357e+00 1.000000000000000000e+00
2.409031526002737511e+00 1.000000000000000000e+00
2.444877334050617801e+00 1.000000000000000000e+00
2.451073927672483332e+00 1.000000000000000000e+00
2.496237906587350786e+00 1.000000000000000000e+00
2.511032866730428026e+00 1.000000000000000000e+00
2.584407513233307530e+00 1.000000000000000000e+00
2.589702343464046930e+00 1.000000000000000000e+00
2.607809928511622299e+00 1.000000000000000000e+00
2.645286416072062607e+00 1.000000000000000000e+00
2.689661295885390047e+00 1.000000000000000000e+00
2.714715642617672398e+00 1.000000000000000000e+00
2.769896281980745112e+00 1.000000000000000000e+00
2.782547488128509716e+00 1.000000000000000000e+00
2.797918831250048921e+00 1.000000000000000000e+00
2.914878413282232295e+00 1.000000000000000000e+00
2.915928365170014303e+00 1.000000000000000000e+00
2.944039889381317998e+00 1.000000000000000000e+00
2.948388682009489781e+00 1.000000000000000000e+00
2.969261150485688727e+00 1.000000000000000000e+00
3.074072817815692193e+00 1.000000000000000000e+00
3.129524476845750414e+00 1.000000000000000000e+00
3.178364752725017617e+00 1.000000000000000000e+00
3.274897499268373480e+00 1.000000000000000000e+00
3.275188854690766149e+00 1.000000000000000000e+00
3.402058343754009950e+00 1.000000000000000000e+00
3.410746511822137172e+00 1.000000000000000000e+00
3.539597311896502507e+00 1.000000000000000000e+00
3.580792602919081524e+00 1.000000000000000000e+00
3.605552375633492179e+00 1.000000000000000000e+00
3.710636559237112664e+00 1.000000000000000000e+00
3.873124930237126673e+00 1.000000000000000000e+00
3.918424560914141708e+00 1.000000000000000000e+00
4.188262718397766982e+00 1.000000000000000000e+00
4.191629523190717244e+00 1.000000000000000000e+00
4.513290950278152636e+00 1.000000000000000000e+00
4.861147937036387923e+00 1.000000000000000000e+00
-2.491048249119412805e+00 0.000000000000000000e+00
-2.246028675338962888e+00 0.000000000000000000e+00
-2.026719860272719220e+00 0.000000000000000000e+00
-2.000882967376154120e+00 0.000000000000000000e+00
-1.814072530028869812e+00 0.000000000000000000e+00
-1.772302869457800689e+00 0.000000000000000000e+00
-1.757471551834914436e+00 0.000000000000000000e+00
-1.646562296324759256e+00 0.000000000000000000e+00
-1.515252246823182158e+00 0.000000000000000000e+00
-1.499680426290134427e+00 0.000000000000000000e+00
-1.494691808701811064e+00 0.000000000000000000e+00
-1.427571346155956711e+00 0.000000000000000000e+00
-1.264829242710001189e+00 0.000000000000000000e+00
-1.227238814619462604e+00 0.000000000000000000e+00
-1.211186085053877814e+00 0.000000000000000000e+00
-1.100272829448997403e+00 0.000000000000000000e+00
-9.983593822304616117e-01 0.000000000000000000e+00
-9.734464315510811261e-01 0.000000000000000000e+00
-9.517681004779664500e-01 0.000000000000000000e+00
-9.466915140994539568e-01 0.000000000000000000e+00
-9.272937044014120112e-01 0.000000000000000000e+00
-7.765279771040578538e-01 0.000000000000000000e+00
-7.555474531419568152e-01 0.000000000000000000e+00
-6.799435739858359362e-01 0.000000000000000000e+00
-6.649268831865486895e-01 0.000000000000000000e+00
-6.627129926102496293e-01 0.000000000000000000e+00
-6.414595703241295910e-01 0.000000000000000000e+00
-5.883634940657788137e-01 0.000000000000000000e+00
-5.776792180829871670e-01 0.000000000000000000e+00
-4.832726098308783302e-01 0.000000000000000000e+00
-4.494572299255166770e-01 0.000000000000000000e+00
-4.355230973696009311e-01 0.000000000000000000e+00
-3.969757316775148204e-01 0.000000000000000000e+00
-3.764305942455262177e-01 0.000000000000000000e+00
-3.592700384951422188e-01 0.000000000000000000e+00
-3.513477676199353028e-01 0.000000000000000000e+00
-2.612035676757371028e-01 0.000000000000000000e+00
-1.666431802256395645e-01 0.000000000000000000e+00
-1.516257104538000777e-01 0.000000000000000000e+00
-1.510749595175624460e-01 0.000000000000000000e+00
-1.176706707001083096e-01 0.000000000000000000e+00
-1.060106689770516780e-01 0.000000000000000000e+00
-4.089839119833951070e-02 0.000000000000000000e+00
-3.175415883702257386e-02 0.000000000000000000e+00
1.018617363525615646e-02 0.000000000000000000e+00
6.743352260170805412e-02 0.000000000000000000e+00
1.015961356299224239e-01 0.000000000000000000e+00
1.213738945718681461e-01 0.000000000000000000e+00
1.266410873748346766e-01 0.000000000000000000e+00
1.617101642580801024e-01 0.000000000000000000e+00
1.837036600806117859e-01 0.000000000000000000e+00
1.874075449399301985e-01 0.000000000000000000e+00
2.269309612975819179e-01 0.000000000000000000e+00
2.549803428221179002e-01 0.000000000000000000e+00
2.940945314144761125e-01 0.000000000000000000e+00
3.053386185125518959e-01 0.000000000000000000e+00
4.146803172284383998e-01 0.000000000000000000e+00
4.177313557894096752e-01 0.000000000000000000e+00
4.219944481389125146e-01 0.000000000000000000e+00
4.322107007587854266e-01 0.000000000000000000e+00
4.990878805924019446e-01 0.000000000000000000e+00
5.014725746991286481e-01 0.000000000000000000e+00
5.609444913195078541e-01 0.000000000000000000e+00
5.665839164417199036e-01 0.000000000000000000e+00
6.022207881820621500e-01 0.000000000000000000e+00
6.906328743775710377e-01 0.000000000000000000e+00
6.981852608164739182e-01 0.000000000000000000e+00
7.155908405358757385e-01 0.000000000000000000e+00
7.832849488203084132e-01 0.000000000000000000e+00
8.095441626672749136e-01 0.000000000000000000e+00
8.152670193383553254e-01 0.000000000000000000e+00
8.726322812720197497e-01 0.000000000000000000e+00
8.791509618383855917e-01 0.000000000000000000e+00
8.796973889363659538e-01 0.000000000000000000e+00
9.938785328040422584e-01 0.000000000000000000e+00
9.988418478673277701e-01 0.000000000000000000e+00
1.006096988673191861e+00 0.000000000000000000e+00
1.108495334036107227e+00 0.000000000000000000e+00
1.118384721339404697e+00 0.000000000000000000e+00
1.126063749483690701e+00 0.000000000000000000e+00
1.131097012782136035e+00 0.000000000000000000e+00
1.133364219494577885e+00 0.000000000000000000e+00
1.156004004676435271e+00 0.000000000000000000e+00
1.233218158811223875e+00 0.000000000000000000e+00
1.300638562135447485e+00 0.000000000000000000e+00
1.324371769377816532e+00 0.000000000000000000e+00
1.371191576002601664e+00 0.000000000000000000e+00
1.417037228576089936e+00 0.000000000000000000e+00
1.421438438621027478e+00 0.000000000000000000e+00
1.428170694690004572e+00 0.000000000000000000e+00
1.445874377130986543e+00 0.000000000000000000e+00
1.491164094443524046e+00 0.000000000000000000e+00
1.505528701611664966e+00 0.000000000000000000e+00
1.553502601223543111e+00 0.000000000000000000e+00
1.622713843249637300e+00 0.000000000000000000e+00
1.674977214413325699e+00 0.000000000000000000e+00
1.706452728580322598e+00 0.000000000000000000e+00
1.745036736581831560e+00 0.000000000000000000e+00
1.751828514575851869e+00 0.000000000000000000e+00
1.840825364657612262e+00 0.000000000000000000e+00
1.869505811529142303e+00 0.000000000000000000e+00
1.878694000127858255e+00 0.000000000000000000e+00
1.947943547600834657e+00 0.000000000000000000e+00
1.990147442813527956e+00 0.000000000000000000e+00
2.001703134612550894e+00 0.000000000000000000e+00
2.071305747517588003e+00 0.000000000000000000e+00
2.124506809822195752e+00 0.000000000000000000e+00
2.198671730154569737e+00 0.000000000000000000e+00
2.205936932369954917e+00 0.000000000000000000e+00
2.226664310691861104e+00 0.000000000000000000e+00
2.330027633987651559e+00 0.000000000000000000e+00
2.339748857652174330e+00 0.000000000000000000e+00
2.443143073063822168e+00 0.000000000000000000e+00
2.510204410857454160e+00 0.000000000000000000e+00
2.528716514483975164e+00 0.000000000000000000e+00
2.578058903165981075e+00 0.000000000000000000e+00
2.635248211231309146e+00 0.000000000000000000e+00
2.728692372436959612e+00 0.000000000000000000e+00
2.835482941872496276e+00 0.000000000000000000e+00
2.863450168994642997e+00 0.000000000000000000e+00
3.067424195964165712e+00 0.000000000000000000e+00
3.079380089936409881e+00 0.000000000000000000e+00
3.099121244007482900e+00 0.000000000000000000e+00
3.201910367910254074e+00 0.000000000000000000e+00
3.417371751851512762e+00 0.000000000000000000e+00
3.443620211356842820e+00 0.000000000000000000e+00
3.577430053917892927e+00 0.000000000000000000e+00
3.701339711595063253e+00 0.000000000000000000e+00
3.791752107955191242e+00 0.000000000000000000e+00
4.074062511586776125e+00 0.000000000000000000e+00
4.407829172928424910e+00 0.000000000000000000e+00
5.142090632840533360e+00 0.000000000000000000e+00
