# Runtime: 10.626279354095459
-1.750000000000000666e+00 4.000000000000000000e+00
-1.673879532511287183e+00 3.000000000000000000e+00
-1.457106781186548572e+00 3.000000000000000000e+00
-1.132683432365090281e+00 3.000000000000000000e+00
-7.500000000000001110e-01 3.000000000000000000e+00
-3.673165676349103292e-01 3.000000000000000000e+00
-4.289321881345239257e-02 3.000000000000000000e+00
1.738795325112869605e-01 3.000000000000000000e+00
-1.589352980356303124e+00 2.000000000000000000e+00
-1.393340970997794193e+00 2.000000000000000000e+00
-1.186319309040965830e+00 2.000000000000000000e+00
-1.039326001336094540e+00 2.000000000000000000e+00
-9.762863420279477289e-01 2.000000000000000000e+00
-8.145090578536421377e-01 2.000000000000000000e+00
-6.467907175468777803e-01 2.000000000000000000e+00
-3.553158362147753047e-01 2.000000000000000000e+00
-2.542303686817588004e-01 2.000000000000000000e+00
4.799743359366803741e-02 2.000000000000000000e+00
7.856615321784045369e-02 2.000000000000000000e+00
3.009332445701173864e-01 2.000000000000000000e+00
3.917028140323219887e-01 2.000000000000000000e+00
4.510668951708413643e-01 2.000000000000000000e+00
6.217680694286127352e-01 2.000000000000000000e+00
8.024200142248554268e-01 2.000000000000000000e+00
1.038104118857873237e+00 2.000000000000000000e+00
1.225632981039928016e+00 2.000000000000000000e+00
1.465666360107644284e+00 2.000000000000000000e+00
1.831613499812460466e+00 2.000000000000000000e+00
-1.493698867684957632e+00 1.000000000000000000e+00
-1.323428726204932682e+00 1.000000000000000000e+00
-1.170467905013840015e+00 1.000000000000000000e+00
-9.509198248595009950e-01 1.000000000000000000e+00
-7.771249998848376306e-01 1.000000000000000000e+00
-5.994964256889520060e-01 1.000000000000000000e+00
-5.353510855162608717e-01 1.000000000000000000e+00
-3.208236960936440285e-01 1.000000000000000000e+00
-1.680549531245151551e-01 1.000000000000000000e+00
-1.276942197818922708e-01 1.000000000000000000e+00
1.202577515149485243e-01 1.000000000000000000e+00
2.170347951869517900e-01 1.000000000000000000e+00
3.167534601207931955e-01 1.000000000000000000e+00
4.472033528351527787e-01 1.000000000000000000e+00
4.859939634067405589e-01 1.000000000000000000e+00
6.166418525807203510e-01 1.000000000000000000e+00
7.274501485811235568e-01 1.000000000000000000e+00
7.291853581518439320e-01 1.000000000000000000e+00
9.827626573515916286e-01 1.000000000000000000e+00
9.966916220262580506e-01 1.000000000000000000e+00
1.228273981543996252e+00 1.000000000000000000e+00
1.424415260802496253e+00 1.000000000000000000e+00
1.674706366438169391e+00 1.000000000000000000e+00
1.848833618128112644e+00 1.000000000000000000e+00
2.056757601771840971e+00 1.000000000000000000e+00
2.108129356271906119e+00 1.000000000000000000e+00
2.503729069377814920e+00 1.000000000000000000e+00
2.982240487762887415e+00 1.000000000000000000e+00
-1.382514391158105704e+00 0.000000000000000000e+00
-8.538472292061567437e-01 0.000000000000000000e+00
-4.172071091694887768e-01 0.000000000000000000e+00
-3.478411343932708011e-01 0.000000000000000000e+00
1.553510249389524617e-02 0.000000000000000000e+00
3.790181078486373201e-01 0.000000000000000000e+00
6.212884876624367170e-01 0.000000000000000000e+00
6.984271964817380107e-01 0.000000000000000000e+00
1.120981892151363679e+00 0.000000000000000000e+00
1.395010874613838325e+00 0.000000000000000000e+00
1.645204630322166794e+00 0.000000000000000000e+00
1.917207109169490664e+00 0.000000000000000000e+00
2.333803864495569425e+00 0.000000000000000000e+00
3.374932598687891527e+00 0.000000000000000000e+00
