# Runtime: 13.323100566864014
-2.250000000000000888e+00 5.000000000000000000e+00
-2.201056516295155419e+00 4.000000000000000000e+00
-2.059016994374949228e+00 4.000000000000000000e+00
-1.837785252292474691e+00 4.000000000000000000e+00
-1.559016994374947895e+00 4.000000000000000000e+00
-1.250000000000001110e+00 4.000000000000000000e+00
-9.409830056250533259e-01 4.000000000000000000e+00
-6.622147477075274180e-01 4.000000000000000000e+00
-4.409830056250531038e-01 4.000000000000000000e+00
-2.989434837048466909e-01 4.000000000000000000e+00
-2.147643338723081552e+00 3.000000000000000000e+00
-2.015010960203925006e+00 3.000000000000000000e+00
-1.870153274069992433e+00 3.000000000000000000e+00
-1.784014393733353909e+00 3.000000000000000000e+00
-1.699341065579031529e+00 3.000000000000000000e+00
-1.533170529191145715e+00 3.000000000000000000e+00
-1.501396407059286009e+00 3.000000000000000000e+00
-1.388837419562930053e+00 3.000000000000000000e+00
-1.325255766720085715e+00 3.000000000000000000e+00
-1.287406624845269576e+00 3.000000000000000000e+00
-1.188278804683285728e+00 3.000000000000000000e+00
-1.007425002846670914e+00 3.000000000000000000e+00
-8.752024389057101450e-01 3.000000000000000000e+00
-7.350742208952696366e-01 3.000000000000000000e+00
-6.880134861098132770e-01 3.000000000000000000e+00
-5.927856750842912525e-01 3.000000000000000000e+00
-4.118058822999050017e-01 3.000000000000000000e+00
-3.994145362638509833e-01 3.000000000000000000e+00
-3.686631663218970512e-01 3.000000000000000000e+00
-2.247690751426827394e-01 3.000000000000000000e+00
-1.702337283827544678e-01 3.000000000000000000e+00
-1.185626550343597541e-01 3.000000000000000000e+00
-8.874217348661560256e-02 3.000000000000000000e+00
-2.304784606413477765e-02 3.000000000000000000e+00
1.147093853480614517e-01 3.000000000000000000e+00
2.081171116917447939e-01 3.000000000000000000e+00
2.646432500999438275e-01 3.000000000000000000e+00
4.445763903964086161e-01 3.000000000000000000e+00
5.410308131299456091e-01 3.000000000000000000e+00
5.966593848572779857e-01 3.000000000000000000e+00
7.801539325249796653e-01 3.000000000000000000e+00
9.339929202276895381e-01 3.000000000000000000e+00
1.085238609993264935e+00 3.000000000000000000e+00
1.240504910685273909e+00 3.000000000000000000e+00
1.484621762254745292e+00 3.000000000000000000e+00
-2.088628049612626825e+00 2.000000000000000000e+00
-1.967010254877943565e+00 2.000000000000000000e+00
-1.843908779833864475e+00 2.000000000000000000e+00
-1.728497209924417577e+00 2.000000000000000000e+00
-1.725867616811353145e+00 2.000000000000000000e+00
-1.628596124141779455e+00 2.000000000000000000e+00
-1.606248207340357226e+00 2.000000000000000000e+00
-1.439377138387907706e+00 2.000000000000000000e+00
-1.432675352360333498e+00 2.000000000000000000e+00
-1.290979146091129071e+00 2.000000000000000000e+00
-1.279547000031555193e+00 2.000000000000000000e+00
-1.171248322366913674e+00 2.000000000000000000e+00
-1.157759802869294363e+00 2.000000000000000000e+00
-1.120887285820667101e+00 2.000000000000000000e+00
-1.012988552999748437e+00 2.000000000000000000e+00
-9.622282745145763760e-01 2.000000000000000000e+00
-9.019984839650369013e-01 2.000000000000000000e+00
-8.039553717757561557e-01 2.000000000000000000e+00
-8.027457701248165156e-01 2.000000000000000000e+00
-6.633602289089264303e-01 2.000000000000000000e+00
-6.609879904504842862e-01 2.000000000000000000e+00
-6.351823005741155104e-01 2.000000000000000000e+00
-5.547240962446429169e-01 2.000000000000000000e+00
-5.158484132845446712e-01 2.000000000000000000e+00
-4.616937901337694883e-01 2.000000000000000000e+00
-3.404741723679356458e-01 2.000000000000000000e+00
-3.332407445491781250e-01 2.000000000000000000e+00
-2.963640498995638306e-01 2.000000000000000000e+00
-2.881992307340825454e-01 2.000000000000000000e+00
-1.827853327955211993e-01 2.000000000000000000e+00
-1.557813971875240122e-01 2.000000000000000000e+00
-1.420493909879769479e-01 2.000000000000000000e+00
-1.066814881240683716e-01 2.000000000000000000e+00
-3.404913020947849395e-02 2.000000000000000000e+00
-2.946850984311135194e-03 2.000000000000000000e+00
2.797710111656550799e-02 2.000000000000000000e+00
4.339893995646074143e-02 2.000000000000000000e+00
8.626764883326816513e-02 2.000000000000000000e+00
1.619523442989337370e-01 2.000000000000000000e+00
2.038515894153495323e-01 2.000000000000000000e+00
2.414877359722080452e-01 2.000000000000000000e+00
2.422916551147322184e-01 2.000000000000000000e+00
2.827800541421832126e-01 2.000000000000000000e+00
3.000675524789361837e-01 2.000000000000000000e+00
3.567281863837182265e-01 2.000000000000000000e+00
4.367666594688184301e-01 2.000000000000000000e+00
4.456051426758589895e-01 2.000000000000000000e+00
5.413470119573505768e-01 2.000000000000000000e+00
5.524644652072328022e-01 2.000000000000000000e+00
6.127637025550209948e-01 2.000000000000000000e+00
6.402408885993151610e-01 2.000000000000000000e+00
6.965025011828599455e-01 2.000000000000000000e+00
7.998128950478793353e-01 2.000000000000000000e+00
8.843116071454560911e-01 2.000000000000000000e+00
8.995294403351400403e-01 2.000000000000000000e+00
9.589658882188137889e-01 2.000000000000000000e+00
1.041307687144421346e+00 2.000000000000000000e+00
1.149896979473444825e+00 2.000000000000000000e+00
1.195920754406434972e+00 2.000000000000000000e+00
1.238316470054730667e+00 2.000000000000000000e+00
1.311039415527617935e+00 2.000000000000000000e+00
1.354405875544794968e+00 2.000000000000000000e+00
1.469309133048739779e+00 2.000000000000000000e+00
1.493059584071524393e+00 2.000000000000000000e+00
1.603682321234389807e+00 2.000000000000000000e+00
1.632040649224835382e+00 2.000000000000000000e+00
1.657154144294339160e+00 2.000000000000000000e+00
1.817754158119220698e+00 2.000000000000000000e+00
1.887955168135520667e+00 2.000000000000000000e+00
1.983546798789714627e+00 2.000000000000000000e+00
2.180969919820860969e+00 2.000000000000000000e+00
2.244208097711228866e+00 2.000000000000000000e+00
2.349109969119262509e+00 2.000000000000000000e+00
2.613495182243728898e+00 2.000000000000000000e+00
2.951230033215303195e+00 2.000000000000000000e+00
-2.022345807819151631e+00 1.000000000000000000e+00
-1.914168546090292189e+00 1.000000000000000000e+00
-1.815875390971373404e+00 1.000000000000000000e+00
-1.667880195122650511e+00 1.000000000000000000e+00
-1.559522407549367662e+00 1.000000000000000000e+00
-1.458590754987327154e+00 1.000000000000000000e+00
-1.371800494581926877e+00 1.000000000000000000e+00
-1.324212149132075522e+00 1.000000000000000000e+00
-1.251590702414066447e+00 1.000000000000000000e+00
-1.156171552577726525e+00 1.000000000000000000e+00
-1.153035767409792633e+00 1.000000000000000000e+00
-1.046301021299661738e+00 1.000000000000000000e+00
-1.037305603229151219e+00 1.000000000000000000e+00
-9.282261297478747730e-01 1.000000000000000000e+00
-9.144210713873480723e-01 1.000000000000000000e+00
-8.043578360052661136e-01 1.000000000000000000e+00
-7.975745397172548934e-01 1.000000000000000000e+00
-7.216736570103872150e-01 1.000000000000000000e+00
-6.059104584395034188e-01 1.000000000000000000e+00
-5.787875944600102684e-01 1.000000000000000000e+00
-5.703607067819870258e-01 1.000000000000000000e+00
-5.039686061470934897e-01 1.000000000000000000e+00
-4.554083450150325230e-01 1.000000000000000000e+00
-4.290890055674952408e-01 1.000000000000000000e+00
-3.918165542125009448e-01 1.000000000000000000e+00
-2.766979170706377889e-01 1.000000000000000000e+00
-2.628421971800201651e-01 1.000000000000000000e+00
-1.969814641155635815e-01 1.000000000000000000e+00
-1.409417014223756648e-01 1.000000000000000000e+00
-1.282330455182209283e-01 1.000000000000000000e+00
-4.798545889667191200e-02 1.000000000000000000e+00
-3.719579754300043201e-02 1.000000000000000000e+00
-6.936942405528760507e-03 1.000000000000000000e+00
4.590614387096674659e-02 1.000000000000000000e+00
8.668826028755727275e-02 1.000000000000000000e+00
1.083429770818730986e-01 1.000000000000000000e+00
1.165035867950826171e-01 1.000000000000000000e+00
2.021164843549778378e-01 1.000000000000000000e+00
2.522603772588998261e-01 1.000000000000000000e+00
2.682974387220172230e-01 1.000000000000000000e+00
2.908363777673941830e-01 1.000000000000000000e+00
3.452005798310942009e-01 1.000000000000000000e+00
3.485089711001297386e-01 1.000000000000000000e+00
3.987831365110900972e-01 1.000000000000000000e+00
4.480788055003913084e-01 1.000000000000000000e+00
4.614199408216175247e-01 1.000000000000000000e+00
5.838228359193304851e-01 1.000000000000000000e+00
6.271848129793939908e-01 1.000000000000000000e+00
6.303494737375443524e-01 1.000000000000000000e+00
6.469263423575828398e-01 1.000000000000000000e+00
7.092039873301481112e-01 1.000000000000000000e+00
7.502873930071970454e-01 1.000000000000000000e+00
8.063938421630729714e-01 1.000000000000000000e+00
8.102800257297716469e-01 1.000000000000000000e+00
8.448580749961185354e-01 1.000000000000000000e+00
9.615118603297199140e-01 1.000000000000000000e+00
9.964932296356664443e-01 1.000000000000000000e+00
1.001303708371662271e+00 1.000000000000000000e+00
1.012033603829002093e+00 1.000000000000000000e+00
1.115161964335098510e+00 1.000000000000000000e+00
1.162676527910682545e+00 1.000000000000000000e+00
1.179412000131306870e+00 1.000000000000000000e+00
1.224249552478572589e+00 1.000000000000000000e+00
1.322216408560905165e+00 1.000000000000000000e+00
1.379015562566419106e+00 1.000000000000000000e+00
1.392781362064918316e+00 1.000000000000000000e+00
1.404712777368486210e+00 1.000000000000000000e+00
1.485137384151984818e+00 1.000000000000000000e+00
1.560963160104798186e+00 1.000000000000000000e+00
1.588664193189462059e+00 1.000000000000000000e+00
1.642044285366477840e+00 1.000000000000000000e+00
1.730919261542938514e+00 1.000000000000000000e+00
1.741561874268551247e+00 1.000000000000000000e+00
1.775664204393038181e+00 1.000000000000000000e+00
1.811407433478772866e+00 1.000000000000000000e+00
1.959730717179825499e+00 1.000000000000000000e+00
1.977694477078498547e+00 1.000000000000000000e+00
1.998636599256167878e+00 1.000000000000000000e+00
2.148853286711208010e+00 1.000000000000000000e+00
2.249667227871973818e+00 1.000000000000000000e+00
2.353867194679407859e+00 1.000000000000000000e+00
2.418130852040178524e+00 1.000000000000000000e+00
2.527561848048254234e+00 1.000000000000000000e+00
2.709124428889270852e+00 1.000000000000000000e+00
2.800874006050721565e+00 1.000000000000000000e+00
2.887498463898753975e+00 1.000000000000000000e+00
3.150522107541588124e+00 1.000000000000000000e+00
3.168150829262319501e+00 1.000000000000000000e+00
3.527043571616956363e+00 1.000000000000000000e+00
3.930673589501553877e+00 1.000000000000000000e+00
-1.946200974706957521e+00 0.000000000000000000e+00
-1.598781133747219529e+00 0.000000000000000000e+00
-1.296018800033581719e+00 0.000000000000000000e+00
-1.255781012731281621e+00 0.000000000000000000e+00
-1.016947940265419570e+00 0.000000000000000000e+00
-9.620443895777082144e-01 0.000000000000000000e+00
-8.773639844605323201e-01 0.000000000000000000e+00
-6.289440105454490171e-01 0.000000000000000000e+00
-5.469424774705287096e-01 0.000000000000000000e+00
-3.288402521395999978e-01 0.000000000000000000e+00
-2.450046824883214680e-01 0.000000000000000000e+00
-1.896650130466263628e-01 0.000000000000000000e+00
-9.081813307210406805e-02 0.000000000000000000e+00
6.195853641395405315e-02 0.000000000000000000e+00
1.323442767814062004e-01 0.000000000000000000e+00
1.739191734154675595e-01 0.000000000000000000e+00
1.900000485252644478e-01 0.000000000000000000e+00
3.874459981796806729e-01 0.000000000000000000e+00
5.011879255146300949e-01 0.000000000000000000e+00
5.510948814435379095e-01 0.000000000000000000e+00
5.662549372236674872e-01 0.000000000000000000e+00
7.603817599699588259e-01 0.000000000000000000e+00
8.593587599868772742e-01 0.000000000000000000e+00
8.721401036187670375e-01 0.000000000000000000e+00
9.266990226442215484e-01 0.000000000000000000e+00
1.045257144197918375e+00 0.000000000000000000e+00
1.134037880187604763e+00 0.000000000000000000e+00
1.302208183198563463e+00 0.000000000000000000e+00
1.430715401405255438e+00 0.000000000000000000e+00
1.469579609557338351e+00 0.000000000000000000e+00
1.639337637514504120e+00 0.000000000000000000e+00
1.725839553573174756e+00 0.000000000000000000e+00
1.906780057280720531e+00 0.000000000000000000e+00
1.912506286054804105e+00 0.000000000000000000e+00
2.105929155558318389e+00 0.000000000000000000e+00
2.292156132681103298e+00 0.000000000000000000e+00
2.544736482750021178e+00 0.000000000000000000e+00
2.585804670025992014e+00 0.000000000000000000e+00
2.729851254905902636e+00 0.000000000000000000e+00
3.021594455406115376e+00 0.000000000000000000e+00
3.396198268987714819e+00 0.000000000000000000e+00
4.258035207282887313e+00 0.000000000000000000e+00
