# Runtime: 10.678699016571045
-2.000000000000001332e+00 4.500000000000000000e+00
-1.939692620785909316e+00 3.500000000000000000e+00
-1.766044443118979013e+00 3.500000000000000000e+00
-1.500000000000000222e+00 3.500000000000000000e+00
-1.173648177666931192e+00 3.500000000000000000e+00
-8.263518223330701407e-01 3.500000000000000000e+00
-5.000000000000002220e-01 3.500000000000000000e+00
-2.339555568810220421e-01 3.500000000000000000e+00
-6.030737921409200925e-02 3.500000000000000000e+00
-1.873351435710001400e+00 2.500000000000000000e+00
-1.713345956846901830e+00 2.500000000000000000e+00
-1.540415990195415308e+00 2.500000000000000000e+00
-1.430748623906606509e+00 2.500000000000000000e+00
-1.348441143013482391e+00 2.500000000000000000e+00
-1.175149606382610346e+00 2.500000000000000000e+00
-1.098338737867608605e+00 2.500000000000000000e+00
-1.048293156774512846e+00 2.500000000000000000e+00
-8.744224416301716873e-01 2.500000000000000000e+00
-7.447171857633758663e-01 2.500000000000000000e+00
-5.136752805187094761e-01 2.500000000000000000e+00
-4.124521542754733261e-01 2.500000000000000000e+00
-1.834098213733948712e-01 2.500000000000000000e+00
-1.729002898183628900e-01 2.500000000000000000e+00
-1.415964278307635660e-01 2.500000000000000000e+00
3.518953699251761713e-02 2.500000000000000000e+00
1.053872786248234578e-01 2.500000000000000000e+00
1.630676001559672739e-01 2.500000000000000000e+00
2.871542780894763558e-01 2.500000000000000000e+00
4.468950671882481185e-01 2.500000000000000000e+00
5.358029953144317625e-01 2.500000000000000000e+00
6.325303189672867310e-01 2.500000000000000000e+00
8.239976983638475083e-01 2.500000000000000000e+00
1.012635541935724248e+00 2.500000000000000000e+00
1.183321365463027686e+00 2.500000000000000000e+00
1.374373996192245206e+00 2.500000000000000000e+00
1.670902574619792968e+00 2.500000000000000000e+00
-1.799259543361772185e+00 1.500000000000000000e+00
-1.655607177713528610e+00 1.500000000000000000e+00
-1.515870579742218283e+00 1.500000000000000000e+00
-1.395002212324430779e+00 1.500000000000000000e+00
-1.361408121486700651e+00 1.500000000000000000e+00
-1.215084013720601597e+00 1.500000000000000000e+00
-1.030835457218625795e+00 1.500000000000000000e+00
-1.017228460601214968e+00 1.500000000000000000e+00
-8.929666002752313370e-01 1.500000000000000000e+00
-8.381544943102975376e-01 1.500000000000000000e+00
-6.894510737197779848e-01 1.500000000000000000e+00
-6.547679969529104360e-01 1.500000000000000000e+00
-5.552359497434695701e-01 1.500000000000000000e+00
-4.578514289834889062e-01 1.500000000000000000e+00
-3.147145516251402264e-01 1.500000000000000000e+00
-2.752329157384373337e-01 1.500000000000000000e+00
-1.414244338082009667e-01 1.500000000000000000e+00
-1.043433474623273877e-01 1.500000000000000000e+00
-7.824024387169969952e-02 1.500000000000000000e+00
-3.764095600870655950e-02 1.500000000000000000e+00
1.034893092888536925e-01 1.500000000000000000e+00
1.431696950918191491e-01 1.500000000000000000e+00
1.831701288906675273e-01 1.500000000000000000e+00
2.671709972783667397e-01 1.500000000000000000e+00
2.784089420155943517e-01 1.500000000000000000e+00
3.706832829814701857e-01 1.500000000000000000e+00
4.076397242326944004e-01 1.500000000000000000e+00
5.703718058097095867e-01 1.500000000000000000e+00
6.010423262133868239e-01 1.500000000000000000e+00
6.051297841234011265e-01 1.500000000000000000e+00
6.625877149333599947e-01 1.500000000000000000e+00
7.612634138401154216e-01 1.500000000000000000e+00
8.171822536755086741e-01 1.500000000000000000e+00
9.592336455463577050e-01 1.500000000000000000e+00
9.839643902933726816e-01 1.500000000000000000e+00
1.153349438686130268e+00 1.500000000000000000e+00
1.289238044138833139e+00 1.500000000000000000e+00
1.329527654026249284e+00 1.500000000000000000e+00
1.489271946934638935e+00 1.500000000000000000e+00
1.526206064036314203e+00 1.500000000000000000e+00
1.669506475814005020e+00 1.500000000000000000e+00
1.831678464672926054e+00 1.500000000000000000e+00
1.872361877918659046e+00 1.500000000000000000e+00
2.075269243117014994e+00 1.500000000000000000e+00
2.187312200246952720e+00 1.500000000000000000e+00
2.282380645891854964e+00 1.500000000000000000e+00
2.603929104426255137e+00 1.500000000000000000e+00
3.005780984544298207e+00 1.500000000000000000e+00
-1.714777282528903601e+00 5.000000000000000000e-01
-1.592021435501848714e+00 5.000000000000000000e-01
-1.285432813153048137e+00 5.000000000000000000e-01
-1.165985336560698471e+00 5.000000000000000000e-01
-9.293588163679459280e-01 5.000000000000000000e-01
-8.693571026306285976e-01 5.000000000000000000e-01
-7.962212056621920109e-01 5.000000000000000000e-01
-7.111754879294052145e-01 5.000000000000000000e-01
-5.542913786584453550e-01 5.000000000000000000e-01
-4.284909663446120343e-01 5.000000000000000000e-01
-4.023359516395063618e-01 5.000000000000000000e-01
-2.034689938392731101e-01 5.000000000000000000e-01
-3.343437960814419491e-02 5.000000000000000000e-01
-8.361068621960629846e-03 5.000000000000000000e-01
8.210070974234047469e-02 5.000000000000000000e-01
9.784118728934509956e-02 5.000000000000000000e-01
2.663147001104076428e-01 5.000000000000000000e-01
2.683832890937598026e-01 5.000000000000000000e-01
3.738326566563282549e-01 5.000000000000000000e-01
4.616991616747997407e-01 5.000000000000000000e-01
5.250390407799359060e-01 5.000000000000000000e-01
6.820409083412476425e-01 5.000000000000000000e-01
7.973653622732084223e-01 5.000000000000000000e-01
8.692986382203419238e-01 5.000000000000000000e-01
8.826684050135469306e-01 5.000000000000000000e-01
9.772732839804432192e-01 5.000000000000000000e-01
1.090802410946795531e+00 5.000000000000000000e-01
1.108184134928013709e+00 5.000000000000000000e-01
1.311124343354879818e+00 5.000000000000000000e-01
1.325733466048105935e+00 5.000000000000000000e-01
1.497740044395993175e+00 5.000000000000000000e-01
1.548965178570025580e+00 5.000000000000000000e-01
1.703243715933254743e+00 5.000000000000000000e-01
1.765404555809214626e+00 5.000000000000000000e-01
1.988153927331600901e+00 5.000000000000000000e-01
2.022889190980508456e+00 5.000000000000000000e-01
2.307976090555999615e+00 5.000000000000000000e-01
2.335034464110036012e+00 5.000000000000000000e-01
2.524632530920580376e+00 5.000000000000000000e-01
2.861379834403210864e+00 5.000000000000000000e-01
3.283269281203394119e+00 5.000000000000000000e-01
3.736321706379318375e+00 5.000000000000000000e-01
