# Runtime: 14.706354856491089
-2.500000000000000444e+00 5.500000000000000000e+00
-2.459492973614500144e+00 4.500000000000000000e+00
-2.341253532831182760e+00 4.500000000000000000e+00
-2.154860733945286100e+00 4.500000000000000000e+00
-1.915415013001887434e+00 4.500000000000000000e+00
-1.642314838273286393e+00 4.500000000000000000e+00
-1.357685161726715828e+00 4.500000000000000000e+00
-1.084584986998114120e+00 4.500000000000000000e+00
-8.451392660547157876e-01 4.500000000000000000e+00
-6.587464671688194606e-01 4.500000000000000000e+00
-5.405070263855039636e-01 4.500000000000000000e+00
-2.415586416950870507e+00 3.500000000000000000e+00
-2.304087912214067835e+00 3.500000000000000000e+00
-2.181822285529307681e+00 3.500000000000000000e+00
-2.111657228393535313e+00 3.500000000000000000e+00
-2.031108964363991021e+00 3.500000000000000000e+00
-1.878020665142643875e+00 3.500000000000000000e+00
-1.869688950263282301e+00 3.500000000000000000e+00
-1.733458381219698641e+00 3.500000000000000000e+00
-1.728078801572378920e+00 3.500000000000000000e+00
-1.612362134345438403e+00 3.500000000000000000e+00
-1.593875334418653811e+00 3.500000000000000000e+00
-1.529780563597987975e+00 3.500000000000000000e+00
-1.449090859438819656e+00 3.500000000000000000e+00
-1.306458801141106685e+00 3.500000000000000000e+00
-1.222358935444441297e+00 3.500000000000000000e+00
-1.157018035493251773e+00 3.500000000000000000e+00
-1.030698857327069673e+00 3.500000000000000000e+00
-9.278768285283488515e-01 3.500000000000000000e+00
-8.763978847999623900e-01 3.500000000000000000e+00
-7.889266415016106260e-01 3.500000000000000000e+00
-6.488634567799511643e-01 3.500000000000000000e+00
-6.436234421133120165e-01 3.500000000000000000e+00
-6.302249066645443376e-01 3.500000000000000000e+00
-6.007249363053398516e-01 3.500000000000000000e+00
-4.813386814696444804e-01 3.500000000000000000e+00
-4.385464485084696329e-01 3.500000000000000000e+00
-3.937687944094280246e-01 3.500000000000000000e+00
-3.619188036148047183e-01 3.500000000000000000e+00
-3.169388263295894737e-01 3.500000000000000000e+00
-1.990388575797450155e-01 3.500000000000000000e+00
-1.092288031036982021e-01 3.500000000000000000e+00
-7.543729116797014134e-02 3.500000000000000000e+00
-6.111896542211921884e-02 3.500000000000000000e+00
8.790232742292376777e-02 3.500000000000000000e+00
1.939838869618539519e-01 3.500000000000000000e+00
2.130908593458215039e-01 3.500000000000000000e+00
3.931053393818658148e-01 3.500000000000000000e+00
4.879211784036201482e-01 3.500000000000000000e+00
5.195958808101434068e-01 3.500000000000000000e+00
6.887386520188321093e-01 3.500000000000000000e+00
8.163186466980019151e-01 3.500000000000000000e+00
9.491988825152800624e-01 3.500000000000000000e+00
1.077665059025436634e+00 3.500000000000000000e+00
1.281605982571285551e+00 3.500000000000000000e+00
-2.367504796632168063e+00 2.500000000000000000e+00
-2.263761546570751459e+00 2.500000000000000000e+00
-2.156385247830100660e+00 2.500000000000000000e+00
-2.066326530839786457e+00 2.500000000000000000e+00
-2.047761887201155151e+00 2.500000000000000000e+00
-1.963513763193502459e+00 2.500000000000000000e+00
-1.946609741602276289e+00 2.500000000000000000e+00
-1.867623143434693045e+00 2.500000000000000000e+00
-1.820521991309134391e+00 2.500000000000000000e+00
-1.805358415604799704e+00 2.500000000000000000e+00
-1.696897173172121631e+00 2.500000000000000000e+00
-1.654168333334142371e+00 2.500000000000000000e+00
-1.580370902500185970e+00 2.500000000000000000e+00
-1.541318099714209966e+00 2.500000000000000000e+00
-1.527195498412995622e+00 2.500000000000000000e+00
-1.441162342517932071e+00 2.500000000000000000e+00
-1.440315820656284940e+00 2.500000000000000000e+00
-1.411421164668844597e+00 2.500000000000000000e+00
-1.312429840183142460e+00 2.500000000000000000e+00
-1.276908143523516559e+00 2.500000000000000000e+00
-1.250555718149722884e+00 2.500000000000000000e+00
-1.222228570521550095e+00 2.500000000000000000e+00
-1.170112593982458593e+00 2.500000000000000000e+00
-1.139171904140914071e+00 2.500000000000000000e+00
-1.114600753388792942e+00 2.500000000000000000e+00
-1.018789234278289380e+00 2.500000000000000000e+00
-9.716443704801829284e-01 2.500000000000000000e+00
-9.703151047342331026e-01 2.500000000000000000e+00
-9.300088386469399504e-01 2.500000000000000000e+00
-8.709983923344626344e-01 2.500000000000000000e+00
-8.299434642350981273e-01 2.500000000000000000e+00
-8.166348960296859749e-01 2.500000000000000000e+00
-7.271309318984873205e-01 2.500000000000000000e+00
-6.895728611611617875e-01 2.500000000000000000e+00
-6.778628436358330456e-01 2.500000000000000000e+00
-6.015336205036454498e-01 2.500000000000000000e+00
-5.873457079436542605e-01 2.500000000000000000e+00
-5.825534257087131573e-01 2.500000000000000000e+00
-5.804066994766262644e-01 2.500000000000000000e+00
-5.368035485650403116e-01 2.500000000000000000e+00
-5.123558816229130120e-01 2.500000000000000000e+00
-4.219152176160062551e-01 2.500000000000000000e+00
-4.160714360805587986e-01 2.500000000000000000e+00
-3.975679373416126094e-01 2.500000000000000000e+00
-3.861726468591871186e-01 2.500000000000000000e+00
-3.697064508615794387e-01 2.500000000000000000e+00
-3.291311788501227187e-01 2.500000000000000000e+00
-2.960764472784576107e-01 2.500000000000000000e+00
-2.735619408327179536e-01 2.500000000000000000e+00
-2.629631734413364619e-01 2.500000000000000000e+00
-2.475436851791319171e-01 2.500000000000000000e+00
-2.228243766164411666e-01 2.500000000000000000e+00
-1.316665758436721123e-01 2.500000000000000000e+00
-1.006515324589100230e-01 2.500000000000000000e+00
-9.657222044489024992e-02 2.500000000000000000e+00
-9.123013057978685003e-02 2.500000000000000000e+00
-4.204941024270359567e-02 2.500000000000000000e+00
-3.966927857979761496e-02 2.500000000000000000e+00
-6.343961921509273794e-03 2.500000000000000000e+00
9.522120989446908323e-03 2.500000000000000000e+00
1.913887451696642816e-02 2.500000000000000000e+00
8.812239219977206772e-02 2.500000000000000000e+00
1.241260602166915084e-01 2.500000000000000000e+00
1.603224812788408282e-01 2.500000000000000000e+00
1.610904976135626443e-01 2.500000000000000000e+00
2.096198584432215073e-01 2.500000000000000000e+00
2.481934688224999297e-01 2.500000000000000000e+00
2.602288447374839775e-01 2.500000000000000000e+00
2.684372546083294009e-01 2.500000000000000000e+00
2.873143922616408497e-01 2.500000000000000000e+00
3.653542010686491315e-01 2.500000000000000000e+00
3.935421545820969036e-01 2.500000000000000000e+00
4.704990871493572313e-01 2.500000000000000000e+00
4.740345324648330694e-01 2.500000000000000000e+00
4.918448121274802687e-01 2.500000000000000000e+00
4.950895339620587365e-01 2.500000000000000000e+00
5.669474753148084911e-01 2.500000000000000000e+00
5.988452491859793669e-01 2.500000000000000000e+00
6.805055342109820327e-01 2.500000000000000000e+00
7.600678800198352736e-01 2.500000000000000000e+00
7.707643926829775838e-01 2.500000000000000000e+00
7.786002842445622907e-01 2.500000000000000000e+00
8.116846037453158136e-01 2.500000000000000000e+00
9.002377936869346842e-01 2.500000000000000000e+00
9.697676218465494102e-01 2.500000000000000000e+00
9.869196313491499506e-01 2.500000000000000000e+00
1.035217652732205007e+00 2.500000000000000000e+00
1.068425464659260360e+00 2.500000000000000000e+00
1.103074967569439346e+00 2.500000000000000000e+00
1.119285544924750964e+00 2.500000000000000000e+00
1.165605663059856578e+00 2.500000000000000000e+00
1.257154255390157793e+00 2.500000000000000000e+00
1.280087292174558300e+00 2.500000000000000000e+00
1.372645138153309130e+00 2.500000000000000000e+00
1.388896758033426160e+00 2.500000000000000000e+00
1.390478383447806499e+00 2.500000000000000000e+00
1.414654299385431413e+00 2.500000000000000000e+00
1.554472129162456362e+00 2.500000000000000000e+00
1.602171795775801932e+00 2.500000000000000000e+00
1.603141680223815202e+00 2.500000000000000000e+00
1.690050087123167843e+00 2.500000000000000000e+00
1.739400603612208496e+00 2.500000000000000000e+00
1.880804870898776349e+00 2.500000000000000000e+00
1.905268822658847228e+00 2.500000000000000000e+00
2.018120600497507411e+00 2.500000000000000000e+00
2.200393745526582734e+00 2.500000000000000000e+00
2.236081896457285279e+00 2.500000000000000000e+00
2.339113836820078340e+00 2.500000000000000000e+00
2.559333657378323412e+00 2.500000000000000000e+00
2.845141166373487795e+00 2.500000000000000000e+00
-2.314149701965169115e+00 1.500000000000000000e+00
-2.219597222231266098e+00 1.500000000000000000e+00
-2.128628269317417221e+00 1.500000000000000000e+00
-2.048450858180219658e+00 1.500000000000000000e+00
-2.017014280838443696e+00 1.500000000000000000e+00
-1.921801288424126675e+00 1.500000000000000000e+00
-1.823324049420175230e+00 1.500000000000000000e+00
-1.766975257725741821e+00 1.500000000000000000e+00
-1.737928008520519541e+00 1.500000000000000000e+00
-1.729014314782253869e+00 1.500000000000000000e+00
-1.661611577091070213e+00 1.500000000000000000e+00
-1.567081268986871612e+00 1.500000000000000000e+00
-1.566810526895565214e+00 1.500000000000000000e+00
-1.485330870051207341e+00 1.500000000000000000e+00
-1.483583911248239628e+00 1.500000000000000000e+00
-1.431641848038542886e+00 1.500000000000000000e+00
-1.382253179471794935e+00 1.500000000000000000e+00
-1.370803998291022285e+00 1.500000000000000000e+00
-1.338762021482562847e+00 1.500000000000000000e+00
-1.266862597228801901e+00 1.500000000000000000e+00
-1.238527895275321367e+00 1.500000000000000000e+00
-1.188743866823907425e+00 1.500000000000000000e+00
-1.182012370799075951e+00 1.500000000000000000e+00
-1.138895337928299778e+00 1.500000000000000000e+00
-1.123052872671781222e+00 1.500000000000000000e+00
-1.068853197829297441e+00 1.500000000000000000e+00
-1.044566881953976178e+00 1.500000000000000000e+00
-1.032748049370718846e+00 1.500000000000000000e+00
-9.558702771905792650e-01 1.500000000000000000e+00
-9.350021088532141089e-01 1.500000000000000000e+00
-9.088755021906154141e-01 1.500000000000000000e+00
-9.060176292177376522e-01 1.500000000000000000e+00
-8.627721397252643420e-01 1.500000000000000000e+00
-8.167038650638828168e-01 1.500000000000000000e+00
-8.135800690581008743e-01 1.500000000000000000e+00
-7.795643055508937325e-01 1.500000000000000000e+00
-7.457035266328678746e-01 1.500000000000000000e+00
-7.038173135595882091e-01 1.500000000000000000e+00
-6.582387948734512717e-01 1.500000000000000000e+00
-6.581965765977990657e-01 1.500000000000000000e+00
-5.704302830573608762e-01 1.500000000000000000e+00
-5.559694133417840689e-01 1.500000000000000000e+00
-5.260869229082592025e-01 1.500000000000000000e+00
-5.231298817224638853e-01 1.500000000000000000e+00
-5.223939450330790102e-01 1.500000000000000000e+00
-4.767237303398943471e-01 1.500000000000000000e+00
-4.653085413796728687e-01 1.500000000000000000e+00
-3.976412552967470426e-01 1.500000000000000000e+00
-3.955411839838646193e-01 1.500000000000000000e+00
-3.810859363016266266e-01 1.500000000000000000e+00
-3.429565393423016362e-01 1.500000000000000000e+00
-3.288321693866417816e-01 1.500000000000000000e+00
-2.869424685607145364e-01 1.500000000000000000e+00
-2.846070819910532790e-01 1.500000000000000000e+00
-2.641718784353625504e-01 1.500000000000000000e+00
-2.439823130429021880e-01 1.500000000000000000e+00
-2.260264405403414334e-01 1.500000000000000000e+00
-2.037215001036070117e-01 1.500000000000000000e+00
-1.976096590796475039e-01 1.500000000000000000e+00
-1.949263392617202606e-01 1.500000000000000000e+00
-1.407097608018990920e-01 1.500000000000000000e+00
-1.271360946759237109e-01 1.500000000000000000e+00
-7.756382308821892224e-02 1.500000000000000000e+00
-7.265205656013687396e-02 1.500000000000000000e+00
-6.637934120768120005e-02 1.500000000000000000e+00
-6.309071638887145395e-02 1.500000000000000000e+00
3.525363612354558140e-02 1.500000000000000000e+00
3.895737710050519581e-02 1.500000000000000000e+00
4.753335751122702429e-02 1.500000000000000000e+00
5.523534275198439814e-02 1.500000000000000000e+00
6.448967573521549590e-02 1.500000000000000000e+00
8.124767846704791796e-02 1.500000000000000000e+00
8.642327590711129659e-02 1.500000000000000000e+00
1.453646867676884336e-01 1.500000000000000000e+00
1.584852930773303914e-01 1.500000000000000000e+00
1.973331586870420151e-01 1.500000000000000000e+00
2.132857023790729334e-01 1.500000000000000000e+00
2.389493663248023203e-01 1.500000000000000000e+00
2.541558612851663179e-01 1.500000000000000000e+00
2.575163615017247998e-01 1.500000000000000000e+00
3.342815691545582002e-01 1.500000000000000000e+00
3.503021079453986220e-01 1.500000000000000000e+00
3.682629067101200748e-01 1.500000000000000000e+00
3.920727232333184320e-01 1.500000000000000000e+00
3.956167325315299022e-01 1.500000000000000000e+00
4.008345602133571162e-01 1.500000000000000000e+00
4.074521410259756005e-01 1.500000000000000000e+00
4.510372624414415443e-01 1.500000000000000000e+00
4.924834791427399328e-01 1.500000000000000000e+00
5.263722983982372927e-01 1.500000000000000000e+00
5.400674934106051150e-01 1.500000000000000000e+00
5.407425246947746844e-01 1.500000000000000000e+00
5.557429390310183459e-01 1.500000000000000000e+00
5.561502389846987304e-01 1.500000000000000000e+00
5.804602569041490412e-01 1.500000000000000000e+00
6.548709400153649440e-01 1.500000000000000000e+00
6.868736160837590754e-01 1.500000000000000000e+00
6.886289348124979837e-01 1.500000000000000000e+00
6.892601635865565068e-01 1.500000000000000000e+00
6.957280682652813297e-01 1.500000000000000000e+00
7.384744099975900644e-01 1.500000000000000000e+00
8.024739112775732819e-01 1.500000000000000000e+00
8.399795083895221781e-01 1.500000000000000000e+00
8.411056953748411447e-01 1.500000000000000000e+00
8.549815036578682914e-01 1.500000000000000000e+00
8.625392154666065014e-01 1.500000000000000000e+00
8.730988659582460398e-01 1.500000000000000000e+00
9.112036907265460561e-01 1.500000000000000000e+00
9.944321447262727265e-01 1.500000000000000000e+00
1.023390827774982359e+00 1.500000000000000000e+00
1.043545718061207550e+00 1.500000000000000000e+00
1.052025477609567883e+00 1.500000000000000000e+00
1.055020748602785607e+00 1.500000000000000000e+00
1.069481634680663706e+00 1.500000000000000000e+00
1.132154200496859886e+00 1.500000000000000000e+00
1.157715409495565284e+00 1.500000000000000000e+00
1.170990597977502157e+00 1.500000000000000000e+00
1.190820774062605336e+00 1.500000000000000000e+00
1.195860254483886331e+00 1.500000000000000000e+00
1.205799595732845120e+00 1.500000000000000000e+00
1.247057658064090857e+00 1.500000000000000000e+00
1.264994291726245557e+00 1.500000000000000000e+00
1.332941819853234788e+00 1.500000000000000000e+00
1.387533926210771762e+00 1.500000000000000000e+00
1.388688122783715118e+00 1.500000000000000000e+00
1.400326491391111761e+00 1.500000000000000000e+00
1.469706849234400092e+00 1.500000000000000000e+00
1.475998513842636806e+00 1.500000000000000000e+00
1.499962250391512208e+00 1.500000000000000000e+00
1.525163990221165999e+00 1.500000000000000000e+00
1.538253859105735977e+00 1.500000000000000000e+00
1.553421683651622809e+00 1.500000000000000000e+00
1.668459445696470755e+00 1.500000000000000000e+00
1.680689199785106558e+00 1.500000000000000000e+00
1.687019533810147909e+00 1.500000000000000000e+00
1.715150373343398593e+00 1.500000000000000000e+00
1.719246724284410943e+00 1.500000000000000000e+00
1.775500023651259474e+00 1.500000000000000000e+00
1.807138960304651043e+00 1.500000000000000000e+00
1.858672748960908949e+00 1.500000000000000000e+00
1.868551697858145788e+00 1.500000000000000000e+00
1.907191798769780400e+00 1.500000000000000000e+00
1.999808559040910927e+00 1.500000000000000000e+00
2.003655894498539425e+00 1.500000000000000000e+00
2.027372724225234180e+00 1.500000000000000000e+00
2.112226411179126906e+00 1.500000000000000000e+00
2.142501897339257777e+00 1.500000000000000000e+00
2.144182586720276618e+00 1.500000000000000000e+00
2.290577645067632950e+00 1.500000000000000000e+00
2.331462857573346703e+00 1.500000000000000000e+00
2.367335277419545747e+00 1.500000000000000000e+00
2.434446014732292163e+00 1.500000000000000000e+00
2.473464017020161165e+00 1.500000000000000000e+00
2.625097055529021173e+00 1.500000000000000000e+00
2.662878785726716657e+00 1.500000000000000000e+00
2.698991521763539403e+00 1.500000000000000000e+00
2.770565163280264809e+00 1.500000000000000000e+00
2.970752389057329967e+00 1.500000000000000000e+00
2.991937863381966878e+00 1.500000000000000000e+00
3.001580973708420252e+00 1.500000000000000000e+00
3.118583019915817989e+00 1.500000000000000000e+00
3.301575294171024577e+00 1.500000000000000000e+00
3.353351113835552066e+00 1.500000000000000000e+00
3.658205883781732393e+00 1.500000000000000000e+00
4.010198080522656916e+00 1.500000000000000000e+00
-2.253887143069684740e+00 5.000000000000000000e-01
-2.170783376229105777e+00 5.000000000000000000e-01
-1.961660049986662102e+00 5.000000000000000000e-01
-1.880397394444151438e+00 5.000000000000000000e-01
-1.707375119202339420e+00 5.000000000000000000e-01
-1.671210300212714106e+00 5.000000000000000000e-01
-1.621481574493930378e+00 5.000000000000000000e-01
-1.587225189420301330e+00 5.000000000000000000e-01
-1.472300534856343379e+00 5.000000000000000000e-01
-1.419024250249476982e+00 5.000000000000000000e-01
-1.359046300825748510e+00 5.000000000000000000e-01
-1.326348347934388050e+00 5.000000000000000000e-01
-1.322576321215441331e+00 5.000000000000000000e-01
-1.220342178815443379e+00 5.000000000000000000e-01
-1.162688571245240166e+00 5.000000000000000000e-01
-1.119153040234046825e+00 5.000000000000000000e-01
-1.073897814754421143e+00 5.000000000000000000e-01
-1.043408115728972962e+00 5.000000000000000000e-01
-1.019155793111955699e+00 5.000000000000000000e-01
-9.991584412253349257e-01 5.000000000000000000e-01
-8.316875701682686639e-01 5.000000000000000000e-01
-8.090765474471719454e-01 5.000000000000000000e-01
-7.593912450535502678e-01 5.000000000000000000e-01
-7.246600317702683869e-01 5.000000000000000000e-01
-6.990788713448771174e-01 5.000000000000000000e-01
-6.714982575739465442e-01 5.000000000000000000e-01
-5.797501530360312794e-01 5.000000000000000000e-01
-5.188546993167326704e-01 5.000000000000000000e-01
-4.665819854289069979e-01 5.000000000000000000e-01
-4.576159721388866064e-01 5.000000000000000000e-01
-4.571639226609802709e-01 5.000000000000000000e-01
-4.414795987192526305e-01 5.000000000000000000e-01
-3.836734598935831464e-01 5.000000000000000000e-01
-3.598588411026891754e-01 5.000000000000000000e-01
-3.575364278290076303e-01 5.000000000000000000e-01
-3.371035492018531476e-01 5.000000000000000000e-01
-2.657385471544201350e-01 5.000000000000000000e-01
-2.593038296640886586e-01 5.000000000000000000e-01
-1.931338614360164907e-01 5.000000000000000000e-01
-1.518434480555896082e-01 5.000000000000000000e-01
-1.383500333505393587e-01 5.000000000000000000e-01
-1.344750530240417241e-01 5.000000000000000000e-01
-1.043769081302812901e-01 5.000000000000000000e-01
-8.256701376317043817e-02 5.000000000000000000e-01
-4.181369264320050627e-02 5.000000000000000000e-01
1.245957945866155679e-02 5.000000000000000000e-01
1.270177442885865246e-02 5.000000000000000000e-01
1.161779835483719298e-01 5.000000000000000000e-01
1.312931476610319781e-01 5.000000000000000000e-01
1.432596889216302682e-01 5.000000000000000000e-01
1.705606935700562932e-01 5.000000000000000000e-01
1.849492065455555223e-01 5.000000000000000000e-01
2.372546136671015438e-01 5.000000000000000000e-01
2.448219521940035726e-01 5.000000000000000000e-01
2.668903763328885903e-01 5.000000000000000000e-01
2.945102528039790779e-01 5.000000000000000000e-01
3.213674375893069146e-01 5.000000000000000000e-01
3.249556477364015095e-01 5.000000000000000000e-01
4.080644133143254693e-01 5.000000000000000000e-01
4.412707742978291825e-01 5.000000000000000000e-01
4.544365914171230036e-01 5.000000000000000000e-01
4.574418405259016995e-01 5.000000000000000000e-01
5.490130616138371167e-01 5.000000000000000000e-01
5.613428378279907704e-01 5.000000000000000000e-01
5.699765064346447030e-01 5.000000000000000000e-01
5.767248085451068818e-01 5.000000000000000000e-01
5.921818749804255155e-01 5.000000000000000000e-01
6.277420442874752649e-01 5.000000000000000000e-01
6.522891701664909059e-01 5.000000000000000000e-01
6.907099270496263044e-01 5.000000000000000000e-01
7.129672079411374375e-01 5.000000000000000000e-01
7.542649434304752321e-01 5.000000000000000000e-01
7.862465531247748718e-01 5.000000000000000000e-01
7.963843402644642522e-01 5.000000000000000000e-01
8.195207381247301415e-01 5.000000000000000000e-01
9.037353542069902490e-01 5.000000000000000000e-01
9.176439686942766683e-01 5.000000000000000000e-01
9.357272201102955211e-01 5.000000000000000000e-01
9.671778244755232512e-01 5.000000000000000000e-01
9.763864111653626221e-01 5.000000000000000000e-01
1.010610099569698050e+00 5.000000000000000000e-01
1.102353912102041145e+00 5.000000000000000000e-01
1.125309782055490482e+00 5.000000000000000000e-01
1.142385530839067576e+00 5.000000000000000000e-01
1.243849287153716343e+00 5.000000000000000000e-01
1.254675854136349633e+00 5.000000000000000000e-01
1.257711307861605787e+00 5.000000000000000000e-01
1.265892598490746090e+00 5.000000000000000000e-01
1.284765593017906049e+00 5.000000000000000000e-01
1.380011261531394418e+00 5.000000000000000000e-01
1.380027074896003736e+00 5.000000000000000000e-01
1.413341089365673486e+00 5.000000000000000000e-01
1.413541651257474552e+00 5.000000000000000000e-01
1.480801027051678487e+00 5.000000000000000000e-01
1.555137158641538786e+00 5.000000000000000000e-01
1.596394901080286699e+00 5.000000000000000000e-01
1.616438498499216170e+00 5.000000000000000000e-01
1.624172269010029757e+00 5.000000000000000000e-01
1.628077204732072625e+00 5.000000000000000000e-01
1.758843969443669053e+00 5.000000000000000000e-01
1.775039275353606394e+00 5.000000000000000000e-01
1.780275769908708616e+00 5.000000000000000000e-01
1.784132718578583576e+00 5.000000000000000000e-01
1.844017269567951089e+00 5.000000000000000000e-01
1.919359172050868478e+00 5.000000000000000000e-01
1.950930545672337812e+00 5.000000000000000000e-01
1.988532920789233494e+00 5.000000000000000000e-01
2.009089473637128975e+00 5.000000000000000000e-01
2.107038870028695499e+00 5.000000000000000000e-01
2.139758130822936533e+00 5.000000000000000000e-01
2.148824524462082941e+00 5.000000000000000000e-01
2.166204794820499657e+00 5.000000000000000000e-01
2.285366547131910675e+00 5.000000000000000000e-01
2.335412965387552386e+00 5.000000000000000000e-01
2.355268621123775663e+00 5.000000000000000000e-01
2.482113205908855313e+00 5.000000000000000000e-01
2.492365531097391340e+00 5.000000000000000000e-01
2.516786449114006619e+00 5.000000000000000000e-01
2.629173467745156589e+00 5.000000000000000000e-01
2.716043289768677482e+00 5.000000000000000000e-01
2.742050247337484592e+00 5.000000000000000000e-01
2.862923123422372207e+00 5.000000000000000000e-01
2.872700318859596536e+00 5.000000000000000000e-01
3.121878653688993754e+00 5.000000000000000000e-01
3.167053261602472247e+00 5.000000000000000000e-01
3.171677308950039187e+00 5.000000000000000000e-01
3.324806962441111846e+00 5.000000000000000000e-01
3.446539237471561989e+00 5.000000000000000000e-01
3.568144017815130020e+00 5.000000000000000000e-01
3.884533247859510041e+00 5.000000000000000000e-01
4.250809315193068372e+00 5.000000000000000000e-01
4.632093302359596265e+00 5.000000000000000000e-01
