# Runtime: 35.46272850036621
-3.000000000000002220e+00 6.500000000000000000e+00
-2.970941817426052900e+00 5.500000000000000000e+00
-2.885456025653210244e+00 5.500000000000000000e+00
-2.748510748171101081e+00 5.500000000000000000e+00
-2.568064746731156589e+00 5.500000000000000000e+00
-2.354604887042537342e+00 5.500000000000000000e+00
-2.120536680255324491e+00 5.500000000000000000e+00
-1.879463319744677285e+00 5.500000000000000000e+00
-1.645395112957464878e+00 5.500000000000000000e+00
-1.431935253268844299e+00 5.500000000000000000e+00
-1.251489251828899141e+00 5.500000000000000000e+00
-1.114543974346790867e+00 5.500000000000000000e+00
-1.029058182573948210e+00 5.500000000000000000e+00
-2.939787922886060390e+00 4.500000000000000000e+00
-2.858085833982829893e+00 4.500000000000000000e+00
-2.768560702648528604e+00 4.500000000000000000e+00
-2.718542092361134088e+00 4.500000000000000000e+00
-2.651167695086691367e+00 4.500000000000000000e+00
-2.536921017110024490e+00 4.500000000000000000e+00
-2.526428253442226435e+00 4.500000000000000000e+00
-2.440104979937121499e+00 4.500000000000000000e+00
-2.397885254966309443e+00 4.500000000000000000e+00
-2.322189584699271947e+00 4.500000000000000000e+00
-2.274689476020570478e+00 4.500000000000000000e+00
-2.223789642172871339e+00 4.500000000000000000e+00
-2.165083091252611336e+00 4.500000000000000000e+00
-2.086758034349735169e+00 4.500000000000000000e+00
-2.077473856974985100e+00 4.500000000000000000e+00
-2.061759416761533625e+00 4.500000000000000000e+00
-2.020111872493512539e+00 4.500000000000000000e+00
-1.985809544472835864e+00 4.500000000000000000e+00
-1.844291901398597222e+00 4.500000000000000000e+00
-1.823118393170449991e+00 4.500000000000000000e+00
-1.740487288202644978e+00 4.500000000000000000e+00
-1.613294683276428554e+00 4.500000000000000000e+00
-1.608876272279612385e+00 4.500000000000000000e+00
-1.575746975118851090e+00 4.500000000000000000e+00
-1.502210821710742827e+00 4.500000000000000000e+00
-1.394189869037999463e+00 4.500000000000000000e+00
-1.364802756979428988e+00 4.500000000000000000e+00
-1.334952978868644058e+00 4.500000000000000000e+00
-1.284877799130123899e+00 4.500000000000000000e+00
-1.212708062827745570e+00 4.500000000000000000e+00
-1.125227211269468341e+00 4.500000000000000000e+00
-1.122213563885432475e+00 4.500000000000000000e+00
-1.115098149388610516e+00 4.500000000000000000e+00
-1.101141977395770910e+00 4.500000000000000000e+00
-1.074977134346114749e+00 4.500000000000000000e+00
-9.890010675441859300e-01 4.500000000000000000e+00
-9.616933931236816280e-01 4.500000000000000000e+00
-9.291308638705283451e-01 4.500000000000000000e+00
-9.003902337096753028e-01 4.500000000000000000e+00
-8.811479295487629759e-01 4.500000000000000000e+00
-8.746427313316941232e-01 4.500000000000000000e+00
-7.879471398993301845e-01 4.500000000000000000e+00
-7.126055596390157287e-01 4.500000000000000000e+00
-6.997993167113911728e-01 4.500000000000000000e+00
-6.577076452532055750e-01 4.500000000000000000e+00
-6.289009454137773902e-01 4.500000000000000000e+00
-5.699767964115467489e-01 4.500000000000000000e+00
-4.809044175471240412e-01 4.500000000000000000e+00
-4.684265293190301715e-01 4.500000000000000000e+00
-4.040141971996945580e-01 4.500000000000000000e+00
-3.246037345170861288e-01 4.500000000000000000e+00
-2.347654495193818025e-01 4.500000000000000000e+00
-2.134350248095842617e-01 4.500000000000000000e+00
-1.557507279500807695e-01 4.500000000000000000e+00
-6.859092100921124202e-02 4.500000000000000000e+00
2.189814356104709953e-02 4.500000000000000000e+00
3.597840031345130030e-02 4.500000000000000000e+00
1.817099850087283974e-01 4.500000000000000000e+00
2.643829384821707595e-01 4.500000000000000000e+00
2.727588426308698577e-01 4.500000000000000000e+00
4.108734209217573818e-01 4.500000000000000000e+00
5.023964119445881726e-01 4.500000000000000000e+00
6.050457796816315348e-01 4.500000000000000000e+00
6.969520269742088825e-01 4.500000000000000000e+00
8.448027847149784941e-01 4.500000000000000000e+00
-2.906140058390881187e+00 3.500000000000000000e+00
-2.828683549280233134e+00 3.500000000000000000e+00
-2.746845178465738613e+00 3.500000000000000000e+00
-2.686752125150014159e+00 3.500000000000000000e+00
-2.659699591201846403e+00 3.500000000000000000e+00
-2.611503089413719891e+00 3.500000000000000000e+00
-2.568486779910945206e+00 3.500000000000000000e+00
-2.503572796003881606e+00 3.500000000000000000e+00
-2.484240695537362154e+00 3.500000000000000000e+00
-2.482512593861424754e+00 3.500000000000000000e+00
-2.415186685498301955e+00 3.500000000000000000e+00
-2.408495899575735955e+00 3.500000000000000000e+00
-2.354623167419999330e+00 3.500000000000000000e+00
-2.351974277567856486e+00 3.500000000000000000e+00
-2.326964171188947272e+00 3.500000000000000000e+00
-2.287348393133090241e+00 3.500000000000000000e+00
-2.225269992405709107e+00 3.500000000000000000e+00
-2.210889440003228845e+00 3.500000000000000000e+00
-2.196245855605037267e+00 3.500000000000000000e+00
-2.112476955402005530e+00 3.500000000000000000e+00
-2.099006693084383812e+00 3.500000000000000000e+00
-2.083977116175705468e+00 3.500000000000000000e+00
-2.050359087502862110e+00 3.500000000000000000e+00
-2.029453152179135245e+00 3.500000000000000000e+00
-2.022237003851858006e+00 3.500000000000000000e+00
-1.982699819150089970e+00 3.500000000000000000e+00
-1.968474746432686162e+00 3.500000000000000000e+00
-1.963076385540982960e+00 3.500000000000000000e+00
-1.956239667524617865e+00 3.500000000000000000e+00
-1.875299439651125333e+00 3.500000000000000000e+00
-1.868912339959703850e+00 3.500000000000000000e+00
-1.854414775422775330e+00 3.500000000000000000e+00
-1.813901138944083558e+00 3.500000000000000000e+00
-1.806316187276028717e+00 3.500000000000000000e+00
-1.788589856682315293e+00 3.500000000000000000e+00
-1.757584861353233663e+00 3.500000000000000000e+00
-1.730401682886290038e+00 3.500000000000000000e+00
-1.709063958735128619e+00 3.500000000000000000e+00
-1.664619916362038099e+00 3.500000000000000000e+00
-1.610780390929078099e+00 3.500000000000000000e+00
-1.603217838592713163e+00 3.500000000000000000e+00
-1.602486204430464189e+00 3.500000000000000000e+00
-1.576795033903947374e+00 3.500000000000000000e+00
-1.569381137591673081e+00 3.500000000000000000e+00
-1.539143987892319210e+00 3.500000000000000000e+00
-1.502688246675988548e+00 3.500000000000000000e+00
-1.473778069511731514e+00 3.500000000000000000e+00
-1.469074750546042640e+00 3.500000000000000000e+00
-1.457077462103949728e+00 3.500000000000000000e+00
-1.412178385191441343e+00 3.500000000000000000e+00
-1.359522391576413858e+00 3.500000000000000000e+00
-1.353314315719949201e+00 3.500000000000000000e+00
-1.350649501967520427e+00 3.500000000000000000e+00
-1.345935057906111121e+00 3.500000000000000000e+00
-1.326169188604654048e+00 3.500000000000000000e+00
-1.296432151963491597e+00 3.500000000000000000e+00
-1.250216694685543306e+00 3.500000000000000000e+00
-1.231349475007614158e+00 3.500000000000000000e+00
-1.225483229753018932e+00 3.500000000000000000e+00
-1.203028590770592432e+00 3.500000000000000000e+00
-1.170667985498354380e+00 3.500000000000000000e+00
-1.139764772115571034e+00 3.500000000000000000e+00
-1.137356731475510863e+00 3.500000000000000000e+00
-1.091088678597125883e+00 3.500000000000000000e+00
-1.084428658515611987e+00 3.500000000000000000e+00
-1.081574650535796822e+00 3.500000000000000000e+00
-1.078434946928346516e+00 3.500000000000000000e+00
-1.074872428064140850e+00 3.500000000000000000e+00
-1.065207989306293568e+00 3.500000000000000000e+00
-1.032054296716335084e+00 3.500000000000000000e+00
-9.993495107558221235e-01 3.500000000000000000e+00
-9.679673302091267306e-01 3.500000000000000000e+00
-9.590660218499106326e-01 3.500000000000000000e+00
-9.548836367008094461e-01 3.500000000000000000e+00
-9.495810320507852564e-01 3.500000000000000000e+00
-9.455275339684066083e-01 3.500000000000000000e+00
-9.248001918434378688e-01 3.500000000000000000e+00
-8.874840759107629484e-01 3.500000000000000000e+00
-8.699138215510948680e-01 3.500000000000000000e+00
-8.596666848328938793e-01 3.500000000000000000e+00
-8.579587081013092531e-01 3.500000000000000000e+00
-8.382990286476612596e-01 3.500000000000000000e+00
-8.371530572382154256e-01 3.500000000000000000e+00
-8.083059308152299449e-01 3.500000000000000000e+00
-8.070847348170687718e-01 3.500000000000000000e+00
-8.060404725374129553e-01 3.500000000000000000e+00
-7.606783320135945825e-01 3.500000000000000000e+00
-7.452304488243588487e-01 3.500000000000000000e+00
-7.291660493358449457e-01 3.500000000000000000e+00
-7.279630054622299173e-01 3.500000000000000000e+00
-7.181376121041349592e-01 3.500000000000000000e+00
-7.093260811513084629e-01 3.500000000000000000e+00
-6.686767634370057722e-01 3.500000000000000000e+00
-6.644383516805478784e-01 3.500000000000000000e+00
-6.633625301278703867e-01 3.500000000000000000e+00
-6.564176828180006140e-01 3.500000000000000000e+00
-6.226757850871189603e-01 3.500000000000000000e+00
-6.130158937548222386e-01 3.500000000000000000e+00
-5.838326967140762269e-01 3.500000000000000000e+00
-5.728983554847353332e-01 3.500000000000000000e+00
-5.530575817158844831e-01 3.500000000000000000e+00
-5.358649779546715841e-01 3.500000000000000000e+00
-5.281467702498691130e-01 3.500000000000000000e+00
-5.249197967321073133e-01 3.500000000000000000e+00
-5.164314700378707101e-01 3.500000000000000000e+00
-5.085335453899250124e-01 3.500000000000000000e+00
-4.806612530588909027e-01 3.500000000000000000e+00
-4.513767752455222770e-01 3.500000000000000000e+00
-4.351460059789263313e-01 3.500000000000000000e+00
-4.240913221692351187e-01 3.500000000000000000e+00
-4.221915604504957731e-01 3.500000000000000000e+00
-4.139386121465037371e-01 3.500000000000000000e+00
-3.899630673408239212e-01 3.500000000000000000e+00
-3.759706645437085326e-01 3.500000000000000000e+00
-3.570671952067011601e-01 3.500000000000000000e+00
-3.370252022356455823e-01 3.500000000000000000e+00
-2.988480391269129899e-01 3.500000000000000000e+00
-2.869475760476366544e-01 3.500000000000000000e+00
-2.811084207056394058e-01 3.500000000000000000e+00
-2.772647845983715054e-01 3.500000000000000000e+00
-2.772044553043705450e-01 3.500000000000000000e+00
-2.558889627294022584e-01 3.500000000000000000e+00
-2.490939574638229292e-01 3.500000000000000000e+00
-2.211800784517563290e-01 3.500000000000000000e+00
-1.866418553474149533e-01 3.500000000000000000e+00
-1.722470225675340194e-01 3.500000000000000000e+00
-1.649126083631234085e-01 3.500000000000000000e+00
-1.574052039558511140e-01 3.500000000000000000e+00
-1.397570875915384869e-01 3.500000000000000000e+00
-1.066566775505550235e-01 3.500000000000000000e+00
-8.118036750435983495e-02 3.500000000000000000e+00
-6.916191238347990655e-02 3.500000000000000000e+00
-4.781594550219501333e-02 3.500000000000000000e+00
-2.608899452034152411e-02 3.500000000000000000e+00
-1.887902666658924228e-02 3.500000000000000000e+00
-1.621822757727807082e-02 3.500000000000000000e+00
-4.679058828965508912e-03 3.500000000000000000e+00
3.296512288350752357e-02 3.500000000000000000e+00
6.787703100659812916e-02 3.500000000000000000e+00
7.235029429818221058e-02 3.500000000000000000e+00
8.667306647127641372e-02 3.500000000000000000e+00
1.221858764083788712e-01 3.500000000000000000e+00
1.610057395088832499e-01 3.500000000000000000e+00
1.813125749285849631e-01 3.500000000000000000e+00
2.148180798474839115e-01 3.500000000000000000e+00
2.292681044112707678e-01 3.500000000000000000e+00
2.301998360968622870e-01 3.500000000000000000e+00
2.336133681540885076e-01 3.500000000000000000e+00
2.405212485695935321e-01 3.500000000000000000e+00
3.170314099183439982e-01 3.500000000000000000e+00
3.254145301621839126e-01 3.500000000000000000e+00
3.315086525515849036e-01 3.500000000000000000e+00
3.784784181230351763e-01 3.500000000000000000e+00
4.253628823715059348e-01 3.500000000000000000e+00
4.296019645937093068e-01 3.500000000000000000e+00
4.393147330312092147e-01 3.500000000000000000e+00
4.631654387380145788e-01 3.500000000000000000e+00
4.647458427570827499e-01 3.500000000000000000e+00
4.717006802188426495e-01 3.500000000000000000e+00
4.888124921894221875e-01 3.500000000000000000e+00
5.570305542824222078e-01 3.500000000000000000e+00
5.812933212033826180e-01 3.500000000000000000e+00
5.904850948899919016e-01 3.500000000000000000e+00
6.131728677751634438e-01 3.500000000000000000e+00
6.605673023017384349e-01 3.500000000000000000e+00
6.760397885914637417e-01 3.500000000000000000e+00
6.761063457760960738e-01 3.500000000000000000e+00
6.849537158983423080e-01 3.500000000000000000e+00
6.895258180277844540e-01 3.500000000000000000e+00
7.068930295006862208e-01 3.500000000000000000e+00
7.532425129853749235e-01 3.500000000000000000e+00
7.541134521918724243e-01 3.500000000000000000e+00
8.120404290293294913e-01 3.500000000000000000e+00
8.280370357268456161e-01 3.500000000000000000e+00
8.422293860174029367e-01 3.500000000000000000e+00
9.023428088991722884e-01 3.500000000000000000e+00
9.061622468712933198e-01 3.500000000000000000e+00
9.230219272167697886e-01 3.500000000000000000e+00
9.283956156975413654e-01 3.500000000000000000e+00
9.376808141953660858e-01 3.500000000000000000e+00
9.564222013123715449e-01 3.500000000000000000e+00
1.029489304384180182e+00 3.500000000000000000e+00
1.057594911757243183e+00 3.500000000000000000e+00
1.081956045910966502e+00 3.500000000000000000e+00
1.110384607744668406e+00 3.500000000000000000e+00
1.124889737432891224e+00 3.500000000000000000e+00
1.177942361094748147e+00 3.500000000000000000e+00
1.197127769863750579e+00 3.500000000000000000e+00
1.206638758741021444e+00 3.500000000000000000e+00
1.278361176652188513e+00 3.500000000000000000e+00
1.285422955992923999e+00 3.500000000000000000e+00
1.351972715637912659e+00 3.500000000000000000e+00
1.381839040506394278e+00 3.500000000000000000e+00
1.448777760780681545e+00 3.500000000000000000e+00
1.462264953352010233e+00 3.500000000000000000e+00
1.536923813778605874e+00 3.500000000000000000e+00
1.557116558480140300e+00 3.500000000000000000e+00
1.618201039358670545e+00 3.500000000000000000e+00
1.654363813771672964e+00 3.500000000000000000e+00
1.715694118635771925e+00 3.500000000000000000e+00
1.810777012826703558e+00 3.500000000000000000e+00
1.824798340588499546e+00 3.500000000000000000e+00
1.922743993270745744e+00 3.500000000000000000e+00
2.070808251713688541e+00 3.500000000000000000e+00
2.080284989919844563e+00 3.500000000000000000e+00
2.169337234880464038e+00 3.500000000000000000e+00
2.327829460030478526e+00 3.500000000000000000e+00
2.537935407140851751e+00 3.500000000000000000e+00
-2.869465525881735424e+00 2.500000000000000000e+00
-2.796858767173729277e+00 2.500000000000000000e+00
-2.723298655948441116e+00 2.500000000000000000e+00
-2.652437059985204737e+00 2.500000000000000000e+00
-2.650767363289730394e+00 2.500000000000000000e+00
-2.583468597640125264e+00 2.500000000000000000e+00
-2.579798483486998695e+00 2.500000000000000000e+00
-2.528135933733865137e+00 2.500000000000000000e+00
-2.499529942928914839e+00 2.500000000000000000e+00
-2.467502945810612136e+00 2.500000000000000000e+00
-2.441002055912160795e+00 2.500000000000000000e+00
-2.410200343166366554e+00 2.500000000000000000e+00
-2.387706777180709672e+00 2.500000000000000000e+00
-2.331942023965786426e+00 2.500000000000000000e+00
-2.309748372921577531e+00 2.500000000000000000e+00
-2.303110042552558578e+00 2.500000000000000000e+00
-2.274229536116221695e+00 2.500000000000000000e+00
-2.249544516664196081e+00 2.500000000000000000e+00
-2.230736439969285723e+00 2.500000000000000000e+00
-2.177967758117418828e+00 2.500000000000000000e+00
-2.171752314403729400e+00 2.500000000000000000e+00
-2.166461720231800392e+00 2.500000000000000000e+00
-2.155373994505960678e+00 2.500000000000000000e+00
-2.097294332922739812e+00 2.500000000000000000e+00
-2.083109105362554114e+00 2.500000000000000000e+00
-2.054894519761662153e+00 2.500000000000000000e+00
-2.043019456465036576e+00 2.500000000000000000e+00
-2.010763419118194673e+00 2.500000000000000000e+00
-2.001527505744812974e+00 2.500000000000000000e+00
-1.996913916520072663e+00 2.500000000000000000e+00
-1.961354061702267115e+00 2.500000000000000000e+00
-1.928506393840283550e+00 2.500000000000000000e+00
-1.926945923749507683e+00 2.500000000000000000e+00
-1.924341157684930081e+00 2.500000000000000000e+00
-1.921551145122803783e+00 2.500000000000000000e+00
-1.906010990222601009e+00 2.500000000000000000e+00
-1.899950421822615088e+00 2.500000000000000000e+00
-1.869454300411901970e+00 2.500000000000000000e+00
-1.836626103879652527e+00 2.500000000000000000e+00
-1.823860684012857281e+00 2.500000000000000000e+00
-1.813803254276221910e+00 2.500000000000000000e+00
-1.778557579808486722e+00 2.500000000000000000e+00
-1.764915385821927973e+00 2.500000000000000000e+00
-1.759486706851740578e+00 2.500000000000000000e+00
-1.753238832520231716e+00 2.500000000000000000e+00
-1.750208612867365732e+00 2.500000000000000000e+00
-1.698008284947098767e+00 2.500000000000000000e+00
-1.675857792612513109e+00 2.500000000000000000e+00
-1.675141488454212402e+00 2.500000000000000000e+00
-1.674038957884742551e+00 2.500000000000000000e+00
-1.672255965801327404e+00 2.500000000000000000e+00
-1.622876784413118223e+00 2.500000000000000000e+00
-1.613148816651403639e+00 2.500000000000000000e+00
-1.607971901913393342e+00 2.500000000000000000e+00
-1.600870540405678000e+00 2.500000000000000000e+00
-1.583327879018496587e+00 2.500000000000000000e+00
-1.550751060810824589e+00 2.500000000000000000e+00
-1.538321753108696566e+00 2.500000000000000000e+00
-1.535841688188643195e+00 2.500000000000000000e+00
-1.526244815500773733e+00 2.500000000000000000e+00
-1.514247150303531297e+00 2.500000000000000000e+00
-1.501290870575719971e+00 2.500000000000000000e+00
-1.492093588983081087e+00 2.500000000000000000e+00
-1.442250363120530787e+00 2.500000000000000000e+00
-1.438763494027892165e+00 2.500000000000000000e+00
-1.438098224712533790e+00 2.500000000000000000e+00
-1.433251061083653966e+00 2.500000000000000000e+00
-1.415443555683797650e+00 2.500000000000000000e+00
-1.409356058255371247e+00 2.500000000000000000e+00
-1.363577886251701399e+00 2.500000000000000000e+00
-1.355729852109724520e+00 2.500000000000000000e+00
-1.346748376890171128e+00 2.500000000000000000e+00
-1.344528619784719936e+00 2.500000000000000000e+00
-1.337610244373972357e+00 2.500000000000000000e+00
-1.308603128294923090e+00 2.500000000000000000e+00
-1.286098801166959849e+00 2.500000000000000000e+00
-1.285119191046683040e+00 2.500000000000000000e+00
-1.283296416963969344e+00 2.500000000000000000e+00
-1.280165125614205479e+00 2.500000000000000000e+00
-1.257793890996327324e+00 2.500000000000000000e+00
-1.256305205310594308e+00 2.500000000000000000e+00
-1.241848003061901018e+00 2.500000000000000000e+00
-1.212687928476632093e+00 2.500000000000000000e+00
-1.179958353018100148e+00 2.500000000000000000e+00
-1.165137798740855546e+00 2.500000000000000000e+00
-1.163726373452598217e+00 2.500000000000000000e+00
-1.163619695183076841e+00 2.500000000000000000e+00
-1.155052318909046249e+00 2.500000000000000000e+00
-1.154143606559617785e+00 2.500000000000000000e+00
-1.124629125448842082e+00 2.500000000000000000e+00
-1.113622435920372133e+00 2.500000000000000000e+00
-1.097512491108468380e+00 2.500000000000000000e+00
-1.087147328016921710e+00 2.500000000000000000e+00
-1.086294755507975163e+00 2.500000000000000000e+00
-1.068198324150289924e+00 2.500000000000000000e+00
-1.040644961274349800e+00 2.500000000000000000e+00
-1.038142800657892106e+00 2.500000000000000000e+00
-1.032739432141718261e+00 2.500000000000000000e+00
-1.026285112163925373e+00 2.500000000000000000e+00
-1.026250965346509281e+00 2.500000000000000000e+00
-1.013815227141194208e+00 2.500000000000000000e+00
-1.004130226363562750e+00 2.500000000000000000e+00
-9.850093885141781858e-01 2.500000000000000000e+00
-9.783492247961873556e-01 2.500000000000000000e+00
-9.371248418870694596e-01 2.500000000000000000e+00
-9.303286090427044241e-01 2.500000000000000000e+00
-9.285141259887147447e-01 2.500000000000000000e+00
-9.243195521770356526e-01 2.500000000000000000e+00
-9.215012780985586405e-01 2.500000000000000000e+00
-8.978551521064759289e-01 2.500000000000000000e+00
-8.974766814893359035e-01 2.500000000000000000e+00
-8.847648201116705691e-01 2.500000000000000000e+00
-8.835864598461755648e-01 2.500000000000000000e+00
-8.500266912480638481e-01 2.500000000000000000e+00
-8.436853834095525695e-01 2.500000000000000000e+00
-8.271478453406423403e-01 2.500000000000000000e+00
-8.211352790979634664e-01 2.500000000000000000e+00
-8.197956812214042266e-01 2.500000000000000000e+00
-8.181113169946783170e-01 2.500000000000000000e+00
-8.124131731315965554e-01 2.500000000000000000e+00
-7.964464571818319349e-01 2.500000000000000000e+00
-7.948890806664885567e-01 2.500000000000000000e+00
-7.928965571427459835e-01 2.500000000000000000e+00
-7.920795730885408226e-01 2.500000000000000000e+00
-7.806705825255282338e-01 2.500000000000000000e+00
-7.444733193850295860e-01 2.500000000000000000e+00
-7.280916617073817099e-01 2.500000000000000000e+00
-7.249080164626187095e-01 2.500000000000000000e+00
-7.186534984381045543e-01 2.500000000000000000e+00
-7.160249002180254507e-01 2.500000000000000000e+00
-7.087926642953094047e-01 2.500000000000000000e+00
-7.001802549270280673e-01 2.500000000000000000e+00
-6.988425579643077201e-01 2.500000000000000000e+00
-6.910062364185405315e-01 2.500000000000000000e+00
-6.773179019971037329e-01 2.500000000000000000e+00
-6.749422973908486556e-01 2.500000000000000000e+00
-6.564883215496610802e-01 2.500000000000000000e+00
-6.494285220132193226e-01 2.500000000000000000e+00
-6.305775362200893852e-01 2.500000000000000000e+00
-6.213722341253217207e-01 2.500000000000000000e+00
-6.105905360546765026e-01 2.500000000000000000e+00
-6.058112254694347776e-01 2.500000000000000000e+00
-5.983018407563207575e-01 2.500000000000000000e+00
-5.959895352506713317e-01 2.500000000000000000e+00
-5.914777820088551463e-01 2.500000000000000000e+00
-5.836965296442374607e-01 2.500000000000000000e+00
-5.757433428075331427e-01 2.500000000000000000e+00
-5.672114340963112511e-01 2.500000000000000000e+00
-5.646225821541213108e-01 2.500000000000000000e+00
-5.601019291883793105e-01 2.500000000000000000e+00
-5.448928611149003176e-01 2.500000000000000000e+00
-5.375312517732534490e-01 2.500000000000000000e+00
-5.349362358322796718e-01 2.500000000000000000e+00
-5.070685166426457391e-01 2.500000000000000000e+00
-5.045269816604947000e-01 2.500000000000000000e+00
-4.971322267393130656e-01 2.500000000000000000e+00
-4.826430565849306742e-01 2.500000000000000000e+00
-4.762924450902304430e-01 2.500000000000000000e+00
-4.718810560465937498e-01 2.500000000000000000e+00
-4.649250590233986458e-01 2.500000000000000000e+00
-4.632473960549313707e-01 2.500000000000000000e+00
-4.536944604422770144e-01 2.500000000000000000e+00
-4.466989938089757639e-01 2.500000000000000000e+00
-4.458921059294690403e-01 2.500000000000000000e+00
-4.447729861901089099e-01 2.500000000000000000e+00
-4.154269894197273882e-01 2.500000000000000000e+00
-4.020460789050129824e-01 2.500000000000000000e+00
-3.924726456169150279e-01 2.500000000000000000e+00
-3.856970990224738993e-01 2.500000000000000000e+00
-3.719842917616273392e-01 2.500000000000000000e+00
-3.569859148068839083e-01 2.500000000000000000e+00
-3.535539059488419511e-01 2.500000000000000000e+00
-3.520205581711101650e-01 2.500000000000000000e+00
-3.499147051016803234e-01 2.500000000000000000e+00
-3.340550331144526153e-01 2.500000000000000000e+00
-3.232531387505455656e-01 2.500000000000000000e+00
-3.059544336791297225e-01 2.500000000000000000e+00
-3.001841134503041020e-01 2.500000000000000000e+00
-2.900813336271570453e-01 2.500000000000000000e+00
-2.838967438701143209e-01 2.500000000000000000e+00
-2.768796209346118808e-01 2.500000000000000000e+00
-2.648622013869109115e-01 2.500000000000000000e+00
-2.596815599527445007e-01 2.500000000000000000e+00
-2.532308088195281415e-01 2.500000000000000000e+00
-2.499383891450650819e-01 2.500000000000000000e+00
-2.415166030322997703e-01 2.500000000000000000e+00
-2.291437468662120835e-01 2.500000000000000000e+00
-2.256312105264741685e-01 2.500000000000000000e+00
-2.044899922007857029e-01 2.500000000000000000e+00
-2.001031143104718690e-01 2.500000000000000000e+00
-1.993647308825721720e-01 2.500000000000000000e+00
-1.824449430880297207e-01 2.500000000000000000e+00
-1.745028145102817951e-01 2.500000000000000000e+00
-1.610835003105895724e-01 2.500000000000000000e+00
-1.473069537390380157e-01 2.500000000000000000e+00
-1.382114502922779931e-01 2.500000000000000000e+00
-1.342196961727941396e-01 2.500000000000000000e+00
-1.229641165855493018e-01 2.500000000000000000e+00
-1.119478225588979026e-01 2.500000000000000000e+00
-1.042789265456178088e-01 2.500000000000000000e+00
-1.010863449584914475e-01 2.500000000000000000e+00
-9.356580733918676285e-02 2.500000000000000000e+00
-8.654909490206215417e-02 2.500000000000000000e+00
-7.510751325782855092e-02 2.500000000000000000e+00
-6.328413601803235811e-02 2.500000000000000000e+00
-5.448872670651816463e-02 2.500000000000000000e+00
-5.299425254134848551e-02 2.500000000000000000e+00
-5.182460765684203385e-02 2.500000000000000000e+00
-3.072821320217392765e-02 2.500000000000000000e+00
-2.012272681417645939e-02 2.500000000000000000e+00
-8.120849302807072248e-03 2.500000000000000000e+00
-7.388111942856440649e-03 2.500000000000000000e+00
2.684523073653418616e-04 2.500000000000000000e+00
7.321405817709922791e-03 2.500000000000000000e+00
1.491311618609943851e-02 2.500000000000000000e+00
1.768541348490800663e-02 2.500000000000000000e+00
2.350642003194739621e-02 2.500000000000000000e+00
2.908364713799441170e-02 2.500000000000000000e+00
3.548148533217516248e-02 2.500000000000000000e+00
3.565028342558990149e-02 2.500000000000000000e+00
4.806651502227913403e-02 2.500000000000000000e+00
7.502965932625162149e-02 2.500000000000000000e+00
8.516770426524758464e-02 2.500000000000000000e+00
1.149576203302618421e-01 2.500000000000000000e+00
1.200701654605790952e-01 2.500000000000000000e+00
1.222776542716239728e-01 2.500000000000000000e+00
1.240138574466860544e-01 2.500000000000000000e+00
1.242311031150264700e-01 2.500000000000000000e+00
1.275785614155657277e-01 2.500000000000000000e+00
1.422171512615652000e-01 2.500000000000000000e+00
1.497910606831238667e-01 2.500000000000000000e+00
1.639016037893177291e-01 2.500000000000000000e+00
1.648724774613606059e-01 2.500000000000000000e+00
1.948236957825771332e-01 2.500000000000000000e+00
2.050306284389424583e-01 2.500000000000000000e+00
2.118676655477444160e-01 2.500000000000000000e+00
2.142759887202400626e-01 2.500000000000000000e+00
2.144140068850736713e-01 2.500000000000000000e+00
2.208742842698079856e-01 2.500000000000000000e+00
2.355524169125872980e-01 2.500000000000000000e+00
2.585441521509487806e-01 2.500000000000000000e+00
2.615588006247870356e-01 2.500000000000000000e+00
2.665005809685681570e-01 2.500000000000000000e+00
2.736241510192591320e-01 2.500000000000000000e+00
2.855048911127411881e-01 2.500000000000000000e+00
2.859147197913800564e-01 2.500000000000000000e+00
2.905757985389236242e-01 2.500000000000000000e+00
2.928050653433021955e-01 2.500000000000000000e+00
2.957588648119867103e-01 2.500000000000000000e+00
3.029050685039571533e-01 2.500000000000000000e+00
3.586522327546881606e-01 2.500000000000000000e+00
3.748799576566336778e-01 2.500000000000000000e+00
3.765524879663992297e-01 2.500000000000000000e+00
3.832588784899162437e-01 2.500000000000000000e+00
3.871689301722191501e-01 2.500000000000000000e+00
3.875215722782126559e-01 2.500000000000000000e+00
3.985214665831821601e-01 2.500000000000000000e+00
4.119837589979235548e-01 2.500000000000000000e+00
4.147014824292224455e-01 2.500000000000000000e+00
4.245385972552469522e-01 2.500000000000000000e+00
4.502136804079986399e-01 2.500000000000000000e+00
4.562365077999595009e-01 2.500000000000000000e+00
4.805927924957061892e-01 2.500000000000000000e+00
4.824734516995225486e-01 2.500000000000000000e+00
4.837390950821078284e-01 2.500000000000000000e+00
4.877745177831462886e-01 2.500000000000000000e+00
4.937488996620873483e-01 2.500000000000000000e+00
4.969545195169992602e-01 2.500000000000000000e+00
5.103790831171849396e-01 2.500000000000000000e+00
5.188129274580782768e-01 2.500000000000000000e+00
5.240305989133724474e-01 2.500000000000000000e+00
5.479779642971434050e-01 2.500000000000000000e+00
5.484245715129326681e-01 2.500000000000000000e+00
5.566137978092386973e-01 2.500000000000000000e+00
5.672779500545561682e-01 2.500000000000000000e+00
5.687649705269720579e-01 2.500000000000000000e+00
5.761822866174827196e-01 2.500000000000000000e+00
6.172082673372337736e-01 2.500000000000000000e+00
6.413073044241439646e-01 2.500000000000000000e+00
6.499218919160379970e-01 2.500000000000000000e+00
6.566706757638514080e-01 2.500000000000000000e+00
6.615622418246188685e-01 2.500000000000000000e+00
6.621070841442068255e-01 2.500000000000000000e+00
6.649831687104643674e-01 2.500000000000000000e+00
6.668046052104000809e-01 2.500000000000000000e+00
6.784546967229764247e-01 2.500000000000000000e+00
6.985798721791867116e-01 2.500000000000000000e+00
7.217905499741208430e-01 2.500000000000000000e+00
7.224424844826351499e-01 2.500000000000000000e+00
7.254990405916597052e-01 2.500000000000000000e+00
7.366478363437108934e-01 2.500000000000000000e+00
7.372614241029422644e-01 2.500000000000000000e+00
7.455032805743010416e-01 2.500000000000000000e+00
7.511842493765458206e-01 2.500000000000000000e+00
7.568896403940683637e-01 2.500000000000000000e+00
7.749142805422227775e-01 2.500000000000000000e+00
7.855127638076730978e-01 2.500000000000000000e+00
8.115520844598443917e-01 2.500000000000000000e+00
8.153671967876335858e-01 2.500000000000000000e+00
8.165261824570135829e-01 2.500000000000000000e+00
8.170982140420975925e-01 2.500000000000000000e+00
8.177613626624716803e-01 2.500000000000000000e+00
8.242380991336797358e-01 2.500000000000000000e+00
8.633183737590279794e-01 2.500000000000000000e+00
8.634208093183177724e-01 2.500000000000000000e+00
8.904610542477959800e-01 2.500000000000000000e+00
9.057564847254198082e-01 2.500000000000000000e+00
9.082826216353870885e-01 2.500000000000000000e+00
9.153904306656470702e-01 2.500000000000000000e+00
9.291723838337158092e-01 2.500000000000000000e+00
9.585107457408565956e-01 2.500000000000000000e+00
9.591641375804853542e-01 2.500000000000000000e+00
9.597144440379201669e-01 2.500000000000000000e+00
9.659336524210027086e-01 2.500000000000000000e+00
9.661088995150232117e-01 2.500000000000000000e+00
9.754962191283985673e-01 2.500000000000000000e+00
9.865705080096066615e-01 2.500000000000000000e+00
9.931265065822306726e-01 2.500000000000000000e+00
9.947921458671670214e-01 2.500000000000000000e+00
1.002366158926782935e+00 2.500000000000000000e+00
1.017015980690208599e+00 2.500000000000000000e+00
1.021955167756914307e+00 2.500000000000000000e+00
1.056767090560630118e+00 2.500000000000000000e+00
1.068492239041669789e+00 2.500000000000000000e+00
1.074711458475217540e+00 2.500000000000000000e+00
1.086454931703596305e+00 2.500000000000000000e+00
1.094375617182939520e+00 2.500000000000000000e+00
1.111692797516612652e+00 2.500000000000000000e+00
1.114161464266003820e+00 2.500000000000000000e+00
1.124531959890995747e+00 2.500000000000000000e+00
1.148576756238289809e+00 2.500000000000000000e+00
1.175255314332300571e+00 2.500000000000000000e+00
1.177830019179633370e+00 2.500000000000000000e+00
1.184767074493233485e+00 2.500000000000000000e+00
1.186529797260248209e+00 2.500000000000000000e+00
1.190909721587304571e+00 2.500000000000000000e+00
1.203270676925727534e+00 2.500000000000000000e+00
1.227566362276399481e+00 2.500000000000000000e+00
1.231775783047413864e+00 2.500000000000000000e+00
1.242026718033498067e+00 2.500000000000000000e+00
1.245734431034638767e+00 2.500000000000000000e+00
1.265797885102723619e+00 2.500000000000000000e+00
1.270515004780019552e+00 2.500000000000000000e+00
1.275270295085474181e+00 2.500000000000000000e+00
1.286141249378087936e+00 2.500000000000000000e+00
1.333448423140961792e+00 2.500000000000000000e+00
1.341009628071865745e+00 2.500000000000000000e+00
1.344201273148196485e+00 2.500000000000000000e+00
1.346229278247833783e+00 2.500000000000000000e+00
1.354603568187153106e+00 2.500000000000000000e+00
1.361932503983204645e+00 2.500000000000000000e+00
1.422578172820204934e+00 2.500000000000000000e+00
1.432328650404584014e+00 2.500000000000000000e+00
1.446517099964360398e+00 2.500000000000000000e+00
1.447536547783940142e+00 2.500000000000000000e+00
1.451368120058070810e+00 2.500000000000000000e+00
1.452201022848418788e+00 2.500000000000000000e+00
1.453031799054376849e+00 2.500000000000000000e+00
1.461123727024589369e+00 2.500000000000000000e+00
1.463265289661904944e+00 2.500000000000000000e+00
1.520583520150571077e+00 2.500000000000000000e+00
1.534583827830341418e+00 2.500000000000000000e+00
1.543101396865461883e+00 2.500000000000000000e+00
1.572791713764153831e+00 2.500000000000000000e+00
1.609210917193586221e+00 2.500000000000000000e+00
1.610970184346074197e+00 2.500000000000000000e+00
1.613705869547580329e+00 2.500000000000000000e+00
1.613970516417698065e+00 2.500000000000000000e+00
1.630342617293945695e+00 2.500000000000000000e+00
1.642436432798709545e+00 2.500000000000000000e+00
1.692487973236463272e+00 2.500000000000000000e+00
1.703956335025280877e+00 2.500000000000000000e+00
1.710747953631186036e+00 2.500000000000000000e+00
1.714183538709800558e+00 2.500000000000000000e+00
1.724625659619734463e+00 2.500000000000000000e+00
1.728800943496203502e+00 2.500000000000000000e+00
1.748835710567057111e+00 2.500000000000000000e+00
1.791201893122535083e+00 2.500000000000000000e+00
1.802242108784762875e+00 2.500000000000000000e+00
1.822465711764241325e+00 2.500000000000000000e+00
1.865613389308539816e+00 2.500000000000000000e+00
1.885402668971815299e+00 2.500000000000000000e+00
1.887187444629712774e+00 2.500000000000000000e+00
1.901750795411795147e+00 2.500000000000000000e+00
1.922712475465938153e+00 2.500000000000000000e+00
1.966703913880165411e+00 2.500000000000000000e+00
1.979842160503837878e+00 2.500000000000000000e+00
1.985921003078910951e+00 2.500000000000000000e+00
2.000928632753993686e+00 2.500000000000000000e+00
2.079769659624179035e+00 2.500000000000000000e+00
2.083977121912095942e+00 2.500000000000000000e+00
2.098466407525161337e+00 2.500000000000000000e+00
2.142737314301761398e+00 2.500000000000000000e+00
2.151052444865900082e+00 2.500000000000000000e+00
2.160477673464640258e+00 2.500000000000000000e+00
2.181348562925454981e+00 2.500000000000000000e+00
2.199465430026312340e+00 2.500000000000000000e+00
2.244608016478798262e+00 2.500000000000000000e+00
2.250829598351931971e+00 2.500000000000000000e+00
2.260891871417583854e+00 2.500000000000000000e+00
2.344736346502567237e+00 2.500000000000000000e+00
2.352259081991630030e+00 2.500000000000000000e+00
2.358547753444893313e+00 2.500000000000000000e+00
2.361946354048299668e+00 2.500000000000000000e+00
2.411356559808984557e+00 2.500000000000000000e+00
2.425409685638873825e+00 2.500000000000000000e+00
2.453881269428921374e+00 2.500000000000000000e+00
2.460919478813504480e+00 2.500000000000000000e+00
2.528314510062110720e+00 2.500000000000000000e+00
2.615456823626970184e+00 2.500000000000000000e+00
2.617379868638532336e+00 2.500000000000000000e+00
2.624223888802091231e+00 2.500000000000000000e+00
2.625590023949574636e+00 2.500000000000000000e+00
2.643344294253934468e+00 2.500000000000000000e+00
2.718480986765580365e+00 2.500000000000000000e+00
2.746768010359585954e+00 2.500000000000000000e+00
2.834190130057900880e+00 2.500000000000000000e+00
2.884218102844791520e+00 2.500000000000000000e+00
2.902717907729692293e+00 2.500000000000000000e+00
2.913124104232715617e+00 2.500000000000000000e+00
3.006819467973006255e+00 2.500000000000000000e+00
3.103949041013554400e+00 2.500000000000000000e+00
3.174284528005143713e+00 2.500000000000000000e+00
3.188322791995082284e+00 2.500000000000000000e+00
3.293297054395844192e+00 2.500000000000000000e+00
3.396291232033112450e+00 2.500000000000000000e+00
3.462176999023464319e+00 2.500000000000000000e+00
3.686086402447527277e+00 2.500000000000000000e+00
3.952996502830231851e+00 2.500000000000000000e+00
-2.829027088595137407e+00 1.500000000000000000e+00
-2.762101155271292185e+00 1.500000000000000000e+00
-2.697941801745764145e+00 1.500000000000000000e+00
-2.640431912805006665e+00 1.500000000000000000e+00
-2.614732562215675404e+00 1.500000000000000000e+00
-2.547609621644080224e+00 1.500000000000000000e+00
-2.481147961664097679e+00 1.500000000000000000e+00
-2.427952796010722114e+00 1.500000000000000000e+00
-2.422557107269005527e+00 1.500000000000000000e+00
-2.401000016091471956e+00 1.500000000000000000e+00
-2.357139802537532525e+00 1.500000000000000000e+00
-2.330398538840845912e+00 1.500000000000000000e+00
-2.291235728631643376e+00 1.500000000000000000e+00
-2.251601040724801273e+00 1.500000000000000000e+00
-2.246223464941000003e+00 1.500000000000000000e+00
-2.233668969233939983e+00 1.500000000000000000e+00
-2.208012671938450300e+00 1.500000000000000000e+00
-2.183074159058911778e+00 1.500000000000000000e+00
-2.153969219200475127e+00 1.500000000000000000e+00
-2.133893890874636767e+00 1.500000000000000000e+00
-2.113500814480477441e+00 1.500000000000000000e+00
-2.082371971836031399e+00 1.500000000000000000e+00
-2.064688816975813968e+00 1.500000000000000000e+00
-2.017492790608501618e+00 1.500000000000000000e+00
-2.005306912935359787e+00 1.500000000000000000e+00
-2.001904893765201976e+00 1.500000000000000000e+00
-1.991152197901000509e+00 1.500000000000000000e+00
-1.967156780481900125e+00 1.500000000000000000e+00
-1.962327713815095631e+00 1.500000000000000000e+00
-1.908406921941820267e+00 1.500000000000000000e+00
-1.897730491199085767e+00 1.500000000000000000e+00
-1.893266938878746863e+00 1.500000000000000000e+00
-1.889590849838187925e+00 1.500000000000000000e+00
-1.871454460289405874e+00 1.500000000000000000e+00
-1.845674278916157984e+00 1.500000000000000000e+00
-1.829077657969094828e+00 1.500000000000000000e+00
-1.828937049467069809e+00 1.500000000000000000e+00
-1.816645628089627040e+00 1.500000000000000000e+00
-1.768310834916650753e+00 1.500000000000000000e+00
-1.767415933253359439e+00 1.500000000000000000e+00
-1.762121185329237338e+00 1.500000000000000000e+00
-1.757677141572900670e+00 1.500000000000000000e+00
-1.754026593081073448e+00 1.500000000000000000e+00
-1.719214389640868479e+00 1.500000000000000000e+00
-1.715479909524080471e+00 1.500000000000000000e+00
-1.698943193485338288e+00 1.500000000000000000e+00
-1.675631138873790560e+00 1.500000000000000000e+00
-1.643548019999766963e+00 1.500000000000000000e+00
-1.643108424498582520e+00 1.500000000000000000e+00
-1.638697656546093118e+00 1.500000000000000000e+00
-1.638181288433318450e+00 1.500000000000000000e+00
-1.569749143085137355e+00 1.500000000000000000e+00
-1.569071920385142649e+00 1.500000000000000000e+00
-1.561395229465827983e+00 1.500000000000000000e+00
-1.536325064093331028e+00 1.500000000000000000e+00
-1.535176509897528963e+00 1.500000000000000000e+00
-1.516611542233413212e+00 1.500000000000000000e+00
-1.507204662224221892e+00 1.500000000000000000e+00
-1.497377702574569147e+00 1.500000000000000000e+00
-1.495037810379958199e+00 1.500000000000000000e+00
-1.489311750459720196e+00 1.500000000000000000e+00
-1.478529580568330060e+00 1.500000000000000000e+00
-1.465902701173259937e+00 1.500000000000000000e+00
-1.460610175175464320e+00 1.500000000000000000e+00
-1.449076053922216500e+00 1.500000000000000000e+00
-1.415778156424893464e+00 1.500000000000000000e+00
-1.403671713099001517e+00 1.500000000000000000e+00
-1.394169092215620909e+00 1.500000000000000000e+00
-1.382244097576835307e+00 1.500000000000000000e+00
-1.370587524799455892e+00 1.500000000000000000e+00
-1.348557107535875543e+00 1.500000000000000000e+00
-1.328423191022574112e+00 1.500000000000000000e+00
-1.313675122404121653e+00 1.500000000000000000e+00
-1.302999298887633772e+00 1.500000000000000000e+00
-1.291757757841532905e+00 1.500000000000000000e+00
-1.270926919818398337e+00 1.500000000000000000e+00
-1.259060081747861659e+00 1.500000000000000000e+00
-1.246159893450938361e+00 1.500000000000000000e+00
-1.243531043976566774e+00 1.500000000000000000e+00
-1.241055454599559349e+00 1.500000000000000000e+00
-1.236278775406077779e+00 1.500000000000000000e+00
-1.224977534076965968e+00 1.500000000000000000e+00
-1.218474846359780761e+00 1.500000000000000000e+00
-1.212946251026238764e+00 1.500000000000000000e+00
-1.202553591014713597e+00 1.500000000000000000e+00
-1.171683796555771817e+00 1.500000000000000000e+00
-1.164680261220595536e+00 1.500000000000000000e+00
-1.153840824983883850e+00 1.500000000000000000e+00
-1.129393360151714543e+00 1.500000000000000000e+00
-1.120405820289038568e+00 1.500000000000000000e+00
-1.090113934908566895e+00 1.500000000000000000e+00
-1.087822848317447688e+00 1.500000000000000000e+00
-1.079355528257170960e+00 1.500000000000000000e+00
-1.073545221375519887e+00 1.500000000000000000e+00
-1.047336841055674039e+00 1.500000000000000000e+00
-1.044451572101076753e+00 1.500000000000000000e+00
-1.025557509276278756e+00 1.500000000000000000e+00
-1.017761621613042289e+00 1.500000000000000000e+00
-1.014159948632952224e+00 1.500000000000000000e+00
-9.932043616743524428e-01 1.500000000000000000e+00
-9.912090410480969283e-01 1.500000000000000000e+00
-9.890631249825431182e-01 1.500000000000000000e+00
-9.872627445049231287e-01 1.500000000000000000e+00
-9.870100045648791953e-01 1.500000000000000000e+00
-9.836283481133268891e-01 1.500000000000000000e+00
-9.725841012131658525e-01 1.500000000000000000e+00
-9.586915268824321990e-01 1.500000000000000000e+00
-9.332016431029623860e-01 1.500000000000000000e+00
-9.327579388186728604e-01 1.500000000000000000e+00
-9.211576342376682769e-01 1.500000000000000000e+00
-9.063367914843929452e-01 1.500000000000000000e+00
-8.999691401806830804e-01 1.500000000000000000e+00
-8.989837731311376423e-01 1.500000000000000000e+00
-8.989268528072870135e-01 1.500000000000000000e+00
-8.969291507457695101e-01 1.500000000000000000e+00
-8.448755215870878965e-01 1.500000000000000000e+00
-8.409167684435358003e-01 1.500000000000000000e+00
-8.278266564101143254e-01 1.500000000000000000e+00
-8.204951442213841428e-01 1.500000000000000000e+00
-8.202636820205791990e-01 1.500000000000000000e+00
-8.180617141316363083e-01 1.500000000000000000e+00
-8.179319351338862898e-01 1.500000000000000000e+00
-8.089218220833953588e-01 1.500000000000000000e+00
-7.959848017505244400e-01 1.500000000000000000e+00
-7.699953012974803945e-01 1.500000000000000000e+00
-7.629394244089977573e-01 1.500000000000000000e+00
-7.560952990073541713e-01 1.500000000000000000e+00
-7.551426821987663462e-01 1.500000000000000000e+00
-7.520673311807559713e-01 1.500000000000000000e+00
-7.518344628395212670e-01 1.500000000000000000e+00
-7.503800274960443772e-01 1.500000000000000000e+00
-7.416926829806401722e-01 1.500000000000000000e+00
-7.318991348978274303e-01 1.500000000000000000e+00
-7.227961314570454654e-01 1.500000000000000000e+00
-7.112441006322249848e-01 1.500000000000000000e+00
-7.042874680816099131e-01 1.500000000000000000e+00
-6.845280884814304301e-01 1.500000000000000000e+00
-6.752699996580393549e-01 1.500000000000000000e+00
-6.731117843303440207e-01 1.500000000000000000e+00
-6.662212877437059255e-01 1.500000000000000000e+00
-6.616441454642773001e-01 1.500000000000000000e+00
-6.578581785919930258e-01 1.500000000000000000e+00
-6.509975962784474435e-01 1.500000000000000000e+00
-6.433260485049120403e-01 1.500000000000000000e+00
-6.403449784973583858e-01 1.500000000000000000e+00
-6.259714293103518790e-01 1.500000000000000000e+00
-6.099490213989614551e-01 1.500000000000000000e+00
-5.972411161914353839e-01 1.500000000000000000e+00
-5.812553086703171612e-01 1.500000000000000000e+00
-5.795571379525963351e-01 1.500000000000000000e+00
-5.768016371455908509e-01 1.500000000000000000e+00
-5.697878851499876829e-01 1.500000000000000000e+00
-5.604874418166889694e-01 1.500000000000000000e+00
-5.565595978603700145e-01 1.500000000000000000e+00
-5.548752877443631215e-01 1.500000000000000000e+00
-5.426843147678463986e-01 1.500000000000000000e+00
-5.407227255996072124e-01 1.500000000000000000e+00
-5.283732324091522381e-01 1.500000000000000000e+00
-5.237601625948423711e-01 1.500000000000000000e+00
-5.116155008896585699e-01 1.500000000000000000e+00
-5.061377128661770364e-01 1.500000000000000000e+00
-4.854217591813568822e-01 1.500000000000000000e+00
-4.812793892483872571e-01 1.500000000000000000e+00
-4.737039610490713648e-01 1.500000000000000000e+00
-4.694052144571674301e-01 1.500000000000000000e+00
-4.678194284864872765e-01 1.500000000000000000e+00
-4.643538176159391906e-01 1.500000000000000000e+00
-4.625807559709775862e-01 1.500000000000000000e+00
-4.590018791534058451e-01 1.500000000000000000e+00
-4.577923235808381563e-01 1.500000000000000000e+00
-4.242651263457485888e-01 1.500000000000000000e+00
-4.231221841437595721e-01 1.500000000000000000e+00
-4.098979611315344829e-01 1.500000000000000000e+00
-4.087351857858728676e-01 1.500000000000000000e+00
-3.800168911975193020e-01 1.500000000000000000e+00
-3.780805810618017571e-01 1.500000000000000000e+00
-3.772391833388938909e-01 1.500000000000000000e+00
-3.768041835490659186e-01 1.500000000000000000e+00
-3.738936965540362589e-01 1.500000000000000000e+00
-3.728474996483518433e-01 1.500000000000000000e+00
-3.718115796280638818e-01 1.500000000000000000e+00
-3.647963115238402332e-01 1.500000000000000000e+00
-3.512216824914119462e-01 1.500000000000000000e+00
-3.315423357474698296e-01 1.500000000000000000e+00
-3.199947434279629133e-01 1.500000000000000000e+00
-3.167950256477718440e-01 1.500000000000000000e+00
-3.145465652348080066e-01 1.500000000000000000e+00
-2.995414440235541487e-01 1.500000000000000000e+00
-2.957010567797264677e-01 1.500000000000000000e+00
-2.839053547689819879e-01 1.500000000000000000e+00
-2.815628123427247886e-01 1.500000000000000000e+00
-2.786874107648936727e-01 1.500000000000000000e+00
-2.774583302494847414e-01 1.500000000000000000e+00
-2.543726186986569049e-01 1.500000000000000000e+00
-2.496234381341229935e-01 1.500000000000000000e+00
-2.443675481310204622e-01 1.500000000000000000e+00
-2.387533842967716202e-01 1.500000000000000000e+00
-2.267138914895063528e-01 1.500000000000000000e+00
-2.251915297982828024e-01 1.500000000000000000e+00
-2.166482460117556130e-01 1.500000000000000000e+00
-2.101763954735626494e-01 1.500000000000000000e+00
-2.059834972165911771e-01 1.500000000000000000e+00
-2.014677681467025583e-01 1.500000000000000000e+00
-2.012353773592142625e-01 1.500000000000000000e+00
-1.861776970730765757e-01 1.500000000000000000e+00
-1.844507644301615623e-01 1.500000000000000000e+00
-1.688004445804716924e-01 1.500000000000000000e+00
-1.580790249825602400e-01 1.500000000000000000e+00
-1.550418248553206146e-01 1.500000000000000000e+00
-1.461960443039421464e-01 1.500000000000000000e+00
-1.427111998754163891e-01 1.500000000000000000e+00
-1.410252280324154894e-01 1.500000000000000000e+00
-1.297595364876038271e-01 1.500000000000000000e+00
-1.199230995864237204e-01 1.500000000000000000e+00
-1.112616204635960560e-01 1.500000000000000000e+00
-1.098503444778116400e-01 1.500000000000000000e+00
-1.030414092275410837e-01 1.500000000000000000e+00
-8.297390995885635390e-02 1.500000000000000000e+00
-7.636937929123099877e-02 1.500000000000000000e+00
-6.655261607388608669e-02 1.500000000000000000e+00
-6.199941200291096688e-02 1.500000000000000000e+00
-5.937801239558878480e-02 1.500000000000000000e+00
-5.338682077435905754e-02 1.500000000000000000e+00
-4.480257074893610053e-02 1.500000000000000000e+00
-4.372121702440744800e-02 1.500000000000000000e+00
-3.954627667899082016e-02 1.500000000000000000e+00
-2.998013192458968967e-02 1.500000000000000000e+00
-1.981796051325909400e-02 1.500000000000000000e+00
6.036902483097534439e-03 1.500000000000000000e+00
6.428053713070282921e-03 1.500000000000000000e+00
1.096842155886326373e-02 1.500000000000000000e+00
1.542611209279291622e-02 1.500000000000000000e+00
1.753765338449450942e-02 1.500000000000000000e+00
2.564328948015861392e-02 1.500000000000000000e+00
3.479184165503141496e-02 1.500000000000000000e+00
3.976119234647318423e-02 1.500000000000000000e+00
4.261912111736047837e-02 1.500000000000000000e+00
4.306706597353374133e-02 1.500000000000000000e+00
5.461322793256723207e-02 1.500000000000000000e+00
5.899498086692027410e-02 1.500000000000000000e+00
8.440619451944111895e-02 1.500000000000000000e+00
8.468942986214157698e-02 1.500000000000000000e+00
9.572113781043718739e-02 1.500000000000000000e+00
9.763435237439828385e-02 1.500000000000000000e+00
1.018464882566390700e-01 1.500000000000000000e+00
1.059833595208347218e-01 1.500000000000000000e+00
1.061323748755945567e-01 1.500000000000000000e+00
1.130883118312382557e-01 1.500000000000000000e+00
1.166224447062819553e-01 1.500000000000000000e+00
1.202634399203927479e-01 1.500000000000000000e+00
1.285527769908929863e-01 1.500000000000000000e+00
1.394207841728397901e-01 1.500000000000000000e+00
1.444115091022738218e-01 1.500000000000000000e+00
1.652536374205742786e-01 1.500000000000000000e+00
1.685726848158091429e-01 1.500000000000000000e+00
1.868549127367400697e-01 1.500000000000000000e+00
1.888612204442014775e-01 1.500000000000000000e+00
1.982246392235970933e-01 1.500000000000000000e+00
1.998421188344788602e-01 1.500000000000000000e+00
2.039060940471700278e-01 1.500000000000000000e+00
2.109442840539014763e-01 1.500000000000000000e+00
2.138091539997975521e-01 1.500000000000000000e+00
2.205394359062430587e-01 1.500000000000000000e+00
2.248369438138825560e-01 1.500000000000000000e+00
2.275409769284652828e-01 1.500000000000000000e+00
2.284534449237387854e-01 1.500000000000000000e+00
2.531048126346840954e-01 1.500000000000000000e+00
2.642208429488222543e-01 1.500000000000000000e+00
2.643580668107897713e-01 1.500000000000000000e+00
2.811151076322684905e-01 1.500000000000000000e+00
2.870776831008950425e-01 1.500000000000000000e+00
2.877914981079580103e-01 1.500000000000000000e+00
3.018451406671652792e-01 1.500000000000000000e+00
3.058476268482334670e-01 1.500000000000000000e+00
3.059927869955723079e-01 1.500000000000000000e+00
3.135383985460534761e-01 1.500000000000000000e+00
3.178360898690814618e-01 1.500000000000000000e+00
3.207741724612290790e-01 1.500000000000000000e+00
3.215620178323542189e-01 1.500000000000000000e+00
3.436513332393406617e-01 1.500000000000000000e+00
3.458792289529236674e-01 1.500000000000000000e+00
3.496150208424269601e-01 1.500000000000000000e+00
3.539712454486007021e-01 1.500000000000000000e+00
3.631445290247011792e-01 1.500000000000000000e+00
3.775839425887595469e-01 1.500000000000000000e+00
3.856164398978449426e-01 1.500000000000000000e+00
3.888058139289762294e-01 1.500000000000000000e+00
3.901678296009415958e-01 1.500000000000000000e+00
3.910201640755325281e-01 1.500000000000000000e+00
3.967801640429965970e-01 1.500000000000000000e+00
4.129707613445119940e-01 1.500000000000000000e+00
4.178871331810162237e-01 1.500000000000000000e+00
4.345662385324730037e-01 1.500000000000000000e+00
4.393519807713714420e-01 1.500000000000000000e+00
4.421240104434044360e-01 1.500000000000000000e+00
4.477147374558472226e-01 1.500000000000000000e+00
4.633406320165678327e-01 1.500000000000000000e+00
4.698767557732057565e-01 1.500000000000000000e+00
4.744980878490447362e-01 1.500000000000000000e+00
4.878711966197545324e-01 1.500000000000000000e+00
4.931129618122233049e-01 1.500000000000000000e+00
5.015023775474102274e-01 1.500000000000000000e+00
5.128029714014312734e-01 1.500000000000000000e+00
5.218727550227583167e-01 1.500000000000000000e+00
5.297712924467808948e-01 1.500000000000000000e+00
5.385296881404696423e-01 1.500000000000000000e+00
5.487305043237861168e-01 1.500000000000000000e+00
5.525774221854508061e-01 1.500000000000000000e+00
5.540312431464370357e-01 1.500000000000000000e+00
5.559707923816851194e-01 1.500000000000000000e+00
5.616736576065562980e-01 1.500000000000000000e+00
5.700238244204932636e-01 1.500000000000000000e+00
5.731955691378706197e-01 1.500000000000000000e+00
5.902309652618924485e-01 1.500000000000000000e+00
5.911009754183751408e-01 1.500000000000000000e+00
5.930388227320132488e-01 1.500000000000000000e+00
5.967246806649533220e-01 1.500000000000000000e+00
6.088900785604162147e-01 1.500000000000000000e+00
6.104295575558494891e-01 1.500000000000000000e+00
6.220985982796940483e-01 1.500000000000000000e+00
6.553100143980881143e-01 1.500000000000000000e+00
6.739753857654869895e-01 1.500000000000000000e+00
6.743300807994897506e-01 1.500000000000000000e+00
6.805809061400169835e-01 1.500000000000000000e+00
6.807629012765176180e-01 1.500000000000000000e+00
6.844825216587792083e-01 1.500000000000000000e+00
6.878015211836584486e-01 1.500000000000000000e+00
6.881217293360468723e-01 1.500000000000000000e+00
6.888539360101844089e-01 1.500000000000000000e+00
6.907447504163021224e-01 1.500000000000000000e+00
7.046547126995866828e-01 1.500000000000000000e+00
7.093803510045187943e-01 1.500000000000000000e+00
7.154478906958855466e-01 1.500000000000000000e+00
7.459735545057528672e-01 1.500000000000000000e+00
7.750979776386112130e-01 1.500000000000000000e+00
7.827827281528619841e-01 1.500000000000000000e+00
7.847890112961380948e-01 1.500000000000000000e+00
7.903270172764376156e-01 1.500000000000000000e+00
7.912720260127450445e-01 1.500000000000000000e+00
7.916490986394455476e-01 1.500000000000000000e+00
7.977612467761767689e-01 1.500000000000000000e+00
8.020842122330179569e-01 1.500000000000000000e+00
8.064278874249735107e-01 1.500000000000000000e+00
8.114970176442523053e-01 1.500000000000000000e+00
8.137698551706356032e-01 1.500000000000000000e+00
8.168871148118626024e-01 1.500000000000000000e+00
8.343898321294878073e-01 1.500000000000000000e+00
8.379761190486896272e-01 1.500000000000000000e+00
8.408956143208647926e-01 1.500000000000000000e+00
8.483594502417551864e-01 1.500000000000000000e+00
8.573457680814884352e-01 1.500000000000000000e+00
8.849878652015357172e-01 1.500000000000000000e+00
8.851137587706975340e-01 1.500000000000000000e+00
8.945756634159370835e-01 1.500000000000000000e+00
9.069450477474243488e-01 1.500000000000000000e+00
9.194415414448661172e-01 1.500000000000000000e+00
9.234215474435397697e-01 1.500000000000000000e+00
9.264165275487546980e-01 1.500000000000000000e+00
9.342918388359077175e-01 1.500000000000000000e+00
9.362666192215725047e-01 1.500000000000000000e+00
9.408909801274633056e-01 1.500000000000000000e+00
9.431878039912224843e-01 1.500000000000000000e+00
9.446777181604064655e-01 1.500000000000000000e+00
9.539732088665709986e-01 1.500000000000000000e+00
9.581006476870873589e-01 1.500000000000000000e+00
9.738768282927056097e-01 1.500000000000000000e+00
9.806027122290867926e-01 1.500000000000000000e+00
1.015912059705675219e+00 1.500000000000000000e+00
1.032718480626497959e+00 1.500000000000000000e+00
1.036061380148231015e+00 1.500000000000000000e+00
1.037319088999292482e+00 1.500000000000000000e+00
1.045778767698248846e+00 1.500000000000000000e+00
1.046854619525908525e+00 1.500000000000000000e+00
1.047867530978548123e+00 1.500000000000000000e+00
1.051559773622713578e+00 1.500000000000000000e+00
1.062877799139754442e+00 1.500000000000000000e+00
1.071411779806925146e+00 1.500000000000000000e+00
1.071978741015483516e+00 1.500000000000000000e+00
1.077940078372981336e+00 1.500000000000000000e+00
1.083970283376707977e+00 1.500000000000000000e+00
1.084520543568215478e+00 1.500000000000000000e+00
1.087272058334218583e+00 1.500000000000000000e+00
1.093270591854175855e+00 1.500000000000000000e+00
1.119223958502187699e+00 1.500000000000000000e+00
1.145577818887650201e+00 1.500000000000000000e+00
1.147523515322513843e+00 1.500000000000000000e+00
1.156245425604764954e+00 1.500000000000000000e+00
1.159573198166000463e+00 1.500000000000000000e+00
1.160401082233600834e+00 1.500000000000000000e+00
1.161162130957165584e+00 1.500000000000000000e+00
1.171181227079979958e+00 1.500000000000000000e+00
1.183459773550195271e+00 1.500000000000000000e+00
1.187678119800893661e+00 1.500000000000000000e+00
1.194403810048139558e+00 1.500000000000000000e+00
1.211198308375443178e+00 1.500000000000000000e+00
1.219853829379049293e+00 1.500000000000000000e+00
1.220767122819372608e+00 1.500000000000000000e+00
1.222994523676806722e+00 1.500000000000000000e+00
1.240009454311262527e+00 1.500000000000000000e+00
1.245294892806871889e+00 1.500000000000000000e+00
1.246287923195454894e+00 1.500000000000000000e+00
1.251604221225500302e+00 1.500000000000000000e+00
1.259182351228191887e+00 1.500000000000000000e+00
1.261132622224299338e+00 1.500000000000000000e+00
1.300819746337976035e+00 1.500000000000000000e+00
1.304507870599152186e+00 1.500000000000000000e+00
1.319430661126839155e+00 1.500000000000000000e+00
1.319795022227818970e+00 1.500000000000000000e+00
1.338466953398765202e+00 1.500000000000000000e+00
1.340246109467998714e+00 1.500000000000000000e+00
1.341213553534025271e+00 1.500000000000000000e+00
1.345048057832922916e+00 1.500000000000000000e+00
1.349562771702176311e+00 1.500000000000000000e+00
1.350563868015777214e+00 1.500000000000000000e+00
1.361236091194572673e+00 1.500000000000000000e+00
1.373195741310027751e+00 1.500000000000000000e+00
1.379995575275930531e+00 1.500000000000000000e+00
1.401642245135428233e+00 1.500000000000000000e+00
1.408611366182091151e+00 1.500000000000000000e+00
1.416932425081411928e+00 1.500000000000000000e+00
1.424653172550818914e+00 1.500000000000000000e+00
1.430113411536376944e+00 1.500000000000000000e+00
1.441892939466635326e+00 1.500000000000000000e+00
1.452343108759274859e+00 1.500000000000000000e+00
1.462586479647997706e+00 1.500000000000000000e+00
1.467693857824288850e+00 1.500000000000000000e+00
1.472086125043544413e+00 1.500000000000000000e+00
1.474375547335331049e+00 1.500000000000000000e+00
1.500476826087856486e+00 1.500000000000000000e+00
1.500941061242900165e+00 1.500000000000000000e+00
1.507595743779896358e+00 1.500000000000000000e+00
1.510024564812462389e+00 1.500000000000000000e+00
1.529227446528818257e+00 1.500000000000000000e+00
1.534888314685047828e+00 1.500000000000000000e+00
1.549253440130375692e+00 1.500000000000000000e+00
1.563975169240071406e+00 1.500000000000000000e+00
1.572276722592156561e+00 1.500000000000000000e+00
1.588129357847094969e+00 1.500000000000000000e+00
1.596614212435836233e+00 1.500000000000000000e+00
1.600016736579268350e+00 1.500000000000000000e+00
1.612997451579073260e+00 1.500000000000000000e+00
1.614863769967210150e+00 1.500000000000000000e+00
1.622424060073479835e+00 1.500000000000000000e+00
1.644182951580382523e+00 1.500000000000000000e+00
1.647756734662805034e+00 1.500000000000000000e+00
1.654757927175680710e+00 1.500000000000000000e+00
1.664187644061184690e+00 1.500000000000000000e+00
1.688714196648717580e+00 1.500000000000000000e+00
1.689756550907858257e+00 1.500000000000000000e+00
1.698607512704343625e+00 1.500000000000000000e+00
1.707716890998257409e+00 1.500000000000000000e+00
1.711617532029551914e+00 1.500000000000000000e+00
1.732348510095659488e+00 1.500000000000000000e+00
1.734891147518554444e+00 1.500000000000000000e+00
1.740748355036294104e+00 1.500000000000000000e+00
1.747463965132001862e+00 1.500000000000000000e+00
1.757283882476238235e+00 1.500000000000000000e+00
1.766179861021269115e+00 1.500000000000000000e+00
1.775285180083551184e+00 1.500000000000000000e+00
1.782551282360092637e+00 1.500000000000000000e+00
1.790883362815546054e+00 1.500000000000000000e+00
1.800966138688399720e+00 1.500000000000000000e+00
1.811622222444694286e+00 1.500000000000000000e+00
1.817599503980701359e+00 1.500000000000000000e+00
1.838088035403316001e+00 1.500000000000000000e+00
1.853340396725214001e+00 1.500000000000000000e+00
1.861599811393584991e+00 1.500000000000000000e+00
1.875555525849821326e+00 1.500000000000000000e+00
1.880719196994582676e+00 1.500000000000000000e+00
1.886386189718596729e+00 1.500000000000000000e+00
1.923503687335545997e+00 1.500000000000000000e+00
1.929669837859198545e+00 1.500000000000000000e+00
1.945768408033028640e+00 1.500000000000000000e+00
1.946939808781484871e+00 1.500000000000000000e+00
1.955613263427825155e+00 1.500000000000000000e+00
1.972533293060482862e+00 1.500000000000000000e+00
1.974271934802377393e+00 1.500000000000000000e+00
1.983179138728851321e+00 1.500000000000000000e+00
1.987970676955325589e+00 1.500000000000000000e+00
2.008415266651458975e+00 1.500000000000000000e+00
2.043090125961292358e+00 1.500000000000000000e+00
2.043223540765270130e+00 1.500000000000000000e+00
2.049657033111501381e+00 1.500000000000000000e+00
2.058602057653996731e+00 1.500000000000000000e+00
2.059968346356357838e+00 1.500000000000000000e+00
2.072746000879005290e+00 1.500000000000000000e+00
2.088717523803464537e+00 1.500000000000000000e+00
2.116275206019114563e+00 1.500000000000000000e+00
2.148083848268936169e+00 1.500000000000000000e+00
2.149499636722427720e+00 1.500000000000000000e+00
2.155526557303335977e+00 1.500000000000000000e+00
2.164985323620759683e+00 1.500000000000000000e+00
2.171209452281089636e+00 1.500000000000000000e+00
2.173944704016172125e+00 1.500000000000000000e+00
2.222647669765627221e+00 1.500000000000000000e+00
2.238756127791931227e+00 1.500000000000000000e+00
2.241531732198603688e+00 1.500000000000000000e+00
2.243098865701509848e+00 1.500000000000000000e+00
2.250828167717343398e+00 1.500000000000000000e+00
2.268184335147771069e+00 1.500000000000000000e+00
2.277435029643463338e+00 1.500000000000000000e+00
2.284788931494252218e+00 1.500000000000000000e+00
2.320661707986917399e+00 1.500000000000000000e+00
2.342551773280784122e+00 1.500000000000000000e+00
2.342717430107398080e+00 1.500000000000000000e+00
2.342895550797515991e+00 1.500000000000000000e+00
2.357012590447696176e+00 1.500000000000000000e+00
2.360429377096113335e+00 1.500000000000000000e+00
2.425149251126532679e+00 1.500000000000000000e+00
2.434280676545829358e+00 1.500000000000000000e+00
2.443941934823259832e+00 1.500000000000000000e+00
2.449498524656719134e+00 1.500000000000000000e+00
2.458799480157365824e+00 1.500000000000000000e+00
2.467555630785618792e+00 1.500000000000000000e+00
2.486000277885636045e+00 1.500000000000000000e+00
2.506013494136964503e+00 1.500000000000000000e+00
2.528148407070108572e+00 1.500000000000000000e+00
2.528971292156420692e+00 1.500000000000000000e+00
2.563110235378299961e+00 1.500000000000000000e+00
2.600027612852794601e+00 1.500000000000000000e+00
2.602370997314326750e+00 1.500000000000000000e+00
2.613501664959247073e+00 1.500000000000000000e+00
2.621454691123344727e+00 1.500000000000000000e+00
2.633033118837363684e+00 1.500000000000000000e+00
2.696083774708298186e+00 1.500000000000000000e+00
2.720798422789463267e+00 1.500000000000000000e+00
2.720971315905290400e+00 1.500000000000000000e+00
2.722408983281765948e+00 1.500000000000000000e+00
2.730945305398081224e+00 1.500000000000000000e+00
2.750431180409576459e+00 1.500000000000000000e+00
2.773199036203308765e+00 1.500000000000000000e+00
2.775629814363626213e+00 1.500000000000000000e+00
2.783557623355508159e+00 1.500000000000000000e+00
2.825954768723502930e+00 1.500000000000000000e+00
2.855850544966778148e+00 1.500000000000000000e+00
2.880051457638724610e+00 1.500000000000000000e+00
2.889831913277226771e+00 1.500000000000000000e+00
2.893586358546359705e+00 1.500000000000000000e+00
2.917871861457070004e+00 1.500000000000000000e+00
2.994890282621138322e+00 1.500000000000000000e+00
2.999564171965105164e+00 1.500000000000000000e+00
3.015205422918382006e+00 1.500000000000000000e+00
3.025463240564747913e+00 1.500000000000000000e+00
3.073663539175989001e+00 1.500000000000000000e+00
3.106977833980123282e+00 1.500000000000000000e+00
3.121325630631885506e+00 1.500000000000000000e+00
3.123108651986563622e+00 1.500000000000000000e+00
3.218974744627689955e+00 1.500000000000000000e+00
3.269073874912222788e+00 1.500000000000000000e+00
3.279792715703756301e+00 1.500000000000000000e+00
3.292085870686375593e+00 1.500000000000000000e+00
3.307198653999043003e+00 1.500000000000000000e+00
3.317631599827740807e+00 1.500000000000000000e+00
3.377228426984045573e+00 1.500000000000000000e+00
3.414228303421710020e+00 1.500000000000000000e+00
3.518577523789386596e+00 1.500000000000000000e+00
3.551258363338290813e+00 1.500000000000000000e+00
3.565793284110672534e+00 1.500000000000000000e+00
3.586464291295292650e+00 1.500000000000000000e+00
3.674925072759724465e+00 1.500000000000000000e+00
3.782069234808610680e+00 1.500000000000000000e+00
3.814943977174585221e+00 1.500000000000000000e+00
3.850543167455278581e+00 1.500000000000000000e+00
3.866793110248736287e+00 1.500000000000000000e+00
3.977347619888376595e+00 1.500000000000000000e+00
4.083499782360124897e+00 1.500000000000000000e+00
4.087561194209228255e+00 1.500000000000000000e+00
4.155256846505592350e+00 1.500000000000000000e+00
4.361403496031250882e+00 1.500000000000000000e+00
4.391253326645603750e+00 1.500000000000000000e+00
4.672770480945565019e+00 1.500000000000000000e+00
4.983887475392021926e+00 1.500000000000000000e+00
-2.783760485274777263e+00 5.000000000000000000e-01
-2.723756754032100602e+00 5.000000000000000000e-01
-2.572398038559633004e+00 5.000000000000000000e-01
-2.513457686707861072e+00 5.000000000000000000e-01
-2.383775929189257070e+00 5.000000000000000000e-01
-2.360016676651906398e+00 5.000000000000000000e-01
-2.322976685340653269e+00 5.000000000000000000e-01
-2.301274894177358643e+00 5.000000000000000000e-01
-2.199718384764926427e+00 5.000000000000000000e-01
-2.161606225178033469e+00 5.000000000000000000e-01
-2.149787086778614853e+00 5.000000000000000000e-01
-2.128766629555638890e+00 5.000000000000000000e-01
-2.097928094194209336e+00 5.000000000000000000e-01
-2.077591809171349890e+00 5.000000000000000000e-01
-2.050189943679904925e+00 5.000000000000000000e-01
-1.965322119903700315e+00 5.000000000000000000e-01
-1.929028580042371210e+00 5.000000000000000000e-01
-1.924075262619226123e+00 5.000000000000000000e-01
-1.919727304042624816e+00 5.000000000000000000e-01
-1.918330615963677044e+00 5.000000000000000000e-01
-1.868483502789943129e+00 5.000000000000000000e-01
-1.851364471904352271e+00 5.000000000000000000e-01
-1.819901068004591060e+00 5.000000000000000000e-01
-1.815677260069226584e+00 5.000000000000000000e-01
-1.747250621996831565e+00 5.000000000000000000e-01
-1.721812325013780898e+00 5.000000000000000000e-01
-1.705771427210903246e+00 5.000000000000000000e-01
-1.673745480798134899e+00 5.000000000000000000e-01
-1.667918024236053620e+00 5.000000000000000000e-01
-1.663445988920724705e+00 5.000000000000000000e-01
-1.630804882895905861e+00 5.000000000000000000e-01
-1.613036296493512323e+00 5.000000000000000000e-01
-1.597536441342003455e+00 5.000000000000000000e-01
-1.577014056075798587e+00 5.000000000000000000e-01
-1.499454850687723884e+00 5.000000000000000000e-01
-1.462581219836268875e+00 5.000000000000000000e-01
-1.452826583178025377e+00 5.000000000000000000e-01
-1.446098152354576616e+00 5.000000000000000000e-01
-1.424847287667310392e+00 5.000000000000000000e-01
-1.415483909272486684e+00 5.000000000000000000e-01
-1.389268855571705652e+00 5.000000000000000000e-01
-1.388137636545561548e+00 5.000000000000000000e-01
-1.386607075085630081e+00 5.000000000000000000e-01
-1.354309710537087819e+00 5.000000000000000000e-01
-1.351143714441453536e+00 5.000000000000000000e-01
-1.349783436494956357e+00 5.000000000000000000e-01
-1.299302399780113859e+00 5.000000000000000000e-01
-1.265270711126008862e+00 5.000000000000000000e-01
-1.212932033907107243e+00 5.000000000000000000e-01
-1.203208463102634518e+00 5.000000000000000000e-01
-1.192785682127719182e+00 5.000000000000000000e-01
-1.190370258347140942e+00 5.000000000000000000e-01
-1.172923946781023519e+00 5.000000000000000000e-01
-1.164633959857663603e+00 5.000000000000000000e-01
-1.126474754602235340e+00 5.000000000000000000e-01
-1.123891455185114019e+00 5.000000000000000000e-01
-1.115602316582947839e+00 5.000000000000000000e-01
-1.115503773388178299e+00 5.000000000000000000e-01
-1.109905393432426335e+00 5.000000000000000000e-01
-1.094190278038494668e+00 5.000000000000000000e-01
-1.074296423223846997e+00 5.000000000000000000e-01
-1.027624774968258325e+00 5.000000000000000000e-01
-1.015863027546381137e+00 5.000000000000000000e-01
-1.011422298662426167e+00 5.000000000000000000e-01
-9.872907936303325638e-01 5.000000000000000000e-01
-9.410378247496333781e-01 5.000000000000000000e-01
-9.394477288079627897e-01 5.000000000000000000e-01
-9.365681353630544992e-01 5.000000000000000000e-01
-9.358460221622715292e-01 5.000000000000000000e-01
-9.199667798239654637e-01 5.000000000000000000e-01
-9.098019410362842008e-01 5.000000000000000000e-01
-9.005481642311818913e-01 5.000000000000000000e-01
-8.745623388884430360e-01 5.000000000000000000e-01
-8.736879267227658508e-01 5.000000000000000000e-01
-8.669600195618137883e-01 5.000000000000000000e-01
-8.654363289506754597e-01 5.000000000000000000e-01
-8.611261046514575579e-01 5.000000000000000000e-01
-8.404095324784853771e-01 5.000000000000000000e-01
-8.266171635003412010e-01 5.000000000000000000e-01
-7.924495802077883289e-01 5.000000000000000000e-01
-7.849396991215200625e-01 5.000000000000000000e-01
-7.726130286365117117e-01 5.000000000000000000e-01
-7.424359450806834460e-01 5.000000000000000000e-01
-7.375137212838873690e-01 5.000000000000000000e-01
-7.080653261312797042e-01 5.000000000000000000e-01
-7.024883201299392255e-01 5.000000000000000000e-01
-6.877960276128568529e-01 5.000000000000000000e-01
-6.858989067174677823e-01 5.000000000000000000e-01
-6.705480406020708495e-01 5.000000000000000000e-01
-6.641255082353288985e-01 5.000000000000000000e-01
-6.528545104562974988e-01 5.000000000000000000e-01
-6.506488775071638253e-01 5.000000000000000000e-01
-6.417474872718920142e-01 5.000000000000000000e-01
-6.294481397888660457e-01 5.000000000000000000e-01
-6.166381177111266432e-01 5.000000000000000000e-01
-6.065013384941461139e-01 5.000000000000000000e-01
-6.014538870471015652e-01 5.000000000000000000e-01
-5.956500716502090009e-01 5.000000000000000000e-01
-5.949327220932437710e-01 5.000000000000000000e-01
-5.392838665946791954e-01 5.000000000000000000e-01
-5.146256504116614172e-01 5.000000000000000000e-01
-5.123186252889088133e-01 5.000000000000000000e-01
-5.040210349430399583e-01 5.000000000000000000e-01
-4.904349145753907346e-01 5.000000000000000000e-01
-4.792268843690426494e-01 5.000000000000000000e-01
-4.723428926739278166e-01 5.000000000000000000e-01
-4.685781158640479616e-01 5.000000000000000000e-01
-4.525821245362603440e-01 5.000000000000000000e-01
-4.298441809322091078e-01 5.000000000000000000e-01
-4.214668770032588552e-01 5.000000000000000000e-01
-4.213063207372911290e-01 5.000000000000000000e-01
-3.956334540497314922e-01 5.000000000000000000e-01
-3.902619628914181793e-01 5.000000000000000000e-01
-3.898448454794739559e-01 5.000000000000000000e-01
-3.875666019935932183e-01 5.000000000000000000e-01
-3.847307257428906890e-01 5.000000000000000000e-01
-3.683869648692430498e-01 5.000000000000000000e-01
-3.636996313835442196e-01 5.000000000000000000e-01
-3.587268429886978915e-01 5.000000000000000000e-01
-3.363051939199814266e-01 5.000000000000000000e-01
-3.260387607851683023e-01 5.000000000000000000e-01
-3.154093669658008525e-01 5.000000000000000000e-01
-2.826420957961158220e-01 5.000000000000000000e-01
-2.783152187679516221e-01 5.000000000000000000e-01
-2.779091817702017964e-01 5.000000000000000000e-01
-2.734447163712314666e-01 5.000000000000000000e-01
-2.709061691123694215e-01 5.000000000000000000e-01
-2.550589011860019961e-01 5.000000000000000000e-01
-2.302593698096587205e-01 5.000000000000000000e-01
-2.198329658649760543e-01 5.000000000000000000e-01
-2.148635972964700602e-01 5.000000000000000000e-01
-1.864935090042144084e-01 5.000000000000000000e-01
-1.837115736268068455e-01 5.000000000000000000e-01
-1.775560538147807621e-01 5.000000000000000000e-01
-1.718329325554471820e-01 5.000000000000000000e-01
-1.668454775365107445e-01 5.000000000000000000e-01
-1.420187004491008931e-01 5.000000000000000000e-01
-1.416817105233765806e-01 5.000000000000000000e-01
-1.320878274869293489e-01 5.000000000000000000e-01
-1.253484312081860341e-01 5.000000000000000000e-01
-1.159099115858459733e-01 5.000000000000000000e-01
-1.090209516673626977e-01 5.000000000000000000e-01
-1.050295658870439575e-01 5.000000000000000000e-01
-9.641613330571409402e-02 5.000000000000000000e-01
-9.204086156871839342e-02 5.000000000000000000e-01
-7.463740150597650280e-02 5.000000000000000000e-01
-4.717773588952904606e-02 5.000000000000000000e-01
-3.995994330242891995e-02 5.000000000000000000e-01
-2.728858523989461521e-02 5.000000000000000000e-01
-1.669665235929379543e-02 5.000000000000000000e-01
-1.378542724183034508e-02 5.000000000000000000e-01
-1.133418283943999141e-02 5.000000000000000000e-01
6.544671659853937284e-03 5.000000000000000000e-01
1.251265766290424186e-02 5.000000000000000000e-01
2.170948977352686604e-02 5.000000000000000000e-01
4.845246505982209184e-02 5.000000000000000000e-01
6.399017536271940643e-02 5.000000000000000000e-01
7.339649158160788112e-02 5.000000000000000000e-01
8.179483739117235364e-02 5.000000000000000000e-01
8.363534243930255407e-02 5.000000000000000000e-01
9.637064232056360980e-02 5.000000000000000000e-01
1.067067691764754800e-01 5.000000000000000000e-01
1.169133158501831637e-01 5.000000000000000000e-01
1.236394586503768989e-01 5.000000000000000000e-01
1.249458347056996571e-01 5.000000000000000000e-01
1.358300218905586498e-01 5.000000000000000000e-01
1.379465256691816410e-01 5.000000000000000000e-01
1.491574955064798036e-01 5.000000000000000000e-01
1.545749227155050198e-01 5.000000000000000000e-01
1.637064372784476640e-01 5.000000000000000000e-01
1.691138046454198074e-01 5.000000000000000000e-01
1.736559249809514760e-01 5.000000000000000000e-01
1.864119916625142925e-01 5.000000000000000000e-01
2.133228242215518822e-01 5.000000000000000000e-01
2.201652228170350445e-01 5.000000000000000000e-01
2.210391843885553542e-01 5.000000000000000000e-01
2.306106290612927878e-01 5.000000000000000000e-01
2.324309977536518912e-01 5.000000000000000000e-01
2.581428138625204149e-01 5.000000000000000000e-01
2.610054245923419391e-01 5.000000000000000000e-01
2.736934604277800887e-01 5.000000000000000000e-01
2.776641190489069766e-01 5.000000000000000000e-01
2.936163542412943972e-01 5.000000000000000000e-01
2.992911207294422504e-01 5.000000000000000000e-01
3.176830485488864042e-01 5.000000000000000000e-01
3.203744656302001670e-01 5.000000000000000000e-01
3.431085163729861165e-01 5.000000000000000000e-01
3.445034518010977043e-01 5.000000000000000000e-01
3.573727641619156570e-01 5.000000000000000000e-01
3.735967090288075387e-01 5.000000000000000000e-01
3.771261850059824394e-01 5.000000000000000000e-01
4.000075806245576571e-01 5.000000000000000000e-01
4.019571292831682352e-01 5.000000000000000000e-01
4.037992443298070167e-01 5.000000000000000000e-01
4.068537979720386333e-01 5.000000000000000000e-01
4.173245929755594053e-01 5.000000000000000000e-01
4.223625781855337435e-01 5.000000000000000000e-01
4.258815895977617894e-01 5.000000000000000000e-01
4.275983432669996920e-01 5.000000000000000000e-01
4.867132052878887505e-01 5.000000000000000000e-01
4.892895291171195371e-01 5.000000000000000000e-01
4.940452278039368927e-01 5.000000000000000000e-01
5.005439284298175417e-01 5.000000000000000000e-01
5.008813385748550617e-01 5.000000000000000000e-01
5.126037629330520984e-01 5.000000000000000000e-01
5.209444666766047671e-01 5.000000000000000000e-01
5.289414211774744468e-01 5.000000000000000000e-01
5.902660086077868851e-01 5.000000000000000000e-01
5.922311912272045786e-01 5.000000000000000000e-01
5.943857756856323338e-01 5.000000000000000000e-01
5.988635338016511378e-01 5.000000000000000000e-01
6.012873297687654217e-01 5.000000000000000000e-01
6.115174010414523575e-01 5.000000000000000000e-01
6.154975098837131009e-01 5.000000000000000000e-01
6.176282795885956745e-01 5.000000000000000000e-01
6.259672913032423569e-01 5.000000000000000000e-01
6.415336633723972559e-01 5.000000000000000000e-01
6.656343993541496973e-01 5.000000000000000000e-01
6.752793437489684747e-01 5.000000000000000000e-01
6.754782274999785452e-01 5.000000000000000000e-01
6.918220299652910743e-01 5.000000000000000000e-01
7.035377837944685186e-01 5.000000000000000000e-01
7.097698776560261713e-01 5.000000000000000000e-01
7.128002502459293011e-01 5.000000000000000000e-01
7.175428580856556549e-01 5.000000000000000000e-01
7.382984199573657813e-01 5.000000000000000000e-01
7.612229626633191248e-01 5.000000000000000000e-01
7.702723847001243795e-01 5.000000000000000000e-01
7.707483242099086862e-01 5.000000000000000000e-01
7.738547644433120265e-01 5.000000000000000000e-01
7.739871647796700005e-01 5.000000000000000000e-01
7.787616943918109769e-01 5.000000000000000000e-01
8.081353278090779302e-01 5.000000000000000000e-01
8.107513654052941332e-01 5.000000000000000000e-01
8.644981482270452933e-01 5.000000000000000000e-01
8.681895215447210656e-01 5.000000000000000000e-01
8.686405868517849127e-01 5.000000000000000000e-01
8.702108466274375287e-01 5.000000000000000000e-01
8.714304223223680035e-01 5.000000000000000000e-01
8.729718975116058655e-01 5.000000000000000000e-01
8.735437910264265415e-01 5.000000000000000000e-01
8.864402237198636403e-01 5.000000000000000000e-01
8.945934162318690541e-01 5.000000000000000000e-01
9.160938530264296498e-01 5.000000000000000000e-01
9.183291624386609175e-01 5.000000000000000000e-01
9.240530414690882877e-01 5.000000000000000000e-01
9.421187733950211474e-01 5.000000000000000000e-01
9.584109493378581979e-01 5.000000000000000000e-01
9.646518178476795047e-01 5.000000000000000000e-01
9.674554153693274428e-01 5.000000000000000000e-01
9.709991916444127291e-01 5.000000000000000000e-01
9.757944320222853296e-01 5.000000000000000000e-01
9.811716821300539015e-01 5.000000000000000000e-01
9.886315763402769852e-01 5.000000000000000000e-01
1.007923817586686255e+00 5.000000000000000000e-01
1.023878271340701307e+00 5.000000000000000000e-01
1.030509677901383592e+00 5.000000000000000000e-01
1.046758585366631689e+00 5.000000000000000000e-01
1.047052142233884764e+00 5.000000000000000000e-01
1.064028488524492388e+00 5.000000000000000000e-01
1.079188224974337640e+00 5.000000000000000000e-01
1.111205731938528674e+00 5.000000000000000000e-01
1.111757335030079341e+00 5.000000000000000000e-01
1.119181933883355740e+00 5.000000000000000000e-01
1.123419113242278167e+00 5.000000000000000000e-01
1.132146687622671788e+00 5.000000000000000000e-01
1.138072855018068319e+00 5.000000000000000000e-01
1.146908566224201564e+00 5.000000000000000000e-01
1.154442161786770171e+00 5.000000000000000000e-01
1.171106630787428271e+00 5.000000000000000000e-01
1.211357497109568859e+00 5.000000000000000000e-01
1.217413793336606043e+00 5.000000000000000000e-01
1.227380175703290721e+00 5.000000000000000000e-01
1.228056627704447124e+00 5.000000000000000000e-01
1.234969613873196481e+00 5.000000000000000000e-01
1.235382281451227637e+00 5.000000000000000000e-01
1.236978511442319073e+00 5.000000000000000000e-01
1.249385104792386736e+00 5.000000000000000000e-01
1.256531775534186712e+00 5.000000000000000000e-01
1.257976794005076115e+00 5.000000000000000000e-01
1.284388204909435061e+00 5.000000000000000000e-01
1.299311721789707885e+00 5.000000000000000000e-01
1.331475742555103148e+00 5.000000000000000000e-01
1.332803194741647879e+00 5.000000000000000000e-01
1.335369840515470585e+00 5.000000000000000000e-01
1.340783070308516178e+00 5.000000000000000000e-01
1.350817343535876347e+00 5.000000000000000000e-01
1.354284183632122662e+00 5.000000000000000000e-01
1.381515547712077518e+00 5.000000000000000000e-01
1.394117257946590360e+00 5.000000000000000000e-01
1.400036935346812506e+00 5.000000000000000000e-01
1.416135383731331077e+00 5.000000000000000000e-01
1.424720465531559510e+00 5.000000000000000000e-01
1.433834849778415244e+00 5.000000000000000000e-01
1.443613264368400095e+00 5.000000000000000000e-01
1.451721705153784514e+00 5.000000000000000000e-01
1.454098843444341149e+00 5.000000000000000000e-01
1.487529633853289068e+00 5.000000000000000000e-01
1.496334178081761612e+00 5.000000000000000000e-01
1.513069778847155433e+00 5.000000000000000000e-01
1.513228258158443529e+00 5.000000000000000000e-01
1.520256654838910038e+00 5.000000000000000000e-01
1.547511264271203890e+00 5.000000000000000000e-01
1.554198945011959543e+00 5.000000000000000000e-01
1.556213786137705002e+00 5.000000000000000000e-01
1.559752926519892835e+00 5.000000000000000000e-01
1.579388856317091250e+00 5.000000000000000000e-01
1.587371676700774836e+00 5.000000000000000000e-01
1.607759812519916398e+00 5.000000000000000000e-01
1.614415256228934004e+00 5.000000000000000000e-01
1.620416272434751948e+00 5.000000000000000000e-01
1.626112785034477870e+00 5.000000000000000000e-01
1.637509845097151917e+00 5.000000000000000000e-01
1.639571810894115744e+00 5.000000000000000000e-01
1.688999625675562610e+00 5.000000000000000000e-01
1.705179283455704464e+00 5.000000000000000000e-01
1.714111900586852144e+00 5.000000000000000000e-01
1.715787920220961604e+00 5.000000000000000000e-01
1.741297380557776942e+00 5.000000000000000000e-01
1.742100928801844084e+00 5.000000000000000000e-01
1.749915108691144416e+00 5.000000000000000000e-01
1.753873604016907839e+00 5.000000000000000000e-01
1.777291339365250966e+00 5.000000000000000000e-01
1.803129946671322648e+00 5.000000000000000000e-01
1.820872559695349890e+00 5.000000000000000000e-01
1.824921704536504485e+00 5.000000000000000000e-01
1.839239611330650614e+00 5.000000000000000000e-01
1.848626126389164348e+00 5.000000000000000000e-01
1.856294642628121716e+00 5.000000000000000000e-01
1.857441990316367253e+00 5.000000000000000000e-01
1.867089165748276214e+00 5.000000000000000000e-01
1.869023610754053211e+00 5.000000000000000000e-01
1.885469873403527785e+00 5.000000000000000000e-01
1.905235583902040952e+00 5.000000000000000000e-01
1.910516793788230139e+00 5.000000000000000000e-01
1.932494034790340542e+00 5.000000000000000000e-01
1.939172699374024589e+00 5.000000000000000000e-01
1.940143420880850123e+00 5.000000000000000000e-01
1.971404837392082054e+00 5.000000000000000000e-01
1.989960059200797549e+00 5.000000000000000000e-01
2.008690991500218459e+00 5.000000000000000000e-01
2.019876232523583948e+00 5.000000000000000000e-01
2.044737047672565922e+00 5.000000000000000000e-01
2.049291784241788150e+00 5.000000000000000000e-01
2.069580070688639584e+00 5.000000000000000000e-01
2.086373208445429839e+00 5.000000000000000000e-01
2.106100313818217717e+00 5.000000000000000000e-01
2.114522223868194217e+00 5.000000000000000000e-01
2.118192988966562051e+00 5.000000000000000000e-01
2.126737820207502683e+00 5.000000000000000000e-01
2.148267548773414859e+00 5.000000000000000000e-01
2.189244959498619636e+00 5.000000000000000000e-01
2.214714126118825011e+00 5.000000000000000000e-01
2.233583675570420368e+00 5.000000000000000000e-01
2.233637253188515359e+00 5.000000000000000000e-01
2.247303580755198205e+00 5.000000000000000000e-01
2.256162150063258043e+00 5.000000000000000000e-01
2.293183367305679621e+00 5.000000000000000000e-01
2.320345047214010581e+00 5.000000000000000000e-01
2.339964171775249735e+00 5.000000000000000000e-01
2.345764096387802589e+00 5.000000000000000000e-01
2.354597019755990672e+00 5.000000000000000000e-01
2.354827922223857062e+00 5.000000000000000000e-01
2.364758351170573203e+00 5.000000000000000000e-01
2.427775727573633358e+00 5.000000000000000000e-01
2.442443803431541216e+00 5.000000000000000000e-01
2.449272370776386598e+00 5.000000000000000000e-01
2.464048035149361660e+00 5.000000000000000000e-01
2.480206611160196584e+00 5.000000000000000000e-01
2.502429661277134176e+00 5.000000000000000000e-01
2.511172437394446622e+00 5.000000000000000000e-01
2.527378679003171591e+00 5.000000000000000000e-01
2.548808663578218781e+00 5.000000000000000000e-01
2.558123169199372882e+00 5.000000000000000000e-01
2.582164907044945945e+00 5.000000000000000000e-01
2.609399299816003381e+00 5.000000000000000000e-01
2.615895037629055064e+00 5.000000000000000000e-01
2.636979092324162721e+00 5.000000000000000000e-01
2.656709219440099190e+00 5.000000000000000000e-01
2.666107538971779434e+00 5.000000000000000000e-01
2.689893537142377777e+00 5.000000000000000000e-01
2.745037551822881117e+00 5.000000000000000000e-01
2.769730095642437107e+00 5.000000000000000000e-01
2.781656832071031538e+00 5.000000000000000000e-01
2.805583673015323853e+00 5.000000000000000000e-01
2.821890069965153014e+00 5.000000000000000000e-01
2.830452612569049009e+00 5.000000000000000000e-01
2.837071022747175153e+00 5.000000000000000000e-01
2.866420174175219771e+00 5.000000000000000000e-01
2.886077637752370251e+00 5.000000000000000000e-01
2.930392122395600651e+00 5.000000000000000000e-01
2.975006977778817507e+00 5.000000000000000000e-01
2.985838371513166223e+00 5.000000000000000000e-01
2.991902457253749148e+00 5.000000000000000000e-01
3.010464883602554931e+00 5.000000000000000000e-01
3.019101641527876634e+00 5.000000000000000000e-01
3.101549620646850691e+00 5.000000000000000000e-01
3.105111963260949626e+00 5.000000000000000000e-01
3.135378928600850212e+00 5.000000000000000000e-01
3.140295570076083287e+00 5.000000000000000000e-01
3.149809675568618239e+00 5.000000000000000000e-01
3.249571282011375128e+00 5.000000000000000000e-01
3.287906310231519136e+00 5.000000000000000000e-01
3.317925332425202711e+00 5.000000000000000000e-01
3.322697674055992589e+00 5.000000000000000000e-01
3.337179797854854080e+00 5.000000000000000000e-01
3.425499599171502929e+00 5.000000000000000000e-01
3.434093279785737973e+00 5.000000000000000000e-01
3.443695245385229420e+00 5.000000000000000000e-01
3.535482205047833837e+00 5.000000000000000000e-01
3.553856074444971647e+00 5.000000000000000000e-01
3.621224409689148604e+00 5.000000000000000000e-01
3.651658332454272848e+00 5.000000000000000000e-01
3.659074433903251489e+00 5.000000000000000000e-01
3.731216846701229883e+00 5.000000000000000000e-01
3.767632067380334959e+00 5.000000000000000000e-01
3.869938874997215894e+00 5.000000000000000000e-01
3.954435095516126708e+00 5.000000000000000000e-01
3.966711620275610084e+00 5.000000000000000000e-01
4.044099438967941218e+00 5.000000000000000000e-01
4.157857941449863759e+00 5.000000000000000000e-01
4.202673661453023790e+00 5.000000000000000000e-01
4.248194182122527529e+00 5.000000000000000000e-01
4.340993409491776589e+00 5.000000000000000000e-01
4.499844303383352617e+00 5.000000000000000000e-01
4.584099171947079832e+00 5.000000000000000000e-01
4.874495084559328006e+00 5.000000000000000000e-01
5.196296060876631095e+00 5.000000000000000000e-01
5.525322097083691375e+00 5.000000000000000000e-01
