# Runtime: 8.461685180664062
-1.500000000000000666e+00 3.500000000000000000e+00
-1.400968867902419479e+00 2.500000000000000000e+00
-1.123489801858734705e+00 2.500000000000000000e+00
-7.225209339563144484e-01 2.500000000000000000e+00
-2.774790660436856626e-01 2.500000000000000000e+00
1.234898018587337332e-01 2.500000000000000000e+00
4.009688679024194236e-01 2.500000000000000000e+00
-1.289774172449590139e+00 1.500000000000000000e+00
-1.045910182820041001e+00 1.500000000000000000e+00
-8.007293986420092047e-01 1.500000000000000000e+00
-5.899360236583264250e-01 1.500000000000000000e+00
-5.888052231172734574e-01 1.500000000000000000e+00
-1.272145433131181280e-01 1.500000000000000000e+00
2.614729055079267339e-01 1.500000000000000000e+00
2.889874575469622009e-01 1.500000000000000000e+00
5.770569792622728400e-01 1.500000000000000000e+00
6.932752050605458516e-01 1.500000000000000000e+00
9.935109559789400135e-01 1.500000000000000000e+00
1.183932479684197681e+00 1.500000000000000000e+00
1.492728565468667945e+00 1.500000000000000000e+00
1.951404995490849670e+00 1.500000000000000000e+00
-1.161876030726883169e+00 5.000000000000000000e-01
-9.621601830417353396e-01 5.000000000000000000e-01
-4.740458023351037387e-01 5.000000000000000000e-01
-2.792353215377112452e-01 5.000000000000000000e-01
3.679941473438904515e-02 5.000000000000000000e-01
2.819657003465223521e-01 5.000000000000000000e-01
4.795776194213959287e-01 5.000000000000000000e-01
7.847155597761970025e-01 5.000000000000000000e-01
7.931786870199429851e-01 5.000000000000000000e-01
1.133151109360740483e+00 5.000000000000000000e-01
1.462322974253755792e+00 5.000000000000000000e-01
1.790462162362270737e+00 5.000000000000000000e-01
2.278904429679575738e+00 5.000000000000000000e-01
2.836239680686653220e+00 5.000000000000000000e-01
