# Runtime: 6.268692970275879
-1.000000000000000222e+00 2.500000000000000000e+00
-8.090169943749477843e-01 1.500000000000000000e+00
-3.090169943749472847e-01 1.500000000000000000e+00
3.090169943749479509e-01 1.500000000000000000e+00
8.090169943749477843e-01 1.500000000000000000e+00
-5.887048404496424414e-01 5.000000000000000000e-01
-2.071067811865476282e-01 5.000000000000000000e-01
6.608185871316482052e-01 5.000000000000000000e-01
1.207106781186548128e+00 5.000000000000000000e-01
1.927886253317994569e+00 5.000000000000000000e-01
