# Runtime: 8.641337633132935
-1.250000000000000444e+00 3.000000000000000000e+00
-1.116025403784438597e+00 2.000000000000000000e+00
-7.500000000000004441e-01 2.000000000000000000e+00
-2.500000000000002776e-01 2.000000000000000000e+00
2.500000000000003886e-01 2.000000000000000000e+00
6.160254037844391517e-01 2.000000000000000000e+00
-9.636350969509827058e-01 1.000000000000000000e+00
-6.568032513241653936e-01 1.000000000000000000e+00
-3.823571476950161085e-01 1.000000000000000000e+00
-4.299889039539838559e-02 1.000000000000000000e+00
4.853417099355807340e-01 1.000000000000000000e+00
8.727887505255917944e-01 1.000000000000000000e+00
1.014207027617273660e+00 1.000000000000000000e+00
1.421461541388586047e+00 1.000000000000000000e+00
2.001995356898533807e+00 1.000000000000000000e+00
-7.848920694025022238e-01 0.000000000000000000e+00
1.060880165284268511e-01 0.000000000000000000e+00
7.500000000000002220e-01 0.000000000000000000e+00
1.185226918986149292e+00 0.000000000000000000e+00
2.493577133887927566e+00 0.000000000000000000e+00
