# Runtime: 24.666837692260742
-6.999999999999996447e+00 7.000000000000000000e+00
-6.246979603717466745e+00 6.000000000000000000e+00
-6.246979603717461416e+00 6.000000000000000000e+00
-4.554958132087371325e+00 6.000000000000000000e+00
-4.554958132087370437e+00 6.000000000000000000e+00
-3.198062264195162818e+00 6.000000000000000000e+00
-3.198062264195156601e+00 6.000000000000000000e+00
-5.619363785162404312e+00 5.000000000000000000e+00
-5.609906355200477535e+00 5.000000000000000000e+00
-5.380648011793073948e+00 5.000000000000000000e+00
-4.310785259988316298e+00 5.000000000000000000e+00
-4.267616683838724612e+00 5.000000000000000000e+00
-3.728192802282230822e+00 5.000000000000000000e+00
-3.658951857041325972e+00 5.000000000000000000e+00
-2.803842911456589704e+00 5.000000000000000000e+00
-2.754711226886759956e+00 5.000000000000000000e+00
-2.636127784117682005e+00 5.000000000000000000e+00
-2.601635010397113312e+00 5.000000000000000000e+00
-2.359489967766317697e+00 5.000000000000000000e+00
-2.240595521570456938e+00 5.000000000000000000e+00
-2.232832583140732741e+00 5.000000000000000000e+00
-1.580960034637092892e+00 5.000000000000000000e+00
-1.517175962206976703e+00 5.000000000000000000e+00
-1.461449346243685055e+00 5.000000000000000000e+00
-1.431128865692202767e+00 5.000000000000000000e+00
-2.801741090742412843e-01 5.000000000000000000e+00
2.307494538553362673e-01 5.000000000000000000e+00
2.448386246411088096e-01 5.000000000000000000e+00
-5.118071148568801298e+00 4.000000000000000000e+00
-5.103470117694040020e+00 4.000000000000000000e+00
-4.708375543095058902e+00 4.000000000000000000e+00
-4.601340718587563217e+00 4.000000000000000000e+00
-4.080242343845597475e+00 4.000000000000000000e+00
-4.045936116568563889e+00 4.000000000000000000e+00
-3.701458749203500709e+00 4.000000000000000000e+00
-3.606193911103499072e+00 4.000000000000000000e+00
-3.126915416684948656e+00 4.000000000000000000e+00
-2.890080039163170245e+00 4.000000000000000000e+00
-2.759693356242697515e+00 4.000000000000000000e+00
-2.597341034532802073e+00 4.000000000000000000e+00
-2.497432773098140046e+00 4.000000000000000000e+00
-2.297913232292408736e+00 4.000000000000000000e+00
-2.011724055581260551e+00 4.000000000000000000e+00
-1.960210236105221826e+00 4.000000000000000000e+00
-1.892006582548578120e+00 4.000000000000000000e+00
-1.856391185369624441e+00 4.000000000000000000e+00
-1.771185964928682965e+00 4.000000000000000000e+00
-1.664703344758853509e+00 4.000000000000000000e+00
-1.598670590720916440e+00 4.000000000000000000e+00
-1.345274861403949807e+00 4.000000000000000000e+00
-1.269138184201150876e+00 4.000000000000000000e+00
-1.033545288704446730e+00 4.000000000000000000e+00
-9.224135809369143901e-01 4.000000000000000000e+00
-6.335215834221326059e-01 4.000000000000000000e+00
-4.597869762534081417e-01 4.000000000000000000e+00
-4.154465141696836450e-01 4.000000000000000000e+00
-3.769897428140046580e-01 4.000000000000000000e+00
-2.936942092552182193e-01 4.000000000000000000e+00
-1.872903142974708945e-01 4.000000000000000000e+00
-1.266895009844147546e-01 4.000000000000000000e+00
1.002224780821423661e-01 4.000000000000000000e+00
2.668609543637931458e-01 4.000000000000000000e+00
3.678667935101133102e-01 4.000000000000000000e+00
4.033128700917618104e-01 4.000000000000000000e+00
4.307830103434515112e-01 4.000000000000000000e+00
5.241234352307900801e-01 4.000000000000000000e+00
7.732703248054199063e-01 4.000000000000000000e+00
1.017339143114312838e+00 4.000000000000000000e+00
1.111112096031139140e+00 4.000000000000000000e+00
1.242894339577866436e+00 4.000000000000000000e+00
1.449457061843269168e+00 4.000000000000000000e+00
1.483701972379983580e+00 4.000000000000000000e+00
1.541746470197706609e+00 4.000000000000000000e+00
2.462490775062371018e+00 4.000000000000000000e+00
2.541172930374012040e+00 4.000000000000000000e+00
3.103280120320805135e+00 4.000000000000000000e+00
3.133512441807811744e+00 4.000000000000000000e+00
-4.750580387751835332e+00 3.000000000000000000e+00
-4.729430663382070854e+00 3.000000000000000000e+00
-4.169503975158903586e+00 3.000000000000000000e+00
-4.137962984753512430e+00 3.000000000000000000e+00
-4.045116259429737404e+00 3.000000000000000000e+00
-3.838092304752714679e+00 3.000000000000000000e+00
-3.782173264068359853e+00 3.000000000000000000e+00
-3.628450399028347206e+00 3.000000000000000000e+00
-3.503271282054353009e+00 3.000000000000000000e+00
-3.051787577573941590e+00 3.000000000000000000e+00
-3.029312873768419401e+00 3.000000000000000000e+00
-2.956558507042748918e+00 3.000000000000000000e+00
-2.355847159462622464e+00 3.000000000000000000e+00
-2.342367661159851178e+00 3.000000000000000000e+00
-2.211208558702179694e+00 3.000000000000000000e+00
-2.177056836827256259e+00 3.000000000000000000e+00
-1.774974412200772900e+00 3.000000000000000000e+00
-1.683161979662636920e+00 3.000000000000000000e+00
-1.637910756484036945e+00 3.000000000000000000e+00
-1.561232751120235518e+00 3.000000000000000000e+00
-1.531137733784834865e+00 3.000000000000000000e+00
-1.406219382847618604e+00 3.000000000000000000e+00
-1.326729828769332986e+00 3.000000000000000000e+00
-1.248173804085095817e+00 3.000000000000000000e+00
-1.089887682277269620e+00 3.000000000000000000e+00
-9.040909307904323455e-01 3.000000000000000000e+00
-8.735503789971620359e-01 3.000000000000000000e+00
-7.973158235327892918e-01 3.000000000000000000e+00
-7.537054877285236376e-01 3.000000000000000000e+00
-6.769041479085853297e-01 3.000000000000000000e+00
-5.587184186640785644e-01 3.000000000000000000e+00
-5.017194902754387176e-01 3.000000000000000000e+00
-4.229951705175934995e-01 3.000000000000000000e+00
-3.287967768030726767e-01 3.000000000000000000e+00
-2.993197889666065481e-01 3.000000000000000000e+00
-2.303037720448135039e-01 3.000000000000000000e+00
-1.579153986114748831e-01 3.000000000000000000e+00
-5.552599506895177645e-02 3.000000000000000000e+00
-1.897104358631533649e-02 3.000000000000000000e+00
9.579755126381313268e-02 3.000000000000000000e+00
3.195526124502208187e-01 3.000000000000000000e+00
4.932123183184252135e-01 3.000000000000000000e+00
6.007815405123151375e-01 3.000000000000000000e+00
6.122654490040247977e-01 3.000000000000000000e+00
6.636651672521277634e-01 3.000000000000000000e+00
7.767436684752692111e-01 3.000000000000000000e+00
8.542923248056792929e-01 3.000000000000000000e+00
8.973818076830665236e-01 3.000000000000000000e+00
9.127988293985158652e-01 3.000000000000000000e+00
1.016560209891798294e+00 3.000000000000000000e+00
1.227368016903175985e+00 3.000000000000000000e+00
1.267615693379472219e+00 3.000000000000000000e+00
1.366761048063470874e+00 3.000000000000000000e+00
1.412193754752207875e+00 3.000000000000000000e+00
1.440467218670301586e+00 3.000000000000000000e+00
1.601971803780793957e+00 3.000000000000000000e+00
1.624832808912092696e+00 3.000000000000000000e+00
1.698990108050856263e+00 3.000000000000000000e+00
1.759132503436706241e+00 3.000000000000000000e+00
1.814655330382636711e+00 3.000000000000000000e+00
1.978975678548265948e+00 3.000000000000000000e+00
2.030567259050907847e+00 3.000000000000000000e+00
2.103414749666344452e+00 3.000000000000000000e+00
2.123816997817333352e+00 3.000000000000000000e+00
2.248227128413340825e+00 3.000000000000000000e+00
2.491101715033585684e+00 3.000000000000000000e+00
2.494546011176754785e+00 3.000000000000000000e+00
2.545237137051634679e+00 3.000000000000000000e+00
2.718581086162534799e+00 3.000000000000000000e+00
2.926524713984710147e+00 3.000000000000000000e+00
3.021063087822984716e+00 3.000000000000000000e+00
3.052809830113406786e+00 3.000000000000000000e+00
3.092326448851461684e+00 3.000000000000000000e+00
3.186416925906433661e+00 3.000000000000000000e+00
3.414276615661433034e+00 3.000000000000000000e+00
3.660030872784850065e+00 3.000000000000000000e+00
3.712263261716459262e+00 3.000000000000000000e+00
3.895557044985369366e+00 3.000000000000000000e+00
4.057041374854733817e+00 3.000000000000000000e+00
4.632358579784941810e+00 3.000000000000000000e+00
4.786066186040521586e+00 3.000000000000000000e+00
4.953831822335881263e+00 3.000000000000000000e+00
5.426009979650908477e+00 3.000000000000000000e+00
5.539897376842723098e+00 3.000000000000000000e+00
-4.537705304212388491e+00 2.000000000000000000e+00
-4.512678836013135353e+00 2.000000000000000000e+00
-4.187219907874481173e+00 2.000000000000000000e+00
-4.117097390491894160e+00 2.000000000000000000e+00
-3.857733404653499232e+00 2.000000000000000000e+00
-3.573438123808162725e+00 2.000000000000000000e+00
-3.448473195905024991e+00 2.000000000000000000e+00
-3.133030828124714784e+00 2.000000000000000000e+00
-2.861766683057750615e+00 2.000000000000000000e+00
-2.660936338228840903e+00 2.000000000000000000e+00
-2.421287442113746025e+00 2.000000000000000000e+00
-2.310015363583302950e+00 2.000000000000000000e+00
-2.257588654123066529e+00 2.000000000000000000e+00
-2.130440560880695777e+00 2.000000000000000000e+00
-2.001726468768381562e+00 2.000000000000000000e+00
-1.806913050084856920e+00 2.000000000000000000e+00
-1.703206524436567060e+00 2.000000000000000000e+00
-1.556479273636993010e+00 2.000000000000000000e+00
-1.424775821459334901e+00 2.000000000000000000e+00
-1.177446443688318745e+00 2.000000000000000000e+00
-1.031236784449854227e+00 2.000000000000000000e+00
-1.010137863901144462e+00 2.000000000000000000e+00
-8.677548727545704166e-01 2.000000000000000000e+00
-7.828758868358507428e-01 2.000000000000000000e+00
-7.295186044875197062e-01 2.000000000000000000e+00
-6.346198880349702698e-01 2.000000000000000000e+00
-5.088490071373390489e-01 2.000000000000000000e+00
-4.711376653276816429e-01 2.000000000000000000e+00
-3.983009922852193685e-01 2.000000000000000000e+00
-3.180144744387685685e-01 2.000000000000000000e+00
-2.862609436005691399e-01 2.000000000000000000e+00
-2.495211197740781761e-01 2.000000000000000000e+00
-1.274598955948979262e-01 2.000000000000000000e+00
-7.319069910372377752e-02 2.000000000000000000e+00
-1.055408411742194026e-02 2.000000000000000000e+00
7.577155189644434186e-02 2.000000000000000000e+00
1.667473222996280480e-01 2.000000000000000000e+00
3.721824592036847013e-01 2.000000000000000000e+00
3.996821984106710413e-01 2.000000000000000000e+00
4.229448142085056594e-01 2.000000000000000000e+00
4.537749791898040841e-01 2.000000000000000000e+00
5.921295977206688654e-01 2.000000000000000000e+00
6.192183948516500891e-01 2.000000000000000000e+00
6.988063264133695940e-01 2.000000000000000000e+00
7.687698921795371731e-01 2.000000000000000000e+00
8.013757020430719580e-01 2.000000000000000000e+00
8.817396542492194067e-01 2.000000000000000000e+00
9.311556236759274130e-01 2.000000000000000000e+00
1.017909584086354347e+00 2.000000000000000000e+00
1.116063603787368796e+00 2.000000000000000000e+00
1.159791526064017475e+00 2.000000000000000000e+00
1.369804267259107755e+00 2.000000000000000000e+00
1.433680023274112925e+00 2.000000000000000000e+00
1.473609685709725392e+00 2.000000000000000000e+00
1.502627596872889493e+00 2.000000000000000000e+00
1.634862854696370604e+00 2.000000000000000000e+00
1.732270000040842417e+00 2.000000000000000000e+00
1.762018672064656233e+00 2.000000000000000000e+00
1.876082872163624016e+00 2.000000000000000000e+00
1.947105800522915597e+00 2.000000000000000000e+00
2.054184419754603752e+00 2.000000000000000000e+00
2.097194884614179244e+00 2.000000000000000000e+00
2.111162548751730039e+00 2.000000000000000000e+00
2.212089728502393271e+00 2.000000000000000000e+00
2.256921970764911300e+00 2.000000000000000000e+00
2.264174057917681893e+00 2.000000000000000000e+00
2.301688070542602382e+00 2.000000000000000000e+00
2.420532045496762041e+00 2.000000000000000000e+00
2.499632100462056084e+00 2.000000000000000000e+00
2.549199889323117585e+00 2.000000000000000000e+00
2.600588981441680048e+00 2.000000000000000000e+00
2.631121445204869680e+00 2.000000000000000000e+00
2.710114997729026420e+00 2.000000000000000000e+00
2.769906469067803911e+00 2.000000000000000000e+00
2.870248445228353429e+00 2.000000000000000000e+00
3.040759874563876419e+00 2.000000000000000000e+00
3.049315681267744882e+00 2.000000000000000000e+00
3.163442349238900775e+00 2.000000000000000000e+00
3.193847093967997264e+00 2.000000000000000000e+00
3.359681617074259385e+00 2.000000000000000000e+00
3.488820557837557956e+00 2.000000000000000000e+00
3.518311141240782813e+00 2.000000000000000000e+00
3.603227068172591085e+00 2.000000000000000000e+00
3.671401728537442732e+00 2.000000000000000000e+00
3.921813335106500986e+00 2.000000000000000000e+00
4.067360150633883897e+00 2.000000000000000000e+00
4.096844254830963372e+00 2.000000000000000000e+00
4.194956342013159478e+00 2.000000000000000000e+00
4.222031357200737745e+00 2.000000000000000000e+00
4.454413380261384781e+00 2.000000000000000000e+00
4.543933190388591115e+00 2.000000000000000000e+00
4.741868356884700653e+00 2.000000000000000000e+00
4.813008041030909290e+00 2.000000000000000000e+00
4.869420619782319548e+00 2.000000000000000000e+00
5.078225206165848604e+00 2.000000000000000000e+00
5.113453178563023727e+00 2.000000000000000000e+00
5.283029583203086688e+00 2.000000000000000000e+00
5.422506846343097209e+00 2.000000000000000000e+00
5.960760916263676101e+00 2.000000000000000000e+00
6.135620191643551102e+00 2.000000000000000000e+00
6.275960263112759563e+00 2.000000000000000000e+00
6.686321441797623777e+00 2.000000000000000000e+00
7.021768480796326095e+00 2.000000000000000000e+00
7.238333222210003193e+00 2.000000000000000000e+00
7.390071869169450913e+00 2.000000000000000000e+00
-4.497871290604040340e+00 1.000000000000000000e+00
-4.479879760015078816e+00 1.000000000000000000e+00
-4.295809626378657597e+00 1.000000000000000000e+00
-3.140310830527052843e+00 1.000000000000000000e+00
-2.985402510855244884e+00 1.000000000000000000e+00
-2.786267223087332212e+00 1.000000000000000000e+00
-2.738929029463606835e+00 1.000000000000000000e+00
-2.322324734635968113e+00 1.000000000000000000e+00
-2.270143308908576962e+00 1.000000000000000000e+00
-1.906022608102791338e+00 1.000000000000000000e+00
-1.683320712310382827e+00 1.000000000000000000e+00
-1.550404592638794599e+00 1.000000000000000000e+00
-1.456139771495718715e+00 1.000000000000000000e+00
-1.429732100817005414e+00 1.000000000000000000e+00
-1.278389223387649709e+00 1.000000000000000000e+00
-1.129269827975883711e+00 1.000000000000000000e+00
-1.014972124673985121e+00 1.000000000000000000e+00
-8.769178526791577832e-01 1.000000000000000000e+00
-6.060092670265064818e-01 1.000000000000000000e+00
-5.435863616642035989e-01 1.000000000000000000e+00
-2.966959966131729742e-01 1.000000000000000000e+00
-1.008043762733353554e-01 1.000000000000000000e+00
-6.462253437510073577e-03 1.000000000000000000e+00
1.850787052082023681e-02 1.000000000000000000e+00
1.435621196327390992e-01 1.000000000000000000e+00
1.968993888185306407e-01 1.000000000000000000e+00
2.690735258557407916e-01 1.000000000000000000e+00
3.535452262611309404e-01 1.000000000000000000e+00
4.758420438224805760e-01 1.000000000000000000e+00
5.814669040033365599e-01 1.000000000000000000e+00
6.597103243746716972e-01 1.000000000000000000e+00
8.470365677772948576e-01 1.000000000000000000e+00
9.869805825313906489e-01 1.000000000000000000e+00
1.050520944195088680e+00 1.000000000000000000e+00
1.076636381495470030e+00 1.000000000000000000e+00
1.143289305543669920e+00 1.000000000000000000e+00
1.254867353109771155e+00 1.000000000000000000e+00
1.299424863856266432e+00 1.000000000000000000e+00
1.394194728478636014e+00 1.000000000000000000e+00
1.500377480975852551e+00 1.000000000000000000e+00
1.550248300421973591e+00 1.000000000000000000e+00
1.617184669996567292e+00 1.000000000000000000e+00
1.703469151822774030e+00 1.000000000000000000e+00
1.800698050662858929e+00 1.000000000000000000e+00
1.909513497859034681e+00 1.000000000000000000e+00
2.000709787457897626e+00 1.000000000000000000e+00
2.022211090907817699e+00 1.000000000000000000e+00
2.161537578199946186e+00 1.000000000000000000e+00
2.267965775264425776e+00 1.000000000000000000e+00
2.360681881842635832e+00 1.000000000000000000e+00
2.459624778233031606e+00 1.000000000000000000e+00
2.551329022050699447e+00 1.000000000000000000e+00
2.601008422080504534e+00 1.000000000000000000e+00
2.688994017713487672e+00 1.000000000000000000e+00
2.795059951817948196e+00 1.000000000000000000e+00
2.889406301044973535e+00 1.000000000000000000e+00
3.048745489954084675e+00 1.000000000000000000e+00
3.084944485687125759e+00 1.000000000000000000e+00
3.109737466006218032e+00 1.000000000000000000e+00
3.207286556688376145e+00 1.000000000000000000e+00
3.284783016417495372e+00 1.000000000000000000e+00
3.393122477993916863e+00 1.000000000000000000e+00
3.445682412054828170e+00 1.000000000000000000e+00
3.569337703146337581e+00 1.000000000000000000e+00
3.596423723742716128e+00 1.000000000000000000e+00
3.701450277238802045e+00 1.000000000000000000e+00
3.845464743698545629e+00 1.000000000000000000e+00
3.959714868941771826e+00 1.000000000000000000e+00
3.990556310129748763e+00 1.000000000000000000e+00
4.045163982785800805e+00 1.000000000000000000e+00
4.288879517842964617e+00 1.000000000000000000e+00
4.527102637192631285e+00 1.000000000000000000e+00
4.567641965159349837e+00 1.000000000000000000e+00
4.787491775652835457e+00 1.000000000000000000e+00
4.837994191342475325e+00 1.000000000000000000e+00
4.975924198792671227e+00 1.000000000000000000e+00
5.146273968750906036e+00 1.000000000000000000e+00
5.175293679083832643e+00 1.000000000000000000e+00
5.321551573394615708e+00 1.000000000000000000e+00
5.471168679655082911e+00 1.000000000000000000e+00
5.822862758670953376e+00 1.000000000000000000e+00
5.947197426971212231e+00 1.000000000000000000e+00
6.143664240275413135e+00 1.000000000000000000e+00
6.335430018550665565e+00 1.000000000000000000e+00
6.827459225032552759e+00 1.000000000000000000e+00
6.932669719623620885e+00 1.000000000000000000e+00
7.083626344922489437e+00 1.000000000000000000e+00
7.706465598082836266e+00 1.000000000000000000e+00
8.189026561747519750e+00 1.000000000000000000e+00
8.653069525254089456e+00 1.000000000000000000e+00
8.740880374457594471e+00 1.000000000000000000e+00
-4.612428517573034625e+00 0.000000000000000000e+00
-2.772896903463657026e+00 0.000000000000000000e+00
-2.591550446905571903e+00 0.000000000000000000e+00
-1.596360531224396251e+00 0.000000000000000000e+00
-1.479312273983876880e+00 0.000000000000000000e+00
-7.661248095115748002e-01 0.000000000000000000e+00
-4.295324071702376068e-01 0.000000000000000000e+00
-2.842242946544777382e-01 0.000000000000000000e+00
-2.312006361015892519e-01 0.000000000000000000e+00
-1.508285161300677302e-01 0.000000000000000000e+00
6.451127159026917024e-01 0.000000000000000000e+00
8.296272203561717573e-01 0.000000000000000000e+00
9.640331177338785640e-01 0.000000000000000000e+00
1.293751450434803107e+00 0.000000000000000000e+00
1.579409254345675473e+00 0.000000000000000000e+00
1.877912354808473072e+00 0.000000000000000000e+00
1.927897784416690019e+00 0.000000000000000000e+00
2.177870246501123486e+00 0.000000000000000000e+00
2.234371171115221433e+00 0.000000000000000000e+00
2.403140678758993065e+00 0.000000000000000000e+00
2.753779859407137653e+00 0.000000000000000000e+00
3.135858302751749260e+00 0.000000000000000000e+00
3.229698020850063411e+00 0.000000000000000000e+00
3.859928087293361898e+00 0.000000000000000000e+00
4.243509031518245322e+00 0.000000000000000000e+00
4.333870880380970902e+00 0.000000000000000000e+00
4.569125194166941739e+00 0.000000000000000000e+00
4.774796967243987389e+00 0.000000000000000000e+00
4.979129846489668942e+00 0.000000000000000000e+00
5.039738706520664913e+00 0.000000000000000000e+00
5.244303348666913500e+00 0.000000000000000000e+00
6.220935712896413783e+00 0.000000000000000000e+00
6.669737261229171210e+00 0.000000000000000000e+00
7.342828447231228850e+00 0.000000000000000000e+00
7.996428396184906973e+00 0.000000000000000000e+00
8.587665279513291949e+00 0.000000000000000000e+00
