# Runtime: 15.456232786178589
-4.999999999999998224e+00 5.000000000000000000e+00
-3.618033988749893570e+00 4.000000000000000000e+00
-3.618033988749892682e+00 4.000000000000000000e+00
-1.381966011250105097e+00 4.000000000000000000e+00
-1.381966011250104209e+00 4.000000000000000000e+00
-2.606143751285926680e+00 3.000000000000000000e+00
-2.553404623742258739e+00 3.000000000000000000e+00
-2.109218220233413099e+00 3.000000000000000000e+00
-6.247275351813349475e-01 3.000000000000000000e+00
-5.571099812356347103e-01 3.000000000000000000e+00
-4.273999654214531430e-01 3.000000000000000000e+00
-3.777579578054663934e-01 3.000000000000000000e+00
1.077829750986829094e+00 3.000000000000000000e+00
1.557609545460016287e+00 3.000000000000000000e+00
1.620322738458642720e+00 3.000000000000000000e+00
-1.903309181024145591e+00 2.000000000000000000e+00
-1.843469937829998351e+00 2.000000000000000000e+00
-1.444271851626615089e+00 2.000000000000000000e+00
-1.203329942173158251e+00 2.000000000000000000e+00
-2.145564408367161557e-01 2.000000000000000000e+00
2.822023933722421218e-01 2.000000000000000000e+00
3.179818454777120218e-01 2.000000000000000000e+00
1.036858190890721287e+00 2.000000000000000000e+00
1.272172702571003233e+00 2.000000000000000000e+00
1.945523276095508791e+00 2.000000000000000000e+00
2.330023640933161388e+00 2.000000000000000000e+00
3.198865814645574623e+00 2.000000000000000000e+00
3.532448750729083375e+00 2.000000000000000000e+00
3.776557701706535486e+00 2.000000000000000000e+00
3.916303037069087889e+00 2.000000000000000000e+00
-1.621304058704402307e+00 1.000000000000000000e+00
-1.505597789466176284e+00 1.000000000000000000e+00
-1.181828169936750772e+00 1.000000000000000000e+00
-1.309639480223320773e-01 1.000000000000000000e+00
-1.308539257124117540e-02 1.000000000000000000e+00
1.249852055409331086e+00 1.000000000000000000e+00
1.498614449354263467e+00 1.000000000000000000e+00
1.852284982770834088e+00 1.000000000000000000e+00
2.529711121808937868e+00 1.000000000000000000e+00
2.864464527349759759e+00 1.000000000000000000e+00
3.978256785524906469e+00 1.000000000000000000e+00
4.234562116755905770e+00 1.000000000000000000e+00
5.138603874888504564e+00 1.000000000000000000e+00
5.492813135397788038e+00 1.000000000000000000e+00
5.613616309440682350e+00 1.000000000000000000e+00
-1.662932244303091167e+00 0.000000000000000000e+00
9.917528789254439481e-01 0.000000000000000000e+00
1.649218940641788311e+00 0.000000000000000000e+00
3.371955243898517640e+00 0.000000000000000000e+00
4.850781059358211245e+00 0.000000000000000000e+00
5.799224121479127803e+00 0.000000000000000000e+00
