# Runtime: 13.23160195350647
-3.999999999999998668e+00 4.000000000000000000e+00
-1.999999999999999334e+00 3.000000000000000000e+00
-1.999999999999998890e+00 3.000000000000000000e+00
3.649539935480927927e-64 3.000000000000000000e+00
-9.448905737743052979e-01 2.000000000000000000e+00
-1.006863053548857356e-01 2.000000000000000000e+00
7.748562435090461387e-02 2.000000000000000000e+00
9.231259766335365713e-01 2.000000000000000000e+00
1.008084682131547227e+00 2.000000000000000000e+00
3.036880596013203260e+00 2.000000000000000000e+00
-1.182018299939762013e-01 1.000000000000000000e+00
2.070870340309478308e-01 1.000000000000000000e+00
1.434258808811092800e+00 1.000000000000000000e+00
2.066576791276188985e+00 1.000000000000000000e+00
3.144737021899286500e+00 1.000000000000000000e+00
5.265542173976458074e+00 1.000000000000000000e+00
6.054146278386159458e-16 0.000000000000000000e+00
1.999999999999999556e+00 0.000000000000000000e+00
5.999999999999999112e+00 0.000000000000000000e+00
