# Runtime: 19.017345190048218
-5.999999999999998224e+00 6.000000000000000000e+00
-4.999999999999997335e+00 5.000000000000000000e+00
-4.999999999999994671e+00 5.000000000000000000e+00
-2.999999999999998668e+00 5.000000000000000000e+00
-2.999999999999997335e+00 5.000000000000000000e+00
-1.999999999999998224e+00 5.000000000000000000e+00
-4.201894030310574735e+00 4.000000000000000000e+00
-4.183021706069507850e+00 4.000000000000000000e+00
-3.860804914233276985e+00 4.000000000000000000e+00
-2.965466203227615782e+00 4.000000000000000000e+00
-2.058931350246802960e+00 4.000000000000000000e+00
-2.000099405242903305e+00 4.000000000000000000e+00
-1.945769355509228360e+00 4.000000000000000000e+00
-1.471701179584687935e+00 4.000000000000000000e+00
-1.428939858501205196e+00 4.000000000000000000e+00
-6.690707597650354943e-01 4.000000000000000000e+00
-3.400314615392989182e-01 4.000000000000000000e+00
-3.151844849629055201e-01 4.000000000000000000e+00
-7.248242114521102897e-02 4.000000000000000000e+00
1.502265885639133582e-02 4.000000000000000000e+00
1.498374471481880299e+00 4.000000000000000000e+00
-3.644281876367814643e+00 3.000000000000000000e+00
-3.523545397872222651e+00 3.000000000000000000e+00
-3.088594915790457307e+00 3.000000000000000000e+00
-2.921694789251076507e+00 3.000000000000000000e+00
-2.632314708049664720e+00 3.000000000000000000e+00
-2.536412581357922580e+00 3.000000000000000000e+00
-1.675919117044048390e+00 3.000000000000000000e+00
-1.458980244055577247e+00 3.000000000000000000e+00
-1.022349968122912678e+00 3.000000000000000000e+00
-9.892342391985318173e-01 3.000000000000000000e+00
-8.377115833314395799e-01 3.000000000000000000e+00
-5.055322197729956724e-01 3.000000000000000000e+00
-3.209129331020064702e-01 3.000000000000000000e+00
-2.826178775500665097e-01 3.000000000000000000e+00
-6.521986806854779273e-02 3.000000000000000000e+00
1.180487311075699985e-01 3.000000000000000000e+00
5.149963279338294342e-01 3.000000000000000000e+00
1.084945010346267447e+00 3.000000000000000000e+00
1.331466672941888030e+00 3.000000000000000000e+00
1.373994541723996043e+00 3.000000000000000000e+00
1.482364813307830209e+00 3.000000000000000000e+00
1.620245326595040725e+00 3.000000000000000000e+00
1.748698758957441202e+00 3.000000000000000000e+00
1.996820798451239387e+00 3.000000000000000000e+00
2.149269033015603902e+00 3.000000000000000000e+00
2.184469357954217816e+00 3.000000000000000000e+00
2.646046221310447866e+00 3.000000000000000000e+00
2.894665117354360273e+00 3.000000000000000000e+00
4.359291607935555923e+00 3.000000000000000000e+00
-3.222071827895306217e+00 2.000000000000000000e+00
-3.180847402354368914e+00 2.000000000000000000e+00
-2.762046022621835295e+00 2.000000000000000000e+00
-2.574419640117686203e+00 2.000000000000000000e+00
-2.392111660881328206e+00 2.000000000000000000e+00
-2.162590618664416375e+00 2.000000000000000000e+00
-2.001867756496717554e+00 2.000000000000000000e+00
-1.447107271655604821e+00 2.000000000000000000e+00
-1.190908322702593169e+00 2.000000000000000000e+00
-5.295557131141517271e-01 2.000000000000000000e+00
-4.232245212674872192e-01 2.000000000000000000e+00
-1.815303643540211453e-01 2.000000000000000000e+00
-2.368683858930802077e-02 2.000000000000000000e+00
7.527588434466175871e-02 2.000000000000000000e+00
2.469263448872189293e-01 2.000000000000000000e+00
5.667359181277704661e-01 2.000000000000000000e+00
6.800434934418810862e-01 2.000000000000000000e+00
7.081107644138374679e-01 2.000000000000000000e+00
8.680305524475290246e-01 2.000000000000000000e+00
1.138803506523516695e+00 2.000000000000000000e+00
1.240500453774381784e+00 2.000000000000000000e+00
1.388011142733761139e+00 2.000000000000000000e+00
1.748541332719707464e+00 2.000000000000000000e+00
2.067116663537182042e+00 2.000000000000000000e+00
2.294615206381890538e+00 2.000000000000000000e+00
2.548212476436626073e+00 2.000000000000000000e+00
2.657884984845634069e+00 2.000000000000000000e+00
2.778865462408662612e+00 2.000000000000000000e+00
2.955200430407387113e+00 2.000000000000000000e+00
3.153755310501319187e+00 2.000000000000000000e+00
3.284908744745579146e+00 2.000000000000000000e+00
3.428841934729410568e+00 2.000000000000000000e+00
3.606483062960057051e+00 2.000000000000000000e+00
3.655920075816142312e+00 2.000000000000000000e+00
3.869867158174496780e+00 2.000000000000000000e+00
4.370692831145625235e+00 2.000000000000000000e+00
4.608482877070320782e+00 2.000000000000000000e+00
4.708315775053462993e+00 2.000000000000000000e+00
4.841488133949159334e+00 2.000000000000000000e+00
6.600337439137581086e+00 2.000000000000000000e+00
-3.115906327296932066e+00 1.000000000000000000e+00
-3.064476049759498721e+00 1.000000000000000000e+00
-2.745560892079773385e+00 1.000000000000000000e+00
-1.756385053401698038e+00 1.000000000000000000e+00
-1.271728625148346170e+00 1.000000000000000000e+00
-1.021304172615976835e+00 1.000000000000000000e+00
-8.124123491186791002e-01 1.000000000000000000e+00
-5.766051451591639454e-01 1.000000000000000000e+00
-1.749524374119758308e-01 1.000000000000000000e+00
3.424495845247104708e-01 1.000000000000000000e+00
5.697222069763115959e-01 1.000000000000000000e+00
6.908176002877479682e-01 1.000000000000000000e+00
8.017698351416012725e-01 1.000000000000000000e+00
8.983013051917113634e-01 1.000000000000000000e+00
1.553008894748620472e+00 1.000000000000000000e+00
1.598445379961977553e+00 1.000000000000000000e+00
1.752422878420893726e+00 1.000000000000000000e+00
1.905940357318258727e+00 1.000000000000000000e+00
2.109779296708989449e+00 1.000000000000000000e+00
2.518850740506923369e+00 1.000000000000000000e+00
2.536264434290403269e+00 1.000000000000000000e+00
2.870633554892229267e+00 1.000000000000000000e+00
3.055292232130145003e+00 1.000000000000000000e+00
3.256423648575004659e+00 1.000000000000000000e+00
3.561426549297715738e+00 1.000000000000000000e+00
3.774637380487345872e+00 1.000000000000000000e+00
3.900784926465692859e+00 1.000000000000000000e+00
4.006593863019001667e+00 1.000000000000000000e+00
4.208974272729720134e+00 1.000000000000000000e+00
4.259586554374045875e+00 1.000000000000000000e+00
4.963657531496886932e+00 1.000000000000000000e+00
5.284828833587627450e+00 1.000000000000000000e+00
5.672314676930974464e+00 1.000000000000000000e+00
5.961874718496177117e+00 1.000000000000000000e+00
6.267850823928226234e+00 1.000000000000000000e+00
8.216678971503089457e+00 1.000000000000000000e+00
-3.241243924239781027e+00 0.000000000000000000e+00
-1.254396640491708403e+00 0.000000000000000000e+00
-1.052954871660911174e+00 0.000000000000000000e+00
3.073635430839846694e-01 0.000000000000000000e+00
6.750578517111811561e-01 0.000000000000000000e+00
1.451957977094921803e+00 0.000000000000000000e+00
1.790496868928362240e+00 0.000000000000000000e+00
2.862424986637880586e+00 0.000000000000000000e+00
3.003464202286245222e+00 0.000000000000000000e+00
3.458603527746998196e+00 0.000000000000000000e+00
4.471850742053946171e+00 0.000000000000000000e+00
4.597532692279736821e+00 0.000000000000000000e+00
4.944410436557086896e+00 0.000000000000000000e+00
5.510563984531724024e+00 0.000000000000000000e+00
8.474868623480311669e+00 0.000000000000000000e+00
