# Runtime: 45.200584173202515
-7.999999999999995559e+00 8.000000000000000000e+00
-7.414213562373095812e+00 7.000000000000000000e+00
-7.414213562373092259e+00 7.000000000000000000e+00
-5.999999999999995559e+00 7.000000000000000000e+00
-5.999999999999995559e+00 7.000000000000000000e+00
-4.585786437626902412e+00 7.000000000000000000e+00
-4.585786437626900636e+00 7.000000000000000000e+00
-3.999999999999998224e+00 7.000000000000000000e+00
-6.912225783291882308e+00 6.000000000000000000e+00
-6.906217968892893744e+00 6.000000000000000000e+00
-6.741485349500111468e+00 6.000000000000000000e+00
-5.742522318645519874e+00 6.000000000000000000e+00
-5.719946337039896633e+00 6.000000000000000000e+00
-5.312136272695348715e+00 6.000000000000000000e+00
-5.260647124246275119e+00 6.000000000000000000e+00
-4.972996972577366392e+00 6.000000000000000000e+00
-4.044818798443172270e+00 6.000000000000000000e+00
-4.002726976278315085e+00 6.000000000000000000e+00
-4.001902446860246876e+00 6.000000000000000000e+00
-3.999290475058545180e+00 6.000000000000000000e+00
-3.997482655619569947e+00 6.000000000000000000e+00
-3.964682172192532494e+00 6.000000000000000000e+00
-3.666741114605196916e+00 6.000000000000000000e+00
-3.635466658826729702e+00 6.000000000000000000e+00
-3.030454350480603409e+00 6.000000000000000000e+00
-3.021722740077823932e+00 6.000000000000000000e+00
-2.996737756755065707e+00 6.000000000000000000e+00
-2.978708206530048752e+00 6.000000000000000000e+00
-2.702455856280451929e+00 6.000000000000000000e+00
-2.677605557994104934e+00 6.000000000000000000e+00
-1.952160170936822592e+00 6.000000000000000000e+00
-1.414096319809489799e+00 6.000000000000000000e+00
-1.401885272315388287e+00 6.000000000000000000e+00
-1.340747620120829486e+00 6.000000000000000000e+00
-1.306023487737551614e+00 6.000000000000000000e+00
-2.961132361881631536e-01 6.000000000000000000e+00
-6.491596257856201646e+00 5.000000000000000000e+00
-6.487021762921020951e+00 5.000000000000000000e+00
-6.186639618832454168e+00 5.000000000000000000e+00
-6.119090262416610138e+00 5.000000000000000000e+00
-5.600773294997955176e+00 5.000000000000000000e+00
-5.446741277185974894e+00 5.000000000000000000e+00
-5.066134227414042179e+00 5.000000000000000000e+00
-4.991780667593840981e+00 5.000000000000000000e+00
-4.843893496847789137e+00 5.000000000000000000e+00
-4.789197269617908148e+00 5.000000000000000000e+00
-4.695961086522441263e+00 5.000000000000000000e+00
-4.626305194746608507e+00 5.000000000000000000e+00
-4.031771924541846630e+00 5.000000000000000000e+00
-3.937382345211045909e+00 5.000000000000000000e+00
-3.907066596941099146e+00 5.000000000000000000e+00
-3.868048186663802124e+00 5.000000000000000000e+00
-3.845264227138883495e+00 5.000000000000000000e+00
-3.690587378026590759e+00 5.000000000000000000e+00
-3.455456393699101625e+00 5.000000000000000000e+00
-3.439440199755096739e+00 5.000000000000000000e+00
-3.308019850252228000e+00 5.000000000000000000e+00
-3.254693979308241225e+00 5.000000000000000000e+00
-3.218392920304085081e+00 5.000000000000000000e+00
-3.188887095847043440e+00 5.000000000000000000e+00
-3.107759431099895941e+00 5.000000000000000000e+00
-3.095476850591014184e+00 5.000000000000000000e+00
-3.068477541020307342e+00 5.000000000000000000e+00
-2.897865878810523821e+00 5.000000000000000000e+00
-2.695373624784899391e+00 5.000000000000000000e+00
-2.571281686057622196e+00 5.000000000000000000e+00
-2.453683667373110833e+00 5.000000000000000000e+00
-2.447649705967622769e+00 5.000000000000000000e+00
-2.436685344148831867e+00 5.000000000000000000e+00
-2.367037347253278412e+00 5.000000000000000000e+00
-2.185421506366200806e+00 5.000000000000000000e+00
-2.180697771581088684e+00 5.000000000000000000e+00
-2.003035881202513302e+00 5.000000000000000000e+00
-1.887231799088253004e+00 5.000000000000000000e+00
-1.866339342717003413e+00 5.000000000000000000e+00
-1.831708581396985336e+00 5.000000000000000000e+00
-1.795085544675599110e+00 5.000000000000000000e+00
-1.700642752048548756e+00 5.000000000000000000e+00
-1.640944168924658664e+00 5.000000000000000000e+00
-1.570077196450511359e+00 5.000000000000000000e+00
-1.401372941712907716e+00 5.000000000000000000e+00
-1.362159627728011246e+00 5.000000000000000000e+00
-1.282225419477420747e+00 5.000000000000000000e+00
-1.272837382488508196e+00 5.000000000000000000e+00
-1.067445968795315059e+00 5.000000000000000000e+00
-1.016407188940098960e+00 5.000000000000000000e+00
-1.009123148158891592e+00 5.000000000000000000e+00
-9.444826471337747220e-01 5.000000000000000000e+00
-6.531761248831141620e-01 5.000000000000000000e+00
-6.093529289812883443e-01 5.000000000000000000e+00
-5.573670928864659091e-01 5.000000000000000000e+00
-4.299572282823075353e-01 5.000000000000000000e+00
-3.688822038869706832e-01 5.000000000000000000e+00
-3.489970949287567459e-01 5.000000000000000000e+00
-3.028319237001816377e-01 5.000000000000000000e+00
-2.467999320150741638e-01 5.000000000000000000e+00
-7.669270780251905006e-02 5.000000000000000000e+00
2.240311735307769572e-02 5.000000000000000000e+00
1.168459898978655015e-01 5.000000000000000000e+00
1.304283541217448883e-01 5.000000000000000000e+00
4.972225328790441101e-01 5.000000000000000000e+00
5.654402090491064126e-01 5.000000000000000000e+00
6.758595724814002725e-01 5.000000000000000000e+00
7.176010259111161860e-01 5.000000000000000000e+00
9.428771738084082976e-01 5.000000000000000000e+00
1.220406178304461076e+00 5.000000000000000000e+00
1.230577139108605778e+00 5.000000000000000000e+00
1.356740120163584917e+00 5.000000000000000000e+00
1.367624172167522412e+00 5.000000000000000000e+00
1.688434094562599741e+00 5.000000000000000000e+00
1.776473848431819880e+00 5.000000000000000000e+00
2.933799169761703407e+00 5.000000000000000000e+00
-6.164937596277730414e+00 4.000000000000000000e+00
-6.151781813376636876e+00 4.000000000000000000e+00
-5.695120424189569874e+00 4.000000000000000000e+00
-5.650436872140243594e+00 4.000000000000000000e+00
-5.475388918888629775e+00 4.000000000000000000e+00
-5.423909625180487026e+00 4.000000000000000000e+00
-5.403202845235584029e+00 4.000000000000000000e+00
-4.913262165894373368e+00 4.000000000000000000e+00
-4.849801536444783956e+00 4.000000000000000000e+00
-4.737791439272062810e+00 4.000000000000000000e+00
-4.663285404396754430e+00 4.000000000000000000e+00
-4.632260164701995642e+00 4.000000000000000000e+00
-4.585367003040918377e+00 4.000000000000000000e+00
-4.320929897715050316e+00 4.000000000000000000e+00
-4.129041072107396460e+00 4.000000000000000000e+00
-4.110831545691429945e+00 4.000000000000000000e+00
-4.092987609184088882e+00 4.000000000000000000e+00
-3.906948750346605603e+00 4.000000000000000000e+00
-3.868779833402213875e+00 4.000000000000000000e+00
-3.759563051763394004e+00 4.000000000000000000e+00
-3.743270041124261649e+00 4.000000000000000000e+00
-3.395679948454629837e+00 4.000000000000000000e+00
-3.313144082465488083e+00 4.000000000000000000e+00
-3.243522923778977773e+00 4.000000000000000000e+00
-3.092821254155292188e+00 4.000000000000000000e+00
-3.063056914104193229e+00 4.000000000000000000e+00
-3.048532852099597790e+00 4.000000000000000000e+00
-3.003662002320446778e+00 4.000000000000000000e+00
-2.982844137257020467e+00 4.000000000000000000e+00
-2.857182885874860467e+00 4.000000000000000000e+00
-2.807074007140323957e+00 4.000000000000000000e+00
-2.745213377470923533e+00 4.000000000000000000e+00
-2.656468011797784801e+00 4.000000000000000000e+00
-2.600997497579924378e+00 4.000000000000000000e+00
-2.532462145622838001e+00 4.000000000000000000e+00
-2.472520137049909916e+00 4.000000000000000000e+00
-2.454116727176383961e+00 4.000000000000000000e+00
-2.391902332483582416e+00 4.000000000000000000e+00
-2.376590908098700439e+00 4.000000000000000000e+00
-2.334802251428916176e+00 4.000000000000000000e+00
-2.308062471670540461e+00 4.000000000000000000e+00
-2.280763674552915621e+00 4.000000000000000000e+00
-2.208442307300284568e+00 4.000000000000000000e+00
-2.124424076843275611e+00 4.000000000000000000e+00
-2.096622549832572346e+00 4.000000000000000000e+00
-2.045055595593183284e+00 4.000000000000000000e+00
-1.986337680451065957e+00 4.000000000000000000e+00
-1.939923839782972115e+00 4.000000000000000000e+00
-1.901570441954623991e+00 4.000000000000000000e+00
-1.834922958517249736e+00 4.000000000000000000e+00
-1.823765836344793501e+00 4.000000000000000000e+00
-1.778723481223882574e+00 4.000000000000000000e+00
-1.728479232110603281e+00 4.000000000000000000e+00
-1.682183941722958931e+00 4.000000000000000000e+00
-1.649279621232687454e+00 4.000000000000000000e+00
-1.551308770881807186e+00 4.000000000000000000e+00
-1.391628431736725569e+00 4.000000000000000000e+00
-1.355973254426668273e+00 4.000000000000000000e+00
-1.277126391795653904e+00 4.000000000000000000e+00
-1.232707109283179170e+00 4.000000000000000000e+00
-1.154614634121577943e+00 4.000000000000000000e+00
-1.135304187751865035e+00 4.000000000000000000e+00
-1.072197280047091139e+00 4.000000000000000000e+00
-1.053748445218255281e+00 4.000000000000000000e+00
-1.038918078861395200e+00 4.000000000000000000e+00
-1.029728807745849961e+00 4.000000000000000000e+00
-1.007464325636321156e+00 4.000000000000000000e+00
-9.939178397263415121e-01 4.000000000000000000e+00
-9.833539364559122919e-01 4.000000000000000000e+00
-9.612471577174671600e-01 4.000000000000000000e+00
-9.083206279347528778e-01 4.000000000000000000e+00
-8.297631940215309809e-01 4.000000000000000000e+00
-7.440994423440491223e-01 4.000000000000000000e+00
-7.217552801151576602e-01 4.000000000000000000e+00
-7.087068003915386605e-01 4.000000000000000000e+00
-7.019525042341696608e-01 4.000000000000000000e+00
-6.159983003626398057e-01 4.000000000000000000e+00
-4.873388562559189952e-01 4.000000000000000000e+00
-4.348164819800486303e-01 4.000000000000000000e+00
-3.778926196485163369e-01 4.000000000000000000e+00
-3.040314078233122830e-01 4.000000000000000000e+00
-2.608657064088229505e-01 4.000000000000000000e+00
-2.418603155131654747e-01 4.000000000000000000e+00
-2.293791778055856156e-01 4.000000000000000000e+00
-1.797874250443629862e-01 4.000000000000000000e+00
-1.242150470308250876e-01 4.000000000000000000e+00
-9.420202846278784292e-02 4.000000000000000000e+00
-7.400770082030863617e-02 4.000000000000000000e+00
-3.219677814030121044e-02 4.000000000000000000e+00
5.889030675395581782e-02 4.000000000000000000e+00
9.133690207087206969e-02 4.000000000000000000e+00
1.582943499793942055e-01 4.000000000000000000e+00
2.036094166099552683e-01 4.000000000000000000e+00
2.539059993625119582e-01 4.000000000000000000e+00
2.853079894011816831e-01 4.000000000000000000e+00
3.027018662968897766e-01 4.000000000000000000e+00
3.365503992557520863e-01 4.000000000000000000e+00
3.673641348284983899e-01 4.000000000000000000e+00
4.711656333640129035e-01 4.000000000000000000e+00
4.837467516362021214e-01 4.000000000000000000e+00
6.000990082534488623e-01 4.000000000000000000e+00
6.364314773357782062e-01 4.000000000000000000e+00
6.725480031104940082e-01 4.000000000000000000e+00
7.121253502430278104e-01 4.000000000000000000e+00
7.268764551772961546e-01 4.000000000000000000e+00
7.364750426063997324e-01 4.000000000000000000e+00
7.898307974058081937e-01 4.000000000000000000e+00
8.477745428193912414e-01 4.000000000000000000e+00
9.068879710198800570e-01 4.000000000000000000e+00
1.062061700380502183e+00 4.000000000000000000e+00
1.116190174556260351e+00 4.000000000000000000e+00
1.165840928561266532e+00 4.000000000000000000e+00
1.211780350661603611e+00 4.000000000000000000e+00
1.265269151318371810e+00 4.000000000000000000e+00
1.306311619890819786e+00 4.000000000000000000e+00
1.340984296408228804e+00 4.000000000000000000e+00
1.352914772742398908e+00 4.000000000000000000e+00
1.376149591541436568e+00 4.000000000000000000e+00
1.444707098488664965e+00 4.000000000000000000e+00
1.464410286526353744e+00 4.000000000000000000e+00
1.543659122221129776e+00 4.000000000000000000e+00
1.631124424527964356e+00 4.000000000000000000e+00
1.708583930252064453e+00 4.000000000000000000e+00
1.761456108507258644e+00 4.000000000000000000e+00
1.826205295764677716e+00 4.000000000000000000e+00
1.836268901619392935e+00 4.000000000000000000e+00
1.935454680196032617e+00 4.000000000000000000e+00
1.952444008090247429e+00 4.000000000000000000e+00
1.981650547684007835e+00 4.000000000000000000e+00
2.037843815678691772e+00 4.000000000000000000e+00
2.063835020968959988e+00 4.000000000000000000e+00
2.117286975872458399e+00 4.000000000000000000e+00
2.163613229950600125e+00 4.000000000000000000e+00
2.365102611290309298e+00 4.000000000000000000e+00
2.403074610474653205e+00 4.000000000000000000e+00
2.788725083742193522e+00 4.000000000000000000e+00
2.835008849024015287e+00 4.000000000000000000e+00
2.909173941076212078e+00 4.000000000000000000e+00
2.965954100753819045e+00 4.000000000000000000e+00
3.075156620661690265e+00 4.000000000000000000e+00
3.103770339162034819e+00 4.000000000000000000e+00
3.129768570819185580e+00 4.000000000000000000e+00
3.189630069627037656e+00 4.000000000000000000e+00
3.197485166060288986e+00 4.000000000000000000e+00
3.244728512808781051e+00 4.000000000000000000e+00
3.535724267006158161e+00 4.000000000000000000e+00
3.554282051215853055e+00 4.000000000000000000e+00
3.663881006073263613e+00 4.000000000000000000e+00
3.771193330590793646e+00 4.000000000000000000e+00
3.906925247810330681e+00 4.000000000000000000e+00
3.919157275086034176e+00 4.000000000000000000e+00
4.298605389432555768e+00 4.000000000000000000e+00
4.486695552301239509e+00 4.000000000000000000e+00
5.698467036655050499e+00 4.000000000000000000e+00
-5.926784682433796192e+00 3.000000000000000000e+00
-5.923340096863833004e+00 3.000000000000000000e+00
-5.461732315204468335e+00 3.000000000000000000e+00
-5.425280579585956886e+00 3.000000000000000000e+00
-5.271487818930728153e+00 3.000000000000000000e+00
-5.245242727183111242e+00 3.000000000000000000e+00
-5.177911525057344200e+00 3.000000000000000000e+00
-5.088022863999016820e+00 3.000000000000000000e+00
-4.868334952342879163e+00 3.000000000000000000e+00
-4.840490323558633179e+00 3.000000000000000000e+00
-4.718893544685081487e+00 3.000000000000000000e+00
-4.591582675458171003e+00 3.000000000000000000e+00
-4.111449804657010709e+00 3.000000000000000000e+00
-3.978137031305877258e+00 3.000000000000000000e+00
-3.871652296093893497e+00 3.000000000000000000e+00
-3.844014919743834469e+00 3.000000000000000000e+00
-3.810152895993084154e+00 3.000000000000000000e+00
-3.750384274890142144e+00 3.000000000000000000e+00
-3.729244369243792434e+00 3.000000000000000000e+00
-3.714308615033216743e+00 3.000000000000000000e+00
-3.634343888005707957e+00 3.000000000000000000e+00
-3.615367863758272016e+00 3.000000000000000000e+00
-3.580811332785835965e+00 3.000000000000000000e+00
-3.234752076955526690e+00 3.000000000000000000e+00
-3.191460128807972030e+00 3.000000000000000000e+00
-3.100432795326787172e+00 3.000000000000000000e+00
-3.040585862176245602e+00 3.000000000000000000e+00
-2.940701454006895865e+00 3.000000000000000000e+00
-2.867950984134252757e+00 3.000000000000000000e+00
-2.782741650190441174e+00 3.000000000000000000e+00
-2.704862611065153022e+00 3.000000000000000000e+00
-2.683684502410962569e+00 3.000000000000000000e+00
-2.643041626490462814e+00 3.000000000000000000e+00
-2.551356105040769595e+00 3.000000000000000000e+00
-2.520720941056123987e+00 3.000000000000000000e+00
-2.445712520428054315e+00 3.000000000000000000e+00
-2.374835749177701683e+00 3.000000000000000000e+00
-2.358880042175649283e+00 3.000000000000000000e+00
-2.274044635791852453e+00 3.000000000000000000e+00
-2.220871611834569936e+00 3.000000000000000000e+00
-2.169403264141117393e+00 3.000000000000000000e+00
-2.141628054521135027e+00 3.000000000000000000e+00
-2.100999996023753980e+00 3.000000000000000000e+00
-2.034346774327054241e+00 3.000000000000000000e+00
-1.992420923230550533e+00 3.000000000000000000e+00
-1.986972454856584580e+00 3.000000000000000000e+00
-1.954457112508448002e+00 3.000000000000000000e+00
-1.900753117978347007e+00 3.000000000000000000e+00
-1.847517963212968795e+00 3.000000000000000000e+00
-1.791670365046005520e+00 3.000000000000000000e+00
-1.760432025152737445e+00 3.000000000000000000e+00
-1.710818836082923067e+00 3.000000000000000000e+00
-1.696468066114110496e+00 3.000000000000000000e+00
-1.645546096165643402e+00 3.000000000000000000e+00
-1.630809496955374582e+00 3.000000000000000000e+00
-1.601855692663250119e+00 3.000000000000000000e+00
-1.555058629510827295e+00 3.000000000000000000e+00
-1.538201604287525281e+00 3.000000000000000000e+00
-1.503088439320264813e+00 3.000000000000000000e+00
-1.482601524351693456e+00 3.000000000000000000e+00
-1.476906985067206080e+00 3.000000000000000000e+00
-1.430719953431433655e+00 3.000000000000000000e+00
-1.369809354811071245e+00 3.000000000000000000e+00
-1.335925753466178367e+00 3.000000000000000000e+00
-1.310799585652975052e+00 3.000000000000000000e+00
-1.209821807447871933e+00 3.000000000000000000e+00
-1.137564352487495212e+00 3.000000000000000000e+00
-1.135027412818336412e+00 3.000000000000000000e+00
-1.102279596377287119e+00 3.000000000000000000e+00
-1.092385645982114184e+00 3.000000000000000000e+00
-1.037580925431002665e+00 3.000000000000000000e+00
-1.011923928078017010e+00 3.000000000000000000e+00
-9.804898227291543034e-01 3.000000000000000000e+00
-9.426949292683430848e-01 3.000000000000000000e+00
-9.286780700057563065e-01 3.000000000000000000e+00
-8.896800609634577528e-01 3.000000000000000000e+00
-8.817471210047347352e-01 3.000000000000000000e+00
-8.726374345132427157e-01 3.000000000000000000e+00
-7.735321910680086344e-01 3.000000000000000000e+00
-7.536058644308896159e-01 3.000000000000000000e+00
-7.231036830171234664e-01 3.000000000000000000e+00
-6.530576823720150026e-01 3.000000000000000000e+00
-5.864142203302386003e-01 3.000000000000000000e+00
-5.492256638577402983e-01 3.000000000000000000e+00
-5.268277308528696024e-01 3.000000000000000000e+00
-4.920712439227242219e-01 3.000000000000000000e+00
-4.776156841250018825e-01 3.000000000000000000e+00
-4.314410657073732835e-01 3.000000000000000000e+00
-3.907230733878780393e-01 3.000000000000000000e+00
-3.540953875495101433e-01 3.000000000000000000e+00
-3.338572800505287264e-01 3.000000000000000000e+00
-3.231143344071375489e-01 3.000000000000000000e+00
-2.941794363407116419e-01 3.000000000000000000e+00
-2.558794739450458433e-01 3.000000000000000000e+00
-1.934709794846121433e-01 3.000000000000000000e+00
-1.691295427489168945e-01 3.000000000000000000e+00
-1.380914768424943151e-01 3.000000000000000000e+00
-1.165187627159533640e-01 3.000000000000000000e+00
-1.025967200787845507e-01 3.000000000000000000e+00
-5.576416339752615636e-02 3.000000000000000000e+00
-3.487044543780026123e-02 3.000000000000000000e+00
1.086007344478942538e-02 3.000000000000000000e+00
3.524904444852024893e-02 3.000000000000000000e+00
5.294997382581424078e-02 3.000000000000000000e+00
8.617670014367477538e-02 3.000000000000000000e+00
1.643547940019056963e-01 3.000000000000000000e+00
1.998363555322184570e-01 3.000000000000000000e+00
2.712648823754098548e-01 3.000000000000000000e+00
3.077723843634432854e-01 3.000000000000000000e+00
3.491950857625046312e-01 3.000000000000000000e+00
3.736374137237227777e-01 3.000000000000000000e+00
3.928862364426659037e-01 3.000000000000000000e+00
4.198266362665679097e-01 3.000000000000000000e+00
4.396814038083689535e-01 3.000000000000000000e+00
4.770225282235512898e-01 3.000000000000000000e+00
4.877397686690208567e-01 3.000000000000000000e+00
5.090753682820766679e-01 3.000000000000000000e+00
5.258700342681952300e-01 3.000000000000000000e+00
5.603008428942641839e-01 3.000000000000000000e+00
5.905975923873638678e-01 3.000000000000000000e+00
6.469382518959898576e-01 3.000000000000000000e+00
6.703533347053116653e-01 3.000000000000000000e+00
7.139811434279886848e-01 3.000000000000000000e+00
7.295092229658884930e-01 3.000000000000000000e+00
7.827680817812947556e-01 3.000000000000000000e+00
8.145566893393416663e-01 3.000000000000000000e+00
8.386048317404979358e-01 3.000000000000000000e+00
8.631406934006250475e-01 3.000000000000000000e+00
8.733032659309986068e-01 3.000000000000000000e+00
8.892682571377860112e-01 3.000000000000000000e+00
9.064486847165826866e-01 3.000000000000000000e+00
9.175979021047286910e-01 3.000000000000000000e+00
9.895106780856701700e-01 3.000000000000000000e+00
9.978593398432854533e-01 3.000000000000000000e+00
1.048083138113591328e+00 3.000000000000000000e+00
1.076249989454004297e+00 3.000000000000000000e+00
1.118214049862136905e+00 3.000000000000000000e+00
1.138324217922145110e+00 3.000000000000000000e+00
1.152354357099277804e+00 3.000000000000000000e+00
1.204753343390026599e+00 3.000000000000000000e+00
1.230097775009244110e+00 3.000000000000000000e+00
1.244925371490225086e+00 3.000000000000000000e+00
1.280461654387631487e+00 3.000000000000000000e+00
1.367792634157493969e+00 3.000000000000000000e+00
1.382961277125245525e+00 3.000000000000000000e+00
1.428780557054196931e+00 3.000000000000000000e+00
1.446369337800015087e+00 3.000000000000000000e+00
1.463876367896362440e+00 3.000000000000000000e+00
1.505683452966418479e+00 3.000000000000000000e+00
1.536509032434301592e+00 3.000000000000000000e+00
1.568303411990154439e+00 3.000000000000000000e+00
1.629426738386024809e+00 3.000000000000000000e+00
1.634002945526770167e+00 3.000000000000000000e+00
1.662326613725455315e+00 3.000000000000000000e+00
1.674967952028888707e+00 3.000000000000000000e+00
1.690743791313788602e+00 3.000000000000000000e+00
1.732611653564918308e+00 3.000000000000000000e+00
1.751419987214010376e+00 3.000000000000000000e+00
1.853338008335237763e+00 3.000000000000000000e+00
1.940691486570510271e+00 3.000000000000000000e+00
1.952005669571354574e+00 3.000000000000000000e+00
1.987507730555349905e+00 3.000000000000000000e+00
2.019024675677852709e+00 3.000000000000000000e+00
2.050322312010748771e+00 3.000000000000000000e+00
2.116701935472929730e+00 3.000000000000000000e+00
2.165754076555657104e+00 3.000000000000000000e+00
2.193094061941234241e+00 3.000000000000000000e+00
2.232354975721593249e+00 3.000000000000000000e+00
2.253486084008951451e+00 3.000000000000000000e+00
2.311543866872828978e+00 3.000000000000000000e+00
2.348626862027941353e+00 3.000000000000000000e+00
2.370014748717341302e+00 3.000000000000000000e+00
2.420423877862579065e+00 3.000000000000000000e+00
2.451968212208211373e+00 3.000000000000000000e+00
2.542197552296387553e+00 3.000000000000000000e+00
2.576722924806334358e+00 3.000000000000000000e+00
2.619478177427362553e+00 3.000000000000000000e+00
2.678077059695671558e+00 3.000000000000000000e+00
2.689867440487442529e+00 3.000000000000000000e+00
2.718168666676329615e+00 3.000000000000000000e+00
2.738561278363666585e+00 3.000000000000000000e+00
2.772377365646023772e+00 3.000000000000000000e+00
2.806366285199251021e+00 3.000000000000000000e+00
2.818945820859259488e+00 3.000000000000000000e+00
2.824252567908131173e+00 3.000000000000000000e+00
2.882286446800469193e+00 3.000000000000000000e+00
2.909448644465182809e+00 3.000000000000000000e+00
2.962838118385163533e+00 3.000000000000000000e+00
2.984966205676512274e+00 3.000000000000000000e+00
3.005971586583246591e+00 3.000000000000000000e+00
3.066839935830836694e+00 3.000000000000000000e+00
3.096697027889366183e+00 3.000000000000000000e+00
3.172203426750241473e+00 3.000000000000000000e+00
3.191348766747252430e+00 3.000000000000000000e+00
3.248253503456186131e+00 3.000000000000000000e+00
3.253486163925066510e+00 3.000000000000000000e+00
3.305474550075026663e+00 3.000000000000000000e+00
3.406402178056209262e+00 3.000000000000000000e+00
3.544985359411320314e+00 3.000000000000000000e+00
3.592780068556001627e+00 3.000000000000000000e+00
3.638116678149135641e+00 3.000000000000000000e+00
3.716039474693963118e+00 3.000000000000000000e+00
3.830039580615136163e+00 3.000000000000000000e+00
3.837831384993988681e+00 3.000000000000000000e+00
3.841280925347182684e+00 3.000000000000000000e+00
3.877614180954930490e+00 3.000000000000000000e+00
3.895432401930692734e+00 3.000000000000000000e+00
3.936223139171220353e+00 3.000000000000000000e+00
4.044726067584800688e+00 3.000000000000000000e+00
4.114897770332199833e+00 3.000000000000000000e+00
4.125106109427902012e+00 3.000000000000000000e+00
4.205879199735221619e+00 3.000000000000000000e+00
4.245890341920919298e+00 3.000000000000000000e+00
4.348951518620004286e+00 3.000000000000000000e+00
4.380816181263859299e+00 3.000000000000000000e+00
4.607959865789699627e+00 3.000000000000000000e+00
4.677851651334795413e+00 3.000000000000000000e+00
4.801210675966641084e+00 3.000000000000000000e+00
4.851491151869574914e+00 3.000000000000000000e+00
4.922290523173907140e+00 3.000000000000000000e+00
4.960320502640371387e+00 3.000000000000000000e+00
5.012926116617533623e+00 3.000000000000000000e+00
5.047937484070830649e+00 3.000000000000000000e+00
5.074889071487665326e+00 3.000000000000000000e+00
5.134848238519495567e+00 3.000000000000000000e+00
5.207635874204201265e+00 3.000000000000000000e+00
5.232869741355957949e+00 3.000000000000000000e+00
5.350674521953751039e+00 3.000000000000000000e+00
5.394286364581300397e+00 3.000000000000000000e+00
5.651958218490858776e+00 3.000000000000000000e+00
5.687390093727800355e+00 3.000000000000000000e+00
6.024128480437249245e+00 3.000000000000000000e+00
6.077356446590872707e+00 3.000000000000000000e+00
6.113430300073851242e+00 3.000000000000000000e+00
6.250692747684157169e+00 3.000000000000000000e+00
6.399259334934538579e+00 3.000000000000000000e+00
6.580870407017707535e+00 3.000000000000000000e+00
8.002160356739267399e+00 3.000000000000000000e+00
-5.810912313242355687e+00 2.000000000000000000e+00
-5.789123256827771513e+00 2.000000000000000000e+00
-5.562677110000049829e+00 2.000000000000000000e+00
-5.523631383876016265e+00 2.000000000000000000e+00
-5.391860567753340661e+00 2.000000000000000000e+00
-4.883349669801870796e+00 2.000000000000000000e+00
-4.779234769891525403e+00 2.000000000000000000e+00
-4.482953703960187219e+00 2.000000000000000000e+00
-4.353443734629107276e+00 2.000000000000000000e+00
-4.327038718899628655e+00 2.000000000000000000e+00
-4.218954018183631582e+00 2.000000000000000000e+00
-4.081046626429062130e+00 2.000000000000000000e+00
-3.826069562884026887e+00 2.000000000000000000e+00
-3.770997402179872893e+00 2.000000000000000000e+00
-3.756502519593781564e+00 2.000000000000000000e+00
-3.695961162351196982e+00 2.000000000000000000e+00
-3.676899911417772948e+00 2.000000000000000000e+00
-3.467268196921508672e+00 2.000000000000000000e+00
-3.288869407778773901e+00 2.000000000000000000e+00
-3.255379019148994857e+00 2.000000000000000000e+00
-3.137498527554420491e+00 2.000000000000000000e+00
-3.134084719993402324e+00 2.000000000000000000e+00
-3.025980648197739598e+00 2.000000000000000000e+00
-2.962009347923225899e+00 2.000000000000000000e+00
-2.924450992010522388e+00 2.000000000000000000e+00
-2.901243163837992078e+00 2.000000000000000000e+00
-2.782721003624696099e+00 2.000000000000000000e+00
-2.670242826252421153e+00 2.000000000000000000e+00
-2.604506900065681307e+00 2.000000000000000000e+00
-2.571919984536060078e+00 2.000000000000000000e+00
-2.529469610616893682e+00 2.000000000000000000e+00
-2.396248937283881109e+00 2.000000000000000000e+00
-2.392858135906815065e+00 2.000000000000000000e+00
-2.349981404614303049e+00 2.000000000000000000e+00
-2.288859194736445613e+00 2.000000000000000000e+00
-2.245686111735352597e+00 2.000000000000000000e+00
-2.156241659078037998e+00 2.000000000000000000e+00
-2.093016447956082438e+00 2.000000000000000000e+00
-2.020894455752902275e+00 2.000000000000000000e+00
-1.993630839982299729e+00 2.000000000000000000e+00
-1.894823926306238526e+00 2.000000000000000000e+00
-1.857268866935035456e+00 2.000000000000000000e+00
-1.816863009563441489e+00 2.000000000000000000e+00
-1.721888361939658552e+00 2.000000000000000000e+00
-1.704872789559798596e+00 2.000000000000000000e+00
-1.667183237449504807e+00 2.000000000000000000e+00
-1.653882658743738299e+00 2.000000000000000000e+00
-1.615272008393726200e+00 2.000000000000000000e+00
-1.592210793496065646e+00 2.000000000000000000e+00
-1.521721152075888206e+00 2.000000000000000000e+00
-1.496159304187812733e+00 2.000000000000000000e+00
-1.445327300412513116e+00 2.000000000000000000e+00
-1.409234714302580738e+00 2.000000000000000000e+00
-1.394336247894845782e+00 2.000000000000000000e+00
-1.358676999501045257e+00 2.000000000000000000e+00
-1.339442925542730922e+00 2.000000000000000000e+00
-1.265703390573584830e+00 2.000000000000000000e+00
-1.214994172023426744e+00 2.000000000000000000e+00
-1.186878368520051463e+00 2.000000000000000000e+00
-1.139620734258111057e+00 2.000000000000000000e+00
-1.085713180612336570e+00 2.000000000000000000e+00
-1.028485191004130384e+00 2.000000000000000000e+00
-9.893218121231267537e-01 2.000000000000000000e+00
-9.621910182263007094e-01 2.000000000000000000e+00
-9.311391721058216442e-01 2.000000000000000000e+00
-8.857467949285315889e-01 2.000000000000000000e+00
-8.749212883305300670e-01 2.000000000000000000e+00
-8.388973430818170707e-01 2.000000000000000000e+00
-8.041677020908438722e-01 2.000000000000000000e+00
-7.445976488257682879e-01 2.000000000000000000e+00
-7.110869315429050319e-01 2.000000000000000000e+00
-6.882460199941856649e-01 2.000000000000000000e+00
-6.575765978935125267e-01 2.000000000000000000e+00
-6.513250664389788058e-01 2.000000000000000000e+00
-6.097789594464010365e-01 2.000000000000000000e+00
-5.462962209520247914e-01 2.000000000000000000e+00
-4.958910193636713037e-01 2.000000000000000000e+00
-4.626835195952201385e-01 2.000000000000000000e+00
-4.363989473623013926e-01 2.000000000000000000e+00
-4.172930511084341765e-01 2.000000000000000000e+00
-3.780537961912697753e-01 2.000000000000000000e+00
-3.587674029022445144e-01 2.000000000000000000e+00
-3.124269901608072719e-01 2.000000000000000000e+00
-2.626419876772484452e-01 2.000000000000000000e+00
-2.531869076455834922e-01 2.000000000000000000e+00
-2.251769055936732322e-01 2.000000000000000000e+00
-2.062903620144327654e-01 2.000000000000000000e+00
-1.824329176321249912e-01 2.000000000000000000e+00
-1.189919629815418545e-01 2.000000000000000000e+00
-9.169063980343039599e-02 2.000000000000000000e+00
-6.696818588733373379e-02 2.000000000000000000e+00
-2.804294514493025151e-02 2.000000000000000000e+00
-9.272977970200503225e-03 2.000000000000000000e+00
2.470752347437436131e-03 2.000000000000000000e+00
5.546454870388239922e-02 2.000000000000000000e+00
1.149616135106380221e-01 2.000000000000000000e+00
1.267371115262486692e-01 2.000000000000000000e+00
1.598148395187770632e-01 2.000000000000000000e+00
2.118848380390928876e-01 2.000000000000000000e+00
2.390734731925084622e-01 2.000000000000000000e+00
2.512624819740638671e-01 2.000000000000000000e+00
2.690890079462881501e-01 2.000000000000000000e+00
3.083939879811921081e-01 2.000000000000000000e+00
3.284940481616365204e-01 2.000000000000000000e+00
3.481646099901175573e-01 2.000000000000000000e+00
3.721363442005879985e-01 2.000000000000000000e+00
3.903576638530817933e-01 2.000000000000000000e+00
4.295816687017779967e-01 2.000000000000000000e+00
4.690750436548017377e-01 2.000000000000000000e+00
4.963785984951309960e-01 2.000000000000000000e+00
5.084942068995706999e-01 2.000000000000000000e+00
5.651623504572890200e-01 2.000000000000000000e+00
6.009673570580176261e-01 2.000000000000000000e+00
6.311939719819558148e-01 2.000000000000000000e+00
6.738949364225862437e-01 2.000000000000000000e+00
6.982261955901416517e-01 2.000000000000000000e+00
7.047227662098751733e-01 2.000000000000000000e+00
7.519116324459301781e-01 2.000000000000000000e+00
7.602596937869459115e-01 2.000000000000000000e+00
7.980367334524470779e-01 2.000000000000000000e+00
8.145922459284551387e-01 2.000000000000000000e+00
8.649192194883763563e-01 2.000000000000000000e+00
8.910699049379490200e-01 2.000000000000000000e+00
9.454888653868944726e-01 2.000000000000000000e+00
9.560117748519965097e-01 2.000000000000000000e+00
9.604514365156294753e-01 2.000000000000000000e+00
9.979040338106937025e-01 2.000000000000000000e+00
1.057616591430180275e+00 2.000000000000000000e+00
1.075965004706503469e+00 2.000000000000000000e+00
1.119973177248884344e+00 2.000000000000000000e+00
1.132179273887667481e+00 2.000000000000000000e+00
1.151331199561853813e+00 2.000000000000000000e+00
1.193378141294312744e+00 2.000000000000000000e+00
1.231749371564574869e+00 2.000000000000000000e+00
1.281337985131185908e+00 2.000000000000000000e+00
1.340248208617256465e+00 2.000000000000000000e+00
1.349336140734445522e+00 2.000000000000000000e+00
1.390250391629545668e+00 2.000000000000000000e+00
1.404024753218251487e+00 2.000000000000000000e+00
1.426464376883399110e+00 2.000000000000000000e+00
1.445683465554778113e+00 2.000000000000000000e+00
1.464909815026642859e+00 2.000000000000000000e+00
1.502716496849528571e+00 2.000000000000000000e+00
1.520824923925030214e+00 2.000000000000000000e+00
1.538003977530522981e+00 2.000000000000000000e+00
1.566793229105904128e+00 2.000000000000000000e+00
1.572885101497839111e+00 2.000000000000000000e+00
1.595725003410908727e+00 2.000000000000000000e+00
1.627361007187397623e+00 2.000000000000000000e+00
1.663655869758708716e+00 2.000000000000000000e+00
1.694032467014354282e+00 2.000000000000000000e+00
1.745132669285900606e+00 2.000000000000000000e+00
1.767786093557461857e+00 2.000000000000000000e+00
1.785936730718103549e+00 2.000000000000000000e+00
1.819752900978174548e+00 2.000000000000000000e+00
1.832988409584917378e+00 2.000000000000000000e+00
1.883002335572617092e+00 2.000000000000000000e+00
1.884503179395718764e+00 2.000000000000000000e+00
1.948575472927942975e+00 2.000000000000000000e+00
1.964643427112027441e+00 2.000000000000000000e+00
1.969998915188085231e+00 2.000000000000000000e+00
2.023191189561576397e+00 2.000000000000000000e+00
2.030460521724637424e+00 2.000000000000000000e+00
2.062088440975399450e+00 2.000000000000000000e+00
2.088662354557361489e+00 2.000000000000000000e+00
2.097005735370504276e+00 2.000000000000000000e+00
2.139119726418294398e+00 2.000000000000000000e+00
2.165995826628905441e+00 2.000000000000000000e+00
2.182883842373219974e+00 2.000000000000000000e+00
2.198008533205314308e+00 2.000000000000000000e+00
2.246851973157059756e+00 2.000000000000000000e+00
2.271022861174227359e+00 2.000000000000000000e+00
2.303133606135305822e+00 2.000000000000000000e+00
2.365894840806586963e+00 2.000000000000000000e+00
2.379876800181901508e+00 2.000000000000000000e+00
2.429518458913996426e+00 2.000000000000000000e+00
2.487066332945935265e+00 2.000000000000000000e+00
2.521699594090101471e+00 2.000000000000000000e+00
2.541577066247344252e+00 2.000000000000000000e+00
2.578564251278049557e+00 2.000000000000000000e+00
2.596670731831773438e+00 2.000000000000000000e+00
2.636927938291577345e+00 2.000000000000000000e+00
2.668926186673286516e+00 2.000000000000000000e+00
2.709550266871934010e+00 2.000000000000000000e+00
2.738187993599011438e+00 2.000000000000000000e+00
2.797186082389290895e+00 2.000000000000000000e+00
2.816840835718399827e+00 2.000000000000000000e+00
2.832067505490775350e+00 2.000000000000000000e+00
2.858370506274262812e+00 2.000000000000000000e+00
2.899682370773845719e+00 2.000000000000000000e+00
2.952528493682873734e+00 2.000000000000000000e+00
2.986422168824750312e+00 2.000000000000000000e+00
3.026304627196489516e+00 2.000000000000000000e+00
3.041339239335438815e+00 2.000000000000000000e+00
3.090490336932298021e+00 2.000000000000000000e+00
3.131965433739868132e+00 2.000000000000000000e+00
3.154198306507219662e+00 2.000000000000000000e+00
3.159507491537882018e+00 2.000000000000000000e+00
3.248074184053828084e+00 2.000000000000000000e+00
3.251747651893999169e+00 2.000000000000000000e+00
3.269527921205454657e+00 2.000000000000000000e+00
3.337642750624465915e+00 2.000000000000000000e+00
3.365365401121393152e+00 2.000000000000000000e+00
3.406690544831121770e+00 2.000000000000000000e+00
3.435227997422563018e+00 2.000000000000000000e+00
3.455560466005775044e+00 2.000000000000000000e+00
3.517083785861618406e+00 2.000000000000000000e+00
3.533356412172643068e+00 2.000000000000000000e+00
3.591908469558480643e+00 2.000000000000000000e+00
3.595306830953931332e+00 2.000000000000000000e+00
3.644359784289816329e+00 2.000000000000000000e+00
3.696881135367492188e+00 2.000000000000000000e+00
3.728040173489063136e+00 2.000000000000000000e+00
3.736930300454490705e+00 2.000000000000000000e+00
3.789615584541775384e+00 2.000000000000000000e+00
3.844725253224954731e+00 2.000000000000000000e+00
3.887011816533579189e+00 2.000000000000000000e+00
3.903492951664464083e+00 2.000000000000000000e+00
3.958681791095580049e+00 2.000000000000000000e+00
3.980012378660000127e+00 2.000000000000000000e+00
4.001270171189056590e+00 2.000000000000000000e+00
4.018661042977330844e+00 2.000000000000000000e+00
4.047448887465902700e+00 2.000000000000000000e+00
4.125294823049442172e+00 2.000000000000000000e+00
4.150445123119679280e+00 2.000000000000000000e+00
4.236580785894030754e+00 2.000000000000000000e+00
4.259852099821316962e+00 2.000000000000000000e+00
4.299703584212735130e+00 2.000000000000000000e+00
4.341596462515140864e+00 2.000000000000000000e+00
4.364392739576414826e+00 2.000000000000000000e+00
4.417832892763798647e+00 2.000000000000000000e+00
4.447021328101312676e+00 2.000000000000000000e+00
4.498356956670722440e+00 2.000000000000000000e+00
4.580465212437352385e+00 2.000000000000000000e+00
4.639966532634391072e+00 2.000000000000000000e+00
4.658903854852482596e+00 2.000000000000000000e+00
4.708944107464421158e+00 2.000000000000000000e+00
4.774079696978127174e+00 2.000000000000000000e+00
4.828992467772784458e+00 2.000000000000000000e+00
4.885989671186190542e+00 2.000000000000000000e+00
4.896451589155960349e+00 2.000000000000000000e+00
4.952360522375637508e+00 2.000000000000000000e+00
5.022146135203418460e+00 2.000000000000000000e+00
5.080153980274936032e+00 2.000000000000000000e+00
5.097607990869970962e+00 2.000000000000000000e+00
5.212499204614170267e+00 2.000000000000000000e+00
5.252078352840765518e+00 2.000000000000000000e+00
5.328673773534947422e+00 2.000000000000000000e+00
5.392962574957698152e+00 2.000000000000000000e+00
5.523393756891815443e+00 2.000000000000000000e+00
5.540720025203188293e+00 2.000000000000000000e+00
5.550563454127352969e+00 2.000000000000000000e+00
5.594723389301024419e+00 2.000000000000000000e+00
5.699285786970874845e+00 2.000000000000000000e+00
5.764042285732770665e+00 2.000000000000000000e+00
5.855217360104874480e+00 2.000000000000000000e+00
5.911640771249785153e+00 2.000000000000000000e+00
5.981478060349292747e+00 2.000000000000000000e+00
6.054840592484383777e+00 2.000000000000000000e+00
6.118018103196661173e+00 2.000000000000000000e+00
6.203275392457733517e+00 2.000000000000000000e+00
6.293089668536446801e+00 2.000000000000000000e+00
6.325635560859511841e+00 2.000000000000000000e+00
6.366617116689666567e+00 2.000000000000000000e+00
6.585773638502349314e+00 2.000000000000000000e+00
6.623646786504902018e+00 2.000000000000000000e+00
6.708155605847521130e+00 2.000000000000000000e+00
6.763007583574801806e+00 2.000000000000000000e+00
6.837883090231511751e+00 2.000000000000000000e+00
6.954407357639202480e+00 2.000000000000000000e+00
7.146000446381957083e+00 2.000000000000000000e+00
7.197703665433571096e+00 2.000000000000000000e+00
7.446071859901147505e+00 2.000000000000000000e+00
7.462920153730092210e+00 2.000000000000000000e+00
7.710200509942373159e+00 2.000000000000000000e+00
7.891654746532038800e+00 2.000000000000000000e+00
7.988421503451087702e+00 2.000000000000000000e+00
8.073644135062995275e+00 2.000000000000000000e+00
8.213543447662592811e+00 2.000000000000000000e+00
9.797025856121493348e+00 2.000000000000000000e+00
-5.802341829141117735e+00 1.000000000000000000e+00
-5.793782181140999299e+00 1.000000000000000000e+00
-5.655783082222539448e+00 1.000000000000000000e+00
-4.555962171916110748e+00 1.000000000000000000e+00
-4.496038728412909968e+00 1.000000000000000000e+00
-4.220627514904009558e+00 1.000000000000000000e+00
-4.154042116159084586e+00 1.000000000000000000e+00
-3.977611800446083201e+00 1.000000000000000000e+00
-3.909830926313885069e+00 1.000000000000000000e+00
-3.735653933462764087e+00 1.000000000000000000e+00
-3.555324284433604376e+00 1.000000000000000000e+00
-3.267538896816713390e+00 1.000000000000000000e+00
-3.212949136345997214e+00 1.000000000000000000e+00
-3.143165793479291814e+00 1.000000000000000000e+00
-3.041745098720862295e+00 1.000000000000000000e+00
-2.863405613826926377e+00 1.000000000000000000e+00
-2.769761475379870497e+00 1.000000000000000000e+00
-2.719940593808570561e+00 1.000000000000000000e+00
-2.666029640307886250e+00 1.000000000000000000e+00
-2.624951383864055465e+00 1.000000000000000000e+00
-2.464275962794542973e+00 1.000000000000000000e+00
-2.362354918751345956e+00 1.000000000000000000e+00
-2.300883644326601196e+00 1.000000000000000000e+00
-2.264138570393358751e+00 1.000000000000000000e+00
-2.233886118633661155e+00 1.000000000000000000e+00
-2.205958639212409533e+00 1.000000000000000000e+00
-2.038337730343230181e+00 1.000000000000000000e+00
-2.000681370487465749e+00 1.000000000000000000e+00
-1.844415982016338829e+00 1.000000000000000000e+00
-1.795262164484602074e+00 1.000000000000000000e+00
-1.721488096131869927e+00 1.000000000000000000e+00
-1.671347742519572854e+00 1.000000000000000000e+00
-1.654966142307165766e+00 1.000000000000000000e+00
-1.571024655038411932e+00 1.000000000000000000e+00
-1.548930484730002055e+00 1.000000000000000000e+00
-1.469385405057687333e+00 1.000000000000000000e+00
-1.420458940730374042e+00 1.000000000000000000e+00
-1.388113759206025755e+00 1.000000000000000000e+00
-1.352709407551402787e+00 1.000000000000000000e+00
-1.107451785056118077e+00 1.000000000000000000e+00
-1.079593129375120419e+00 1.000000000000000000e+00
-1.060869155903109151e+00 1.000000000000000000e+00
-1.003241503710310401e+00 1.000000000000000000e+00
-9.579357158152030927e-01 1.000000000000000000e+00
-9.044312752432026592e-01 1.000000000000000000e+00
-8.466996358798927202e-01 1.000000000000000000e+00
-8.066776072059524960e-01 1.000000000000000000e+00
-7.797639368538077376e-01 1.000000000000000000e+00
-7.243388989876111683e-01 1.000000000000000000e+00
-6.735641448517774021e-01 1.000000000000000000e+00
-6.597890940785097191e-01 1.000000000000000000e+00
-5.929749096391664365e-01 1.000000000000000000e+00
-5.769858435934829277e-01 1.000000000000000000e+00
-5.451151014229014269e-01 1.000000000000000000e+00
-5.271418119032161842e-01 1.000000000000000000e+00
-4.261466654381173003e-01 1.000000000000000000e+00
-3.896944370690320625e-01 1.000000000000000000e+00
-3.837562298865168642e-01 1.000000000000000000e+00
-2.906695392546468359e-01 1.000000000000000000e+00
-2.353916472858605669e-01 1.000000000000000000e+00
-1.693657452145168330e-01 1.000000000000000000e+00
-1.309249261611709070e-01 1.000000000000000000e+00
-8.406078056455840164e-02 1.000000000000000000e+00
-5.838955417719618457e-02 1.000000000000000000e+00
-3.907791243588969871e-02 1.000000000000000000e+00
7.536131942213748769e-02 1.000000000000000000e+00
1.081160168743838940e-01 1.000000000000000000e+00
1.410011385726429589e-01 1.000000000000000000e+00
1.622304044692858549e-01 1.000000000000000000e+00
1.946376823310114190e-01 1.000000000000000000e+00
2.397884901100672261e-01 1.000000000000000000e+00
3.136857368434543547e-01 1.000000000000000000e+00
3.359660918452135880e-01 1.000000000000000000e+00
3.500519292881265065e-01 1.000000000000000000e+00
4.073479448006325776e-01 1.000000000000000000e+00
4.549920596041564513e-01 1.000000000000000000e+00
4.892831568505521256e-01 1.000000000000000000e+00
5.115535111516645861e-01 1.000000000000000000e+00
5.498518426996960029e-01 1.000000000000000000e+00
5.787558614615315733e-01 1.000000000000000000e+00
5.927795723096138669e-01 1.000000000000000000e+00
6.310329572207064031e-01 1.000000000000000000e+00
6.572485448265068531e-01 1.000000000000000000e+00
6.585738992230830702e-01 1.000000000000000000e+00
7.163494756925919971e-01 1.000000000000000000e+00
7.316480602589845450e-01 1.000000000000000000e+00
7.908629856790793111e-01 1.000000000000000000e+00
8.192244143515967636e-01 1.000000000000000000e+00
8.388889303028438382e-01 1.000000000000000000e+00
8.781614984547462255e-01 1.000000000000000000e+00
9.347794681654608695e-01 1.000000000000000000e+00
9.672811987934734068e-01 1.000000000000000000e+00
1.043110534087921204e+00 1.000000000000000000e+00
1.085816630053662468e+00 1.000000000000000000e+00
1.121118229387384035e+00 1.000000000000000000e+00
1.159059403576916614e+00 1.000000000000000000e+00
1.219177256042539570e+00 1.000000000000000000e+00
1.265756635635259642e+00 1.000000000000000000e+00
1.279640692144252245e+00 1.000000000000000000e+00
1.349432089606405594e+00 1.000000000000000000e+00
1.358118142199203016e+00 1.000000000000000000e+00
1.458675079224934112e+00 1.000000000000000000e+00
1.507525272405407346e+00 1.000000000000000000e+00
1.528518281749272623e+00 1.000000000000000000e+00
1.549068566467891372e+00 1.000000000000000000e+00
1.571905062579810108e+00 1.000000000000000000e+00
1.603700960986157886e+00 1.000000000000000000e+00
1.634709871606491616e+00 1.000000000000000000e+00
1.668269785332509692e+00 1.000000000000000000e+00
1.677328384371192360e+00 1.000000000000000000e+00
1.730203286148801478e+00 1.000000000000000000e+00
1.816081020722195349e+00 1.000000000000000000e+00
1.838814179054995002e+00 1.000000000000000000e+00
1.862875323812017259e+00 1.000000000000000000e+00
1.922158829544912129e+00 1.000000000000000000e+00
1.955983950275515637e+00 1.000000000000000000e+00
1.986787664973937773e+00 1.000000000000000000e+00
2.014604742340816657e+00 1.000000000000000000e+00
2.094582975758368271e+00 1.000000000000000000e+00
2.102636303178069710e+00 1.000000000000000000e+00
2.123904841450642067e+00 1.000000000000000000e+00
2.164532440238797317e+00 1.000000000000000000e+00
2.219834264080960295e+00 1.000000000000000000e+00
2.241991558167621967e+00 1.000000000000000000e+00
2.293903883300804303e+00 1.000000000000000000e+00
2.314851384982529847e+00 1.000000000000000000e+00
2.344787533376756716e+00 1.000000000000000000e+00
2.388133492944738201e+00 1.000000000000000000e+00
2.472718517765758683e+00 1.000000000000000000e+00
2.524678960281912854e+00 1.000000000000000000e+00
2.548636870063996529e+00 1.000000000000000000e+00
2.555452446214078854e+00 1.000000000000000000e+00
2.636121406840556958e+00 1.000000000000000000e+00
2.667130600173189592e+00 1.000000000000000000e+00
2.680720811231532608e+00 1.000000000000000000e+00
2.719626164204448138e+00 1.000000000000000000e+00
2.759886888657235637e+00 1.000000000000000000e+00
2.805391555487664057e+00 1.000000000000000000e+00
2.825677753260227298e+00 1.000000000000000000e+00
2.859507715721108845e+00 1.000000000000000000e+00
2.875718993420067093e+00 1.000000000000000000e+00
2.937241780556893112e+00 1.000000000000000000e+00
2.970987714956183190e+00 1.000000000000000000e+00
3.014100780146458547e+00 1.000000000000000000e+00
3.042581901591101090e+00 1.000000000000000000e+00
3.055024508835561647e+00 1.000000000000000000e+00
3.077745929492714971e+00 1.000000000000000000e+00
3.135969159420139540e+00 1.000000000000000000e+00
3.169955655393630334e+00 1.000000000000000000e+00
3.211867546565334575e+00 1.000000000000000000e+00
3.271550908609786035e+00 1.000000000000000000e+00
3.297909157265869862e+00 1.000000000000000000e+00
3.306653791717454105e+00 1.000000000000000000e+00
3.368891027796822257e+00 1.000000000000000000e+00
3.427880001765183149e+00 1.000000000000000000e+00
3.482632064585300835e+00 1.000000000000000000e+00
3.501389844234290560e+00 1.000000000000000000e+00
3.560978867861834818e+00 1.000000000000000000e+00
3.644494009723322048e+00 1.000000000000000000e+00
3.668805172843496276e+00 1.000000000000000000e+00
3.745392391184972691e+00 1.000000000000000000e+00
3.766921062947323318e+00 1.000000000000000000e+00
3.794758484301065771e+00 1.000000000000000000e+00
3.805992694149579414e+00 1.000000000000000000e+00
3.842684683267620471e+00 1.000000000000000000e+00
3.883050548691277637e+00 1.000000000000000000e+00
3.920868252750060012e+00 1.000000000000000000e+00
3.975567607092445499e+00 1.000000000000000000e+00
4.008818628274478435e+00 1.000000000000000000e+00
4.060837026955181450e+00 1.000000000000000000e+00
4.095371284354957453e+00 1.000000000000000000e+00
4.152615189085575587e+00 1.000000000000000000e+00
4.212434551845662511e+00 1.000000000000000000e+00
4.266180245856854292e+00 1.000000000000000000e+00
4.360502750233939295e+00 1.000000000000000000e+00
4.390164996654086771e+00 1.000000000000000000e+00
4.450173985328622628e+00 1.000000000000000000e+00
4.500006050713664330e+00 1.000000000000000000e+00
4.541820545166366685e+00 1.000000000000000000e+00
4.588580172605547070e+00 1.000000000000000000e+00
4.631113098349436186e+00 1.000000000000000000e+00
4.664086196474823254e+00 1.000000000000000000e+00
4.717308498727740940e+00 1.000000000000000000e+00
4.748116443586422264e+00 1.000000000000000000e+00
4.789886531986155660e+00 1.000000000000000000e+00
4.894634469061015736e+00 1.000000000000000000e+00
4.906523418007032511e+00 1.000000000000000000e+00
4.998211459934352341e+00 1.000000000000000000e+00
5.069154774832624888e+00 1.000000000000000000e+00
5.103831943194077958e+00 1.000000000000000000e+00
5.190801626467909102e+00 1.000000000000000000e+00
5.216402129083184569e+00 1.000000000000000000e+00
5.303861651915132924e+00 1.000000000000000000e+00
5.319204235090810862e+00 1.000000000000000000e+00
5.399622666543302252e+00 1.000000000000000000e+00
5.493496491777224655e+00 1.000000000000000000e+00
5.510222553489294128e+00 1.000000000000000000e+00
5.541329088806221215e+00 1.000000000000000000e+00
5.603397205264387004e+00 1.000000000000000000e+00
5.688736687557499394e+00 1.000000000000000000e+00
5.770721712970613204e+00 1.000000000000000000e+00
5.860241480637014000e+00 1.000000000000000000e+00
5.899759110400648154e+00 1.000000000000000000e+00
5.943188528141689631e+00 1.000000000000000000e+00
5.987296458315620740e+00 1.000000000000000000e+00
6.067495632021588925e+00 1.000000000000000000e+00
6.098746578424709242e+00 1.000000000000000000e+00
6.202700710350087299e+00 1.000000000000000000e+00
6.330476783290260201e+00 1.000000000000000000e+00
6.419512464222879800e+00 1.000000000000000000e+00
6.481246727511589256e+00 1.000000000000000000e+00
6.560403673147018111e+00 1.000000000000000000e+00
6.708809642784318683e+00 1.000000000000000000e+00
6.717889869066286046e+00 1.000000000000000000e+00
6.857258712162514591e+00 1.000000000000000000e+00
6.891809881020495077e+00 1.000000000000000000e+00
7.038080262178638691e+00 1.000000000000000000e+00
7.062956965167502155e+00 1.000000000000000000e+00
7.122984015774066258e+00 1.000000000000000000e+00
7.344988551267022103e+00 1.000000000000000000e+00
7.501383986266578319e+00 1.000000000000000000e+00
7.529055023222154475e+00 1.000000000000000000e+00
7.582939824061076806e+00 1.000000000000000000e+00
7.742162129623805455e+00 1.000000000000000000e+00
8.041169367199657358e+00 1.000000000000000000e+00
8.284298801035758331e+00 1.000000000000000000e+00
8.477073637341392853e+00 1.000000000000000000e+00
8.594384151559976814e+00 1.000000000000000000e+00
8.945917386975608565e+00 1.000000000000000000e+00
9.117497677757100405e+00 1.000000000000000000e+00
9.366046331875629960e+00 1.000000000000000000e+00
1.112299727534868055e+01 1.000000000000000000e+00
-5.897949549374454037e+00 0.000000000000000000e+00
-4.357043145417112129e+00 0.000000000000000000e+00
-4.283495694278878219e+00 0.000000000000000000e+00
-3.558772742596772787e+00 0.000000000000000000e+00
-2.983530695415497203e+00 0.000000000000000000e+00
-2.927708969691980467e+00 0.000000000000000000e+00
-2.809146036538543889e+00 0.000000000000000000e+00
-2.478357786884246572e+00 0.000000000000000000e+00
-2.380972717936677086e+00 0.000000000000000000e+00
-2.287341888557608893e+00 0.000000000000000000e+00
-1.840273099932669743e+00 0.000000000000000000e+00
-1.611663072014058118e+00 0.000000000000000000e+00
-1.498228148378944802e+00 0.000000000000000000e+00
-1.276462132679829997e+00 0.000000000000000000e+00
-1.223695722111191486e+00 0.000000000000000000e+00
-8.798978517501878649e-01 0.000000000000000000e+00
-8.531035381989513500e-01 0.000000000000000000e+00
-7.155047118438809806e-01 0.000000000000000000e+00
-6.455268970021884600e-01 0.000000000000000000e+00
-5.090120373820791189e-01 0.000000000000000000e+00
-3.446092943297782152e-01 0.000000000000000000e+00
-3.398926568099144285e-01 0.000000000000000000e+00
-1.042327018975600650e-01 0.000000000000000000e+00
-8.236204087642146066e-02 0.000000000000000000e+00
1.062075528074614278e-01 0.000000000000000000e+00
2.382147439785290699e-01 0.000000000000000000e+00
2.992591755864559278e-01 0.000000000000000000e+00
5.654426237188163729e-01 0.000000000000000000e+00
5.817008120588685882e-01 0.000000000000000000e+00
7.495667866136447310e-01 0.000000000000000000e+00
7.793179623229379294e-01 0.000000000000000000e+00
1.018385740572666842e+00 0.000000000000000000e+00
1.199833518352974471e+00 0.000000000000000000e+00
1.219628903941666787e+00 0.000000000000000000e+00
1.244948532331300095e+00 0.000000000000000000e+00
1.344751827809090194e+00 0.000000000000000000e+00
1.357091389283583638e+00 0.000000000000000000e+00
1.478783225918970823e+00 0.000000000000000000e+00
1.507307788473219778e+00 0.000000000000000000e+00
1.565166370384347916e+00 0.000000000000000000e+00
1.652031808657168366e+00 0.000000000000000000e+00
1.849204774071999013e+00 0.000000000000000000e+00
1.984559909974596303e+00 0.000000000000000000e+00
2.065768382863746311e+00 0.000000000000000000e+00
2.145381676404083837e+00 0.000000000000000000e+00
2.165958151605779758e+00 0.000000000000000000e+00
2.363860810185847594e+00 0.000000000000000000e+00
2.419435604441532828e+00 0.000000000000000000e+00
2.427717572746447949e+00 0.000000000000000000e+00
2.622116402076010377e+00 0.000000000000000000e+00
2.647278675140757542e+00 0.000000000000000000e+00
2.771522288005190404e+00 0.000000000000000000e+00
2.893144376956096053e+00 0.000000000000000000e+00
3.063143481339994700e+00 0.000000000000000000e+00
3.111194624383075702e+00 0.000000000000000000e+00
3.188475941091091670e+00 0.000000000000000000e+00
3.414768335844834635e+00 0.000000000000000000e+00
3.514281521329532865e+00 0.000000000000000000e+00
3.547803075717928412e+00 0.000000000000000000e+00
3.732737743570305078e+00 0.000000000000000000e+00
3.809007184470015517e+00 0.000000000000000000e+00
3.964562194830728803e+00 0.000000000000000000e+00
4.010660862707788432e+00 0.000000000000000000e+00
4.126949868850164016e+00 0.000000000000000000e+00
4.218178231049471982e+00 0.000000000000000000e+00
4.329058007289643406e+00 0.000000000000000000e+00
4.449843993647843554e+00 0.000000000000000000e+00
4.547683743538083689e+00 0.000000000000000000e+00
4.600410839516921868e+00 0.000000000000000000e+00
4.745153018814556312e+00 0.000000000000000000e+00
4.758976562340870409e+00 0.000000000000000000e+00
4.965048814252654985e+00 0.000000000000000000e+00
5.119719550637279681e+00 0.000000000000000000e+00
5.242962772767305601e+00 0.000000000000000000e+00
5.313497502189808763e+00 0.000000000000000000e+00
5.620226806194881242e+00 0.000000000000000000e+00
5.891892834581307525e+00 0.000000000000000000e+00
6.134411829026547025e+00 0.000000000000000000e+00
6.220223708664893714e+00 0.000000000000000000e+00
6.406859117092203348e+00 0.000000000000000000e+00
6.655058944113705799e+00 0.000000000000000000e+00
6.714590236899015352e+00 0.000000000000000000e+00
7.102548053122173854e+00 0.000000000000000000e+00
7.198102244860038468e+00 0.000000000000000000e+00
7.456984947281511289e+00 0.000000000000000000e+00
7.525918906984599310e+00 0.000000000000000000e+00
7.897982929562293641e+00 0.000000000000000000e+00
7.959310650206505855e+00 0.000000000000000000e+00
8.218989535415341052e+00 0.000000000000000000e+00
8.762214863571049506e+00 0.000000000000000000e+00
1.108576226685958765e+01 0.000000000000000000e+00
