# Runtime: 10.71776556968689
-1.750000000000000888e+00 3.500000000000000000e+00
-1.373489801858734483e+00 2.500000000000000000e+00
-1.373489801858734038e+00 2.500000000000000000e+00
-5.274790660436859957e-01 2.500000000000000000e+00
-5.274790660436856626e-01 2.500000000000000000e+00
1.509688679024187019e-01 2.500000000000000000e+00
1.509688679024197011e-01 2.500000000000000000e+00
-1.168333676661950316e+00 1.500000000000000000e+00
-1.168333676661949871e+00 1.500000000000000000e+00
-7.990214259645445072e-01 1.500000000000000000e+00
-7.990214259645425088e-01 1.500000000000000000e+00
-7.500000000000006661e-01 1.500000000000000000e+00
2.181832877263350512e-01 1.500000000000000000e+00
2.181832877263353010e-01 1.500000000000000000e+00
6.205734920184389214e-01 1.500000000000000000e+00
6.205734920184392545e-01 1.500000000000000000e+00
8.223229408469032720e-01 1.500000000000000000e+00
8.223229408469033830e-01 1.500000000000000000e+00
1.250000000000000666e+00 1.500000000000000000e+00
1.806275382034819854e+00 1.500000000000000000e+00
1.806275382034820076e+00 1.500000000000000000e+00
-1.115192044167223395e+00 5.000000000000000000e-01
-1.115192044167222951e+00 5.000000000000000000e-01
-2.903538393292381392e-01 5.000000000000000000e-01
-2.903538393292377506e-01 5.000000000000000000e-01
1.692794129144592485e-01 5.000000000000000000e-01
1.692794129144596094e-01 5.000000000000000000e-01
7.500000000000001110e-01 5.000000000000000000e-01
7.500000000000004441e-01 5.000000000000000000e-01
1.111905905383133497e+00 5.000000000000000000e-01
1.111905905383134163e+00 5.000000000000000000e-01
1.769181308352178128e+00 5.000000000000000000e-01
1.769181308352178572e+00 5.000000000000000000e-01
2.855179256846692493e+00 5.000000000000000000e-01
2.855179256846694713e+00 5.000000000000000000e-01
