# Runtime: 7.759766101837158
-1.250000000000000222e+00 2.500000000000000000e+00
-5.590169943749475623e-01 1.500000000000000000e+00
-5.590169943749474513e-01 1.500000000000000000e+00
5.590169943749476733e-01 1.500000000000000000e+00
5.590169943749478954e-01 1.500000000000000000e+00
-3.680339887498949025e-01 5.000000000000000000e-01
-3.680339887498946805e-01 5.000000000000000000e-01
7.500000000000000000e-01 5.000000000000000000e-01
1.868033988749895125e+00 5.000000000000000000e-01
1.868033988749896013e+00 5.000000000000000000e-01
