# Runtime: 13.25814151763916
-2.000000000000000888e+00 4.000000000000000000e+00
-1.707106781186548350e+00 3.000000000000000000e+00
-1.707106781186548128e+00 3.000000000000000000e+00
-1.000000000000000888e+00 3.000000000000000000e+00
-1.000000000000000666e+00 3.000000000000000000e+00
-2.928932188134524828e-01 3.000000000000000000e+00
-2.928932188134523718e-01 3.000000000000000000e+00
2.080668672347664192e-16 3.000000000000000000e+00
-1.525687120865520052e+00 2.000000000000000000e+00
-1.525687120865518720e+00 2.000000000000000000e+00
-1.246979603717468077e+00 2.000000000000000000e+00
-1.144122805635369833e+00 2.000000000000000000e+00
-1.144122805635369167e+00 2.000000000000000000e+00
-1.000000000000001554e+00 2.000000000000000000e+00
-4.370160244488222046e-01 2.000000000000000000e+00
-4.370160244488214829e-01 2.000000000000000000e+00
-2.686730308049705613e-16 2.000000000000000000e+00
4.853437518895944482e-16 2.000000000000000000e+00
2.586520225041539778e-01 2.000000000000000000e+00
2.586520225041544219e-01 2.000000000000000000e+00
4.370160244488217050e-01 2.000000000000000000e+00
4.370160244488220935e-01 2.000000000000000000e+00
4.450418679126299515e-01 2.000000000000000000e+00
1.144122805635369833e+00 2.000000000000000000e+00
1.144122805635370055e+00 2.000000000000000000e+00
1.267035098361367185e+00 2.000000000000000000e+00
1.267035098361367185e+00 2.000000000000000000e+00
1.801937735804840290e+00 2.000000000000000000e+00
-1.445725993242029661e+00 1.000000000000000000e+00
-1.445725993242028551e+00 1.000000000000000000e+00
-1.330058739567982373e+00 1.000000000000000000e+00
-8.926933576552216199e-01 1.000000000000000000e+00
-8.926933576552207317e-01 1.000000000000000000e+00
-4.516059629557768740e-01 1.000000000000000000e+00
-4.516059629557767630e-01 1.000000000000000000e+00
-2.654527115754954925e-01 1.000000000000000000e+00
-2.654527115754950484e-01 1.000000000000000000e+00
4.613687686087595486e-16 1.000000000000000000e+00
7.323880436908010300e-16 1.000000000000000000e+00
5.126832030638752702e-01 1.000000000000000000e+00
5.126832030638757143e-01 1.000000000000000000e+00
5.969682832373154335e-01 1.000000000000000000e+00
5.969682832373156556e-01 1.000000000000000000e+00
6.283784268830618913e-01 1.000000000000000000e+00
6.283784268830631126e-01 1.000000000000000000e+00
8.589235497102579719e-01 1.000000000000000000e+00
8.589235497102587491e-01 1.000000000000000000e+00
9.999999999999998890e-01 1.000000000000000000e+00
1.201639675723405354e+00 1.000000000000000000e+00
1.854637679718461607e+00 1.000000000000000000e+00
1.854637679718463161e+00 1.000000000000000000e+00
2.145148373920719109e+00 1.000000000000000000e+00
2.145148373920719997e+00 1.000000000000000000e+00
2.458738508894832808e+00 1.000000000000000000e+00
2.458738508894833252e+00 1.000000000000000000e+00
3.128419063844578574e+00 1.000000000000000000e+00
-1.460504870018764612e+00 0.000000000000000000e+00
-6.180339887498962348e-01 0.000000000000000000e+00
-6.180339887498945695e-01 0.000000000000000000e+00
-3.772028539729569419e-01 0.000000000000000000e+00
2.928932188134527603e-01 0.000000000000000000e+00
2.928932188134529269e-01 0.000000000000000000e+00
7.261094450357826746e-01 0.000000000000000000e+00
7.608767217434460051e-01 0.000000000000000000e+00
1.618033988749896013e+00 0.000000000000000000e+00
1.618033988749896457e+00 0.000000000000000000e+00
1.707106781186548794e+00 0.000000000000000000e+00
1.707106781186549682e+00 0.000000000000000000e+00
2.699628148275318829e+00 0.000000000000000000e+00
3.651093408937177376e+00 0.000000000000000000e+00
