# Runtime: 13.83455777168274
-2.250000000000001776e+00 4.500000000000000000e+00
-2.016044443118979235e+00 3.500000000000000000e+00
-2.016044443118978347e+00 3.500000000000000000e+00
-1.423648177666931414e+00 3.500000000000000000e+00
-1.423648177666930748e+00 3.500000000000000000e+00
-7.500000000000008882e-01 3.500000000000000000e+00
-7.500000000000000000e-01 3.500000000000000000e+00
-3.103073792140919052e-01 3.500000000000000000e+00
-3.103073792140916276e-01 3.500000000000000000e+00
-1.858337580123763377e+00 2.500000000000000000e+00
-1.858337580123762267e+00 2.500000000000000000e+00
-1.664213562373096034e+00 2.500000000000000000e+00
-1.495431807680516201e+00 2.500000000000000000e+00
-1.495431807680514646e+00 2.500000000000000000e+00
-1.280158167601321617e+00 2.500000000000000000e+00
-1.280158167601320729e+00 2.500000000000000000e+00
-9.896022021983285066e-01 2.500000000000000000e+00
-9.896022021983282846e-01 2.500000000000000000e+00
-5.587554241195041849e-01 2.500000000000000000e+00
-5.587554241195027416e-01 2.500000000000000000e+00
-3.021634461726456222e-01 2.500000000000000000e+00
-3.021634461726456222e-01 2.500000000000000000e+00
-2.499999999999998890e-01 2.500000000000000000e+00
-2.442720673201392162e-02 2.500000000000000000e+00
-2.442720673201372386e-02 2.500000000000000000e+00
7.831021552355428572e-02 2.500000000000000000e+00
7.831021552355531268e-02 2.500000000000000000e+00
4.601322709133530697e-01 2.500000000000000000e+00
4.601322709133536248e-01 2.500000000000000000e+00
6.671215921569613183e-01 2.500000000000000000e+00
6.671215921569615404e-01 2.500000000000000000e+00
8.181047608443596797e-01 2.500000000000000000e+00
8.181047608443601238e-01 2.500000000000000000e+00
1.164213562373096034e+00 2.500000000000000000e+00
1.485206995189862766e+00 2.500000000000000000e+00
1.485206995189863655e+00 2.500000000000000000e+00
-1.771341392149805793e+00 1.500000000000000000e+00
-1.771341392149803795e+00 1.500000000000000000e+00
-1.604029912824044724e+00 1.500000000000000000e+00
-1.604029912824043835e+00 1.500000000000000000e+00
-1.384363957565309722e+00 1.500000000000000000e+00
-1.384363957565308834e+00 1.500000000000000000e+00
-9.689894854452079098e-01 1.500000000000000000e+00
-9.689894854452071327e-01 1.500000000000000000e+00
-7.500000000000006661e-01 1.500000000000000000e+00
-7.500000000000000000e-01 1.500000000000000000e+00
-7.154929670154139831e-01 1.500000000000000000e+00
-7.154929670154137611e-01 1.500000000000000000e+00
-6.366937058253226978e-01 1.500000000000000000e+00
-6.366937058253218096e-01 1.500000000000000000e+00
-1.596590946268754974e-01 1.500000000000000000e+00
-1.596590946268748590e-01 1.500000000000000000e+00
3.885533240620673429e-02 1.500000000000000000e+00
3.885533240620709511e-02 1.500000000000000000e+00
6.385933836549269327e-02 1.500000000000000000e+00
6.385933836549353981e-02 1.500000000000000000e+00
9.261012370042115416e-02 1.500000000000000000e+00
9.261012370042115416e-02 1.500000000000000000e+00
1.268148823819459647e-01 1.500000000000000000e+00
1.268148823819466864e-01 1.500000000000000000e+00
3.205413593613847256e-01 1.500000000000000000e+00
3.205413593613851142e-01 1.500000000000000000e+00
5.099846860313954622e-01 1.500000000000000000e+00
5.099846860313956842e-01 1.500000000000000000e+00
5.871786663491325164e-01 1.500000000000000000e+00
5.871786663491328495e-01 1.500000000000000000e+00
6.693657843085530912e-01 1.500000000000000000e+00
6.693657843085548675e-01 1.500000000000000000e+00
9.486647946571343804e-01 1.500000000000000000e+00
9.486647946571349355e-01 1.500000000000000000e+00
1.379755764270291785e+00 1.500000000000000000e+00
1.379755764270296226e+00 1.500000000000000000e+00
1.428731268449385583e+00 1.500000000000000000e+00
1.428731268449388248e+00 1.500000000000000000e+00
1.646109314691518888e+00 1.500000000000000000e+00
1.646109314691519110e+00 1.500000000000000000e+00
1.876709019793926458e+00 1.500000000000000000e+00
1.876709019793929345e+00 1.500000000000000000e+00
2.089012892163723212e+00 1.500000000000000000e+00
2.089012892163724100e+00 1.500000000000000000e+00
2.276236626886962267e+00 1.500000000000000000e+00
2.276236626886964931e+00 1.500000000000000000e+00
2.936140661634509819e+00 1.500000000000000000e+00
2.936140661634511151e+00 1.500000000000000000e+00
-1.750828286790789168e+00 5.000000000000000000e-01
-1.750828286790785393e+00 5.000000000000000000e-01
-1.164463116297433709e+00 5.000000000000000000e-01
-1.164463116297431489e+00 5.000000000000000000e-01
-9.820508075688789695e-01 5.000000000000000000e-01
-9.404735317346430978e-01 5.000000000000000000e-01
-9.404735317346405443e-01 5.000000000000000000e-01
-5.602827900947309203e-01 5.000000000000000000e-01
-5.602827900947292550e-01 5.000000000000000000e-01
-3.614952344493747027e-01 5.000000000000000000e-01
-3.614952344493742586e-01 5.000000000000000000e-01
-1.253373662525785193e-01 5.000000000000000000e-01
-1.253373662525777976e-01 5.000000000000000000e-01
4.682233051904389348e-02 5.000000000000000000e-01
4.682233051904437227e-02 5.000000000000000000e-01
2.500000000000001665e-01 5.000000000000000000e-01
2.500000000000008882e-01 5.000000000000000000e-01
3.670850708115453997e-01 5.000000000000000000e-01
3.670850708115461214e-01 5.000000000000000000e-01
6.761376344637128888e-01 5.000000000000000000e-01
6.761376344637135549e-01 5.000000000000000000e-01
8.986466147584449837e-01 5.000000000000000000e-01
8.986466147584456499e-01 5.000000000000000000e-01
9.497317264608373666e-01 5.000000000000000000e-01
9.497317264608380327e-01 5.000000000000000000e-01
1.085492122739725618e+00 5.000000000000000000e-01
1.085492122739726506e+00 5.000000000000000000e-01
1.277046866328826580e+00 5.000000000000000000e-01
1.277046866328828578e+00 5.000000000000000000e-01
1.506055684935198258e+00 5.000000000000000000e-01
1.506055684935198258e+00 5.000000000000000000e-01
1.820991191739903092e+00 5.000000000000000000e-01
1.820991191739904869e+00 5.000000000000000000e-01
1.968323706654420358e+00 5.000000000000000000e-01
1.968323706654421690e+00 5.000000000000000000e-01
2.405249682534083888e+00 5.000000000000000000e-01
2.405249682534084332e+00 5.000000000000000000e-01
2.482050807568881190e+00 5.000000000000000000e-01
2.853997909736801120e+00 5.000000000000000000e-01
2.853997909736805116e+00 5.000000000000000000e-01
3.797299783937010176e+00 5.000000000000000000e-01
3.797299783937013729e+00 5.000000000000000000e-01
