# Runtime: 18.842511415481567
-2.500000000000001332e+00 5.000000000000000000e+00
-2.309016994374950116e+00 4.000000000000000000e+00
-2.309016994374947451e+00 4.000000000000000000e+00
-1.809016994374948339e+00 4.000000000000000000e+00
-1.809016994374947895e+00 4.000000000000000000e+00
-1.190983005625053659e+00 4.000000000000000000e+00
-1.190983005625053215e+00 4.000000000000000000e+00
-6.909830056250532149e-01 4.000000000000000000e+00
-6.909830056250527708e-01 4.000000000000000000e+00
-5.000000000000000000e-01 4.000000000000000000e+00
-2.172327894546670635e+00 3.000000000000000000e+00
-2.172327894546668414e+00 3.000000000000000000e+00
-2.032088886237957581e+00 3.000000000000000000e+00
-1.838944741461200572e+00 3.000000000000000000e+00
-1.838944741461200572e+00 3.000000000000000000e+00
-1.595559490452792994e+00 3.000000000000000000e+00
-1.595559490452791884e+00 3.000000000000000000e+00
-1.500000000000000222e+00 3.000000000000000000e+00
-1.467086626171178132e+00 3.000000000000000000e+00
-1.467086626171175912e+00 3.000000000000000000e+00
-1.059777279414483964e+00 3.000000000000000000e+00
-1.059777279414482409e+00 3.000000000000000000e+00
-8.472963553338614950e-01 3.000000000000000000e+00
-8.264626963333979726e-01 3.000000000000000000e+00
-8.264626963333975285e-01 3.000000000000000000e+00
-5.000000000000005551e-01 3.000000000000000000e+00
-4.999999999999998890e-01 3.000000000000000000e+00
-3.540502860882140945e-01 3.000000000000000000e+00
-3.540502860882127623e-01 3.000000000000000000e+00
-2.296647483946335777e-01 3.000000000000000000e+00
-2.296647483946332446e-01 3.000000000000000000e+00
-1.785079479209900066e-01 3.000000000000000000e+00
-1.785079479209893405e-01 3.000000000000000000e+00
7.598452388695987880e-02 3.000000000000000000e+00
7.598452388696073923e-02 3.000000000000000000e+00
2.896833401156583832e-01 3.000000000000000000e+00
2.896833401156586052e-01 3.000000000000000000e+00
3.839780331744656605e-01 3.000000000000000000e+00
3.839780331744664377e-01 3.000000000000000000e+00
5.000000000000004441e-01 3.000000000000000000e+00
9.546115684671131474e-01 3.000000000000000000e+00
9.546115684671137025e-01 3.000000000000000000e+00
1.018124245139354400e+00 3.000000000000000000e+00
1.018124245139354400e+00 3.000000000000000000e+00
1.379385241571817744e+00 3.000000000000000000e+00
-2.086687596845806514e+00 2.000000000000000000e+00
-2.086687596845805182e+00 2.000000000000000000e+00
-1.899790572737469319e+00 2.000000000000000000e+00
-1.899790572737464656e+00 2.000000000000000000e+00
-1.832971671493111021e+00 2.000000000000000000e+00
-1.806249784621024368e+00 2.000000000000000000e+00
-1.806249784621020815e+00 2.000000000000000000e+00
-1.427511744644504033e+00 2.000000000000000000e+00
-1.427511744644502700e+00 2.000000000000000000e+00
-1.180734383092914452e+00 2.000000000000000000e+00
-1.180734383092913786e+00 2.000000000000000000e+00
-1.173122444878365922e+00 2.000000000000000000e+00
-1.173122444878365034e+00 2.000000000000000000e+00
-1.151387818865998947e+00 2.000000000000000000e+00
-1.151387818865998502e+00 2.000000000000000000e+00
-1.103136319642284757e+00 2.000000000000000000e+00
-1.103136319642283647e+00 2.000000000000000000e+00
-7.503141081079218733e-01 2.000000000000000000e+00
-7.503141081079194308e-01 2.000000000000000000e+00
-5.560379727430552199e-01 2.000000000000000000e+00
-5.560379727430546648e-01 2.000000000000000000e+00
-5.307188559003985784e-01 2.000000000000000000e+00
-5.307188559003983563e-01 2.000000000000000000e+00
-4.511052399153450687e-01 2.000000000000000000e+00
-4.511052399153449022e-01 2.000000000000000000e+00
-4.495727072794007961e-01 2.000000000000000000e+00
-4.495727072794005186e-01 2.000000000000000000e+00
-3.134466117926449913e-01 2.000000000000000000e+00
-3.134466117926443252e-01 2.000000000000000000e+00
-1.063575296724154212e-01 2.000000000000000000e+00
-1.063575296724151992e-01 2.000000000000000000e+00
-8.372459555426797762e-02 2.000000000000000000e+00
-8.372459555426740863e-02 2.000000000000000000e+00
-7.272726717059309343e-02 2.000000000000000000e+00
-7.272726717059252444e-02 2.000000000000000000e+00
-8.969868337881997319e-03 2.000000000000000000e+00
-8.969868337881646905e-03 2.000000000000000000e+00
1.668977381356767931e-01 2.000000000000000000e+00
1.668977381356770429e-01 2.000000000000000000e+00
2.005961592211797095e-01 2.000000000000000000e+00
2.192924850215332011e-01 2.000000000000000000e+00
2.192924850215336174e-01 2.000000000000000000e+00
2.432296962347164360e-01 2.000000000000000000e+00
2.432296962347166858e-01 2.000000000000000000e+00
3.047624799180617683e-01 2.000000000000000000e+00
3.047624799180621014e-01 2.000000000000000000e+00
5.000000000000003331e-01 2.000000000000000000e+00
6.513878188659975033e-01 2.000000000000000000e+00
6.513878188659985025e-01 2.000000000000000000e+00
7.171221423090186065e-01 2.000000000000000000e+00
7.171221423090188285e-01 2.000000000000000000e+00
8.578809034048766602e-01 2.000000000000000000e+00
8.578809034048766602e-01 2.000000000000000000e+00
9.006414770876627340e-01 2.000000000000000000e+00
9.006414770876640663e-01 2.000000000000000000e+00
1.241527388711194169e+00 2.000000000000000000e+00
1.241527388711194391e+00 2.000000000000000000e+00
1.264458978647182708e+00 2.000000000000000000e+00
1.264458978647183374e+00 2.000000000000000000e+00
1.396201216260453348e+00 2.000000000000000000e+00
1.396201216260453570e+00 2.000000000000000000e+00
1.431476369392978620e+00 2.000000000000000000e+00
1.431476369392979286e+00 2.000000000000000000e+00
1.548078795262538776e+00 2.000000000000000000e+00
1.548078795262541218e+00 2.000000000000000000e+00
1.656443643217496930e+00 2.000000000000000000e+00
1.772836485948625418e+00 2.000000000000000000e+00
1.772836485948625862e+00 2.000000000000000000e+00
2.127803961483957451e+00 2.000000000000000000e+00
2.127803961483960560e+00 2.000000000000000000e+00
2.320334627141443562e+00 2.000000000000000000e+00
2.320334627141448447e+00 2.000000000000000000e+00
2.487662857976365771e+00 2.000000000000000000e+00
2.487662857976369768e+00 2.000000000000000000e+00
2.975931869054435630e+00 2.000000000000000000e+00
-2.049451505679561691e+00 1.000000000000000000e+00
-2.049451505679556806e+00 1.000000000000000000e+00
-1.990863615361036842e+00 1.000000000000000000e+00
-1.625182801096251684e+00 1.000000000000000000e+00
-1.625182801096251017e+00 1.000000000000000000e+00
-1.488941313980552961e+00 1.000000000000000000e+00
-1.399805573283062099e+00 1.000000000000000000e+00
-1.399805573283060323e+00 1.000000000000000000e+00
-1.296929625291696198e+00 1.000000000000000000e+00
-1.296929625291694865e+00 1.000000000000000000e+00
-1.084469340353736211e+00 1.000000000000000000e+00
-1.084469340353734657e+00 1.000000000000000000e+00
-9.463580418303709774e-01 1.000000000000000000e+00
-9.463580418303685349e-01 1.000000000000000000e+00
-8.647860749648863532e-01 1.000000000000000000e+00
-8.647860749648854650e-01 1.000000000000000000e+00
-6.736725661590479142e-01 1.000000000000000000e+00
-6.736725661590470260e-01 1.000000000000000000e+00
-6.703124980016651469e-01 1.000000000000000000e+00
-5.702724083971016933e-01 1.000000000000000000e+00
-5.702724083971008051e-01 1.000000000000000000e+00
-5.657171489941449360e-01 1.000000000000000000e+00
-5.657171489941438258e-01 1.000000000000000000e+00
-5.000000000000007772e-01 1.000000000000000000e+00
-3.090169943749467851e-01 1.000000000000000000e+00
-3.090169943749453974e-01 1.000000000000000000e+00
-9.895870240970047749e-02 1.000000000000000000e+00
-9.895870240969871501e-02 1.000000000000000000e+00
-6.595769224411925091e-02 1.000000000000000000e+00
-6.595769224411901499e-02 1.000000000000000000e+00
-5.368792691580749621e-02 1.000000000000000000e+00
-5.368792691580726723e-02 1.000000000000000000e+00
3.548862743138041925e-02 1.000000000000000000e+00
3.548862743138139764e-02 1.000000000000000000e+00
1.760773870138937491e-01 1.000000000000000000e+00
1.909830056250521602e-01 1.000000000000000000e+00
1.909830056250536312e-01 1.000000000000000000e+00
2.046295764176843945e-01 1.000000000000000000e+00
2.046295764176849219e-01 1.000000000000000000e+00
3.220774549473713333e-01 1.000000000000000000e+00
3.220774549473718329e-01 1.000000000000000000e+00
4.144911238395433406e-01 1.000000000000000000e+00
4.144911238395435626e-01 1.000000000000000000e+00
4.185217988366509712e-01 1.000000000000000000e+00
4.185217988366511932e-01 1.000000000000000000e+00
5.306295207146750625e-01 1.000000000000000000e+00
5.306295207146756177e-01 1.000000000000000000e+00
8.090169943749483394e-01 1.000000000000000000e+00
8.090169943749490056e-01 1.000000000000000000e+00
8.625469780392809316e-01 1.000000000000000000e+00
8.625469780392810426e-01 1.000000000000000000e+00
8.990102205504707511e-01 1.000000000000000000e+00
8.990102205504709731e-01 1.000000000000000000e+00
9.054679712534464686e-01 1.000000000000000000e+00
9.054679712534471347e-01 1.000000000000000000e+00
9.865875162079258409e-01 1.000000000000000000e+00
9.865875162079262850e-01 1.000000000000000000e+00
1.126741380447431107e+00 1.000000000000000000e+00
1.126741380447431773e+00 1.000000000000000000e+00
1.152937811398608847e+00 1.000000000000000000e+00
1.152937811398609957e+00 1.000000000000000000e+00
1.156620431047110431e+00 1.000000000000000000e+00
1.309016994374947895e+00 1.000000000000000000e+00
1.309016994374948784e+00 1.000000000000000000e+00
1.452153757713834592e+00 1.000000000000000000e+00
1.652074687116638518e+00 1.000000000000000000e+00
1.652074687116638518e+00 1.000000000000000000e+00
1.717653267780039128e+00 1.000000000000000000e+00
1.717653267780039794e+00 1.000000000000000000e+00
1.738617145721436330e+00 1.000000000000000000e+00
1.738617145721437884e+00 1.000000000000000000e+00
1.929852545466259173e+00 1.000000000000000000e+00
1.929852545466261171e+00 1.000000000000000000e+00
1.946986451037642007e+00 1.000000000000000000e+00
1.946986451037643118e+00 1.000000000000000000e+00
1.960851356605230356e+00 1.000000000000000000e+00
1.960851356605233242e+00 1.000000000000000000e+00
2.028913482004069735e+00 1.000000000000000000e+00
2.028913482004073732e+00 1.000000000000000000e+00
2.334243184313919084e+00 1.000000000000000000e+00
2.438815320515822727e+00 1.000000000000000000e+00
2.780490100407696286e+00 1.000000000000000000e+00
2.780490100407699394e+00 1.000000000000000000e+00
2.891236100350738969e+00 1.000000000000000000e+00
2.891236100350746074e+00 1.000000000000000000e+00
3.246164916732584782e+00 1.000000000000000000e+00
3.246164916732595884e+00 1.000000000000000000e+00
3.543279374312689356e+00 1.000000000000000000e+00
3.543279374312689356e+00 1.000000000000000000e+00
4.092207346738666374e+00 1.000000000000000000e+00
-2.058918227021654612e+00 0.000000000000000000e+00
-1.481416852423801833e+00 0.000000000000000000e+00
-1.481416852423800279e+00 0.000000000000000000e+00
-1.210654176072323285e+00 0.000000000000000000e+00
-1.210654176072323063e+00 0.000000000000000000e+00
-8.386609494184049662e-01 0.000000000000000000e+00
-7.701254498300855733e-01 0.000000000000000000e+00
-7.701254498300842410e-01 0.000000000000000000e+00
-6.057739617001934862e-01 0.000000000000000000e+00
-1.819301627878895378e-01 0.000000000000000000e+00
-1.819301627878879557e-01 0.000000000000000000e+00
-4.653721543643699055e-02 0.000000000000000000e+00
-4.653721543643619257e-02 0.000000000000000000e+00
4.894306987517014346e-02 0.000000000000000000e+00
1.768921012611547883e-01 0.000000000000000000e+00
1.768921012611549826e-01 0.000000000000000000e+00
3.293716617753335574e-01 0.000000000000000000e+00
3.293716617753339460e-01 0.000000000000000000e+00
7.185079568740592171e-01 0.000000000000000000e+00
7.185079568740596612e-01 0.000000000000000000e+00
7.558259706188543703e-01 0.000000000000000000e+00
7.558259706188543703e-01 0.000000000000000000e+00
7.845751353624440538e-01 0.000000000000000000e+00
7.845751353624444979e-01 0.000000000000000000e+00
9.874194535884042168e-01 0.000000000000000000e+00
1.065613445762332079e+00 0.000000000000000000e+00
1.538532763376403656e+00 0.000000000000000000e+00
1.538532763376403656e+00 0.000000000000000000e+00
1.541811226150608727e+00 0.000000000000000000e+00
1.541811226150609615e+00 0.000000000000000000e+00
1.676925752574977890e+00 0.000000000000000000e+00
1.676925752574978778e+00 0.000000000000000000e+00
2.019120444134797410e+00 0.000000000000000000e+00
2.096212934879069678e+00 0.000000000000000000e+00
2.514299479211231425e+00 0.000000000000000000e+00
2.514299479211234090e+00 0.000000000000000000e+00
2.767634884835575626e+00 0.000000000000000000e+00
2.767634884835576958e+00 0.000000000000000000e+00
2.886286924509901652e+00 0.000000000000000000e+00
2.886286924509902985e+00 0.000000000000000000e+00
3.770597435408445719e+00 0.000000000000000000e+00
4.515446354492047121e+00 0.000000000000000000e+00
