# Runtime: 25.248480558395386
-2.750000000000000888e+00 5.500000000000000000e+00
-2.591253532831183648e+00 4.500000000000000000e+00
-2.591253532831182760e+00 4.500000000000000000e+00
-2.165415013001888322e+00 4.500000000000000000e+00
-2.165415013001887878e+00 4.500000000000000000e+00
-1.607685161726716716e+00 4.500000000000000000e+00
-1.607685161726716494e+00 4.500000000000000000e+00
-1.095139266054716565e+00 4.500000000000000000e+00
-1.095139266054715899e+00 4.500000000000000000e+00
-7.905070263855040746e-01 4.500000000000000000e+00
-7.905070263855032975e-01 4.500000000000000000e+00
-2.472457682741082685e+00 3.500000000000000000e+00
-2.472457682741082685e+00 3.500000000000000000e+00
-2.368033988749897123e+00 3.500000000000000000e+00
-2.170799397315787527e+00 3.500000000000000000e+00
-2.170799397315786639e+00 3.500000000000000000e+00
-1.922821209201353243e+00 3.500000000000000000e+00
-1.922821209201351467e+00 3.500000000000000000e+00
-1.890632507444564681e+00 3.500000000000000000e+00
-1.890632507444561350e+00 3.500000000000000000e+00
-1.770253490205917712e+00 3.500000000000000000e+00
-1.770253490205916158e+00 3.500000000000000000e+00
-1.513031406949545188e+00 3.500000000000000000e+00
-1.513031406949544744e+00 3.500000000000000000e+00
-1.368033988749894680e+00 3.500000000000000000e+00
-1.308537227749963616e+00 3.500000000000000000e+00
-1.308537227749963394e+00 3.500000000000000000e+00
-9.637171694125574728e-01 3.500000000000000000e+00
-9.637171694125574728e-01 3.500000000000000000e+00
-8.061318362658627112e-01 3.500000000000000000e+00
-8.061318362658620451e-01 3.500000000000000000e+00
-7.579657671426284216e-01 3.500000000000000000e+00
-7.579657671426277554e-01 3.500000000000000000e+00
-6.015644859487264684e-01 3.500000000000000000e+00
-6.015644859487262464e-01 3.500000000000000000e+00
-5.426748764703061001e-01 3.500000000000000000e+00
-5.426748764703056560e-01 3.500000000000000000e+00
-4.816429897740142074e-01 3.500000000000000000e+00
-4.816429897740140409e-01 3.500000000000000000e+00
-2.504060210570789313e-01 3.500000000000000000e+00
-2.504060210570779321e-01 3.500000000000000000e+00
-1.319660112501048199e-01 3.500000000000000000e+00
-9.174825432597145947e-02 3.500000000000000000e+00
-9.174825432597112640e-02 3.500000000000000000e+00
-3.382430813809145578e-03 3.500000000000000000e+00
-3.382430813808253063e-03 3.500000000000000000e+00
3.746702216741100155e-01 3.500000000000000000e+00
3.746702216741103486e-01 3.500000000000000000e+00
4.928595600674534061e-01 3.500000000000000000e+00
4.928595600674544608e-01 3.500000000000000000e+00
6.055624117188233013e-01 3.500000000000000000e+00
6.055624117188256328e-01 3.500000000000000000e+00
8.680339887498967899e-01 3.500000000000000000e+00
1.074674559358759440e+00 3.500000000000000000e+00
1.074674559358763881e+00 3.500000000000000000e+00
-2.391615370038364663e+00 2.500000000000000000e+00
-2.391615370038361554e+00 2.500000000000000000e+00
-2.201651614794057910e+00 2.500000000000000000e+00
-2.201651614794052136e+00 2.500000000000000000e+00
-2.182353750397977521e+00 2.500000000000000000e+00
-2.182353750397974412e+00 2.500000000000000000e+00
-2.096949528166765830e+00 2.500000000000000000e+00
-2.096949528166762722e+00 2.500000000000000000e+00
-1.842280690054792336e+00 2.500000000000000000e+00
-1.842280690054787895e+00 2.500000000000000000e+00
-1.655712354299805567e+00 2.500000000000000000e+00
-1.655712354299804234e+00 2.500000000000000000e+00
-1.578149928196030283e+00 2.500000000000000000e+00
-1.578149928196026286e+00 2.500000000000000000e+00
-1.564786711927584006e+00 2.500000000000000000e+00
-1.564786711927581564e+00 2.500000000000000000e+00
-1.474350133121524742e+00 2.500000000000000000e+00
-1.474350133121523632e+00 2.500000000000000000e+00
-1.442902814345069284e+00 2.500000000000000000e+00
-1.442902814345068396e+00 2.500000000000000000e+00
-1.272832972020817355e+00 2.500000000000000000e+00
-1.272832972020814912e+00 2.500000000000000000e+00
-1.115618930442644707e+00 2.500000000000000000e+00
-1.115618930442641377e+00 2.500000000000000000e+00
-1.056523866537703027e+00 2.500000000000000000e+00
-1.056523866537701695e+00 2.500000000000000000e+00
-9.730325487434111631e-01 2.500000000000000000e+00
-9.730325487434110521e-01 2.500000000000000000e+00
-9.327490140729893797e-01 2.500000000000000000e+00
-9.327490140729892687e-01 2.500000000000000000e+00
-8.053833167894430822e-01 2.500000000000000000e+00
-8.053833167894428602e-01 2.500000000000000000e+00
-7.651718115148762323e-01 2.500000000000000000e+00
-7.651718115148758992e-01 2.500000000000000000e+00
-6.516043854139758063e-01 2.500000000000000000e+00
-6.516043854139755842e-01 2.500000000000000000e+00
-5.757987334722769468e-01 2.500000000000000000e+00
-5.757987334722761696e-01 2.500000000000000000e+00
-5.657998579393542782e-01 2.500000000000000000e+00
-5.657998579393537231e-01 2.500000000000000000e+00
-5.059492785509823731e-01 2.500000000000000000e+00
-5.059492785509820401e-01 2.500000000000000000e+00
-4.987742876483970966e-01 2.500000000000000000e+00
-4.987742876483964860e-01 2.500000000000000000e+00
-3.672460045250496852e-01 2.500000000000000000e+00
-3.672460045250492966e-01 2.500000000000000000e+00
-3.343533916767389980e-01 2.500000000000000000e+00
-3.343533916767385539e-01 2.500000000000000000e+00
-2.382275400643830421e-01 2.500000000000000000e+00
-2.382275400643827645e-01 2.500000000000000000e+00
-2.170438648865283537e-01 2.500000000000000000e+00
-2.170438648865281039e-01 2.500000000000000000e+00
-1.802696271648931425e-01 2.500000000000000000e+00
-1.802696271648926152e-01 2.500000000000000000e+00
-1.582012331382973702e-01 2.500000000000000000e+00
-1.582012331382973147e-01 2.500000000000000000e+00
-1.470347218349083579e-02 2.500000000000000000e+00
-1.470347218349053221e-02 2.500000000000000000e+00
-1.409057062594897165e-02 2.500000000000000000e+00
-1.409057062594883461e-02 2.500000000000000000e+00
5.472647323497770860e-02 2.500000000000000000e+00
5.472647323497781963e-02 2.500000000000000000e+00
1.133237347381046839e-01 2.500000000000000000e+00
1.133237347381052251e-01 2.500000000000000000e+00
1.392357975972717266e-01 2.500000000000000000e+00
1.392357975972721151e-01 2.500000000000000000e+00
1.947657017604224328e-01 2.500000000000000000e+00
1.947657017604228491e-01 2.500000000000000000e+00
3.428586870541555087e-01 2.500000000000000000e+00
3.428586870541556753e-01 2.500000000000000000e+00
3.705099446140109887e-01 2.500000000000000000e+00
3.705099446140118769e-01 2.500000000000000000e+00
6.128832597068493149e-01 2.500000000000000000e+00
6.128832597068499810e-01 2.500000000000000000e+00
6.226173000615122799e-01 2.500000000000000000e+00
6.226173000615143893e-01 2.500000000000000000e+00
6.538389529165856695e-01 2.500000000000000000e+00
6.538389529165857805e-01 2.500000000000000000e+00
7.008978300796219196e-01 2.500000000000000000e+00
7.008978300796220307e-01 2.500000000000000000e+00
7.966536391899321501e-01 2.500000000000000000e+00
7.966536391899325942e-01 2.500000000000000000e+00
9.483867047424867636e-01 2.500000000000000000e+00
9.483867047424899832e-01 2.500000000000000000e+00
1.001534671610971428e+00 2.500000000000000000e+00
1.001534671610973648e+00 2.500000000000000000e+00
1.001794275670780943e+00 2.500000000000000000e+00
1.001794275670781387e+00 2.500000000000000000e+00
1.171362525816260769e+00 2.500000000000000000e+00
1.171362525816264988e+00 2.500000000000000000e+00
1.321375704914161675e+00 2.500000000000000000e+00
1.321375704914163673e+00 2.500000000000000000e+00
1.323298434954919278e+00 2.500000000000000000e+00
1.323298434954921277e+00 2.500000000000000000e+00
1.447486068255171343e+00 2.500000000000000000e+00
1.447486068255174230e+00 2.500000000000000000e+00
1.629682726846485741e+00 2.500000000000000000e+00
1.629682726846487961e+00 2.500000000000000000e+00
1.656367632047383243e+00 2.500000000000000000e+00
1.656367632047384353e+00 2.500000000000000000e+00
1.791654267648522536e+00 2.500000000000000000e+00
1.791654267648529864e+00 2.500000000000000000e+00
1.919683703765024063e+00 2.500000000000000000e+00
1.919683703765027616e+00 2.500000000000000000e+00
2.099383568300718483e+00 2.500000000000000000e+00
2.099383568300724701e+00 2.500000000000000000e+00
2.289700858690141949e+00 2.500000000000000000e+00
2.289700858690142393e+00 2.500000000000000000e+00
2.720105138537655343e+00 2.500000000000000000e+00
2.720105138537663336e+00 2.500000000000000000e+00
-2.347034490675845131e+00 1.500000000000000000e+00
-2.347034490675845131e+00 1.500000000000000000e+00
-2.257068404913725956e+00 1.500000000000000000e+00
-2.257068404913714410e+00 1.500000000000000000e+00
-2.030585091326286840e+00 1.500000000000000000e+00
-2.030585091326280178e+00 1.500000000000000000e+00
-1.927409680899287103e+00 1.500000000000000000e+00
-1.809911148079760279e+00 1.500000000000000000e+00
-1.809911148079759391e+00 1.500000000000000000e+00
-1.687870794556677767e+00 1.500000000000000000e+00
-1.687870794556669329e+00 1.500000000000000000e+00
-1.659222366757687528e+00 1.500000000000000000e+00
-1.659222366757678646e+00 1.500000000000000000e+00
-1.558751431984826574e+00 1.500000000000000000e+00
-1.558751431984821689e+00 1.500000000000000000e+00
-1.458108410041706549e+00 1.500000000000000000e+00
-1.458108410041705660e+00 1.500000000000000000e+00
-1.300673483073010672e+00 1.500000000000000000e+00
-1.300673483073008896e+00 1.500000000000000000e+00
-1.218303298599680673e+00 1.500000000000000000e+00
-1.218303298599675344e+00 1.500000000000000000e+00
-1.195189476400617679e+00 1.500000000000000000e+00
-1.195189476400614126e+00 1.500000000000000000e+00
-1.164213562373100253e+00 1.500000000000000000e+00
-1.104589924869866735e+00 1.500000000000000000e+00
-1.104589924869866069e+00 1.500000000000000000e+00
-1.033604132718766389e+00 1.500000000000000000e+00
-1.033604132718765944e+00 1.500000000000000000e+00
-1.011186899749801471e+00 1.500000000000000000e+00
-1.011186899749797474e+00 1.500000000000000000e+00
-9.916764239207773723e-01 1.500000000000000000e+00
-9.916764239207768172e-01 1.500000000000000000e+00
-9.128665057499327773e-01 1.500000000000000000e+00
-9.128665057499305568e-01 1.500000000000000000e+00
-8.526982690697558764e-01 1.500000000000000000e+00
-8.526982690697549883e-01 1.500000000000000000e+00
-7.517645012473913591e-01 1.500000000000000000e+00
-7.517645012473911370e-01 1.500000000000000000e+00
-5.837683483500080150e-01 1.500000000000000000e+00
-5.837683483500051285e-01 1.500000000000000000e+00
-4.930671270691915908e-01 1.500000000000000000e+00
-4.930671270691907027e-01 1.500000000000000000e+00
-4.527764520935996795e-01 1.500000000000000000e+00
-4.527764520935985137e-01 1.500000000000000000e+00
-4.481675997504582787e-01 1.500000000000000000e+00
-4.481675997504579456e-01 1.500000000000000000e+00
-4.312835928156236176e-01 1.500000000000000000e+00
-4.312835928156233400e-01 1.500000000000000000e+00
-4.099686753375174075e-01 1.500000000000000000e+00
-4.099686753375165194e-01 1.500000000000000000e+00
-3.015056501496853336e-01 1.500000000000000000e+00
-3.015056501496843344e-01 1.500000000000000000e+00
-2.959886195252186547e-01 1.500000000000000000e+00
-2.959886195252180996e-01 1.500000000000000000e+00
-2.740216817514083969e-01 1.500000000000000000e+00
-2.740216817514080638e-01 1.500000000000000000e+00
-2.546794905825335853e-01 1.500000000000000000e+00
-2.546794905825335298e-01 1.500000000000000000e+00
-2.124834614962220480e-01 1.500000000000000000e+00
-2.124834614962214929e-01 1.500000000000000000e+00
-1.826769207674269757e-01 1.500000000000000000e+00
-1.826769207674263928e-01 1.500000000000000000e+00
-1.274066617876531693e-01 1.500000000000000000e+00
-1.274066617876529750e-01 1.500000000000000000e+00
-1.527586157849635667e-02 1.500000000000000000e+00
-1.527586157849585360e-02 1.500000000000000000e+00
4.746321119477100309e-02 1.500000000000000000e+00
4.746321119477184269e-02 1.500000000000000000e+00
6.379794126332839765e-02 1.500000000000000000e+00
6.379794126332881399e-02 1.500000000000000000e+00
1.890585432781576591e-01 1.500000000000000000e+00
1.890585432781578812e-01 1.500000000000000000e+00
2.425476634704599455e-01 1.500000000000000000e+00
2.425476634704605006e-01 1.500000000000000000e+00
2.455818366258351038e-01 1.500000000000000000e+00
2.455818366258356034e-01 1.500000000000000000e+00
2.971374700192134233e-01 1.500000000000000000e+00
2.971374700192139784e-01 1.500000000000000000e+00
3.120207504266276355e-01 1.500000000000000000e+00
3.120207504266279130e-01 1.500000000000000000e+00
3.466245809130018007e-01 1.500000000000000000e+00
3.466245809130025224e-01 1.500000000000000000e+00
4.041876734423740514e-01 1.500000000000000000e+00
4.041876734423743844e-01 1.500000000000000000e+00
4.563138563828572636e-01 1.500000000000000000e+00
4.563138563828577632e-01 1.500000000000000000e+00
4.773665728059265922e-01 1.500000000000000000e+00
4.773665728059268698e-01 1.500000000000000000e+00
5.694194487905440694e-01 1.500000000000000000e+00
5.694194487905440694e-01 1.500000000000000000e+00
5.716371742632972985e-01 1.500000000000000000e+00
6.117553043014293257e-01 1.500000000000000000e+00
6.117553043014294367e-01 1.500000000000000000e+00
6.570114852236438319e-01 1.500000000000000000e+00
6.570114852236443870e-01 1.500000000000000000e+00
6.682338802353128271e-01 1.500000000000000000e+00
6.682338802353131602e-01 1.500000000000000000e+00
6.920353364610102309e-01 1.500000000000000000e+00
6.920353364610105640e-01 1.500000000000000000e+00
7.119754473282083884e-01 1.500000000000000000e+00
7.119754473282087215e-01 1.500000000000000000e+00
8.979095437191296769e-01 1.500000000000000000e+00
8.979095437191305651e-01 1.500000000000000000e+00
9.130930988333170184e-01 1.500000000000000000e+00
9.130930988333176845e-01 1.500000000000000000e+00
1.033562501261337419e+00 1.500000000000000000e+00
1.033562501261337641e+00 1.500000000000000000e+00
1.107339767717279377e+00 1.500000000000000000e+00
1.107339767717280932e+00 1.500000000000000000e+00
1.124189999840443654e+00 1.500000000000000000e+00
1.124189999840444987e+00 1.500000000000000000e+00
1.181587683690154877e+00 1.500000000000000000e+00
1.181587683690155099e+00 1.500000000000000000e+00
1.247354903052006581e+00 1.500000000000000000e+00
1.247354903052008135e+00 1.500000000000000000e+00
1.297202465963061879e+00 1.500000000000000000e+00
1.297202465963062767e+00 1.500000000000000000e+00
1.311319049064808784e+00 1.500000000000000000e+00
1.311319049064810116e+00 1.500000000000000000e+00
1.321444915293488620e+00 1.500000000000000000e+00
1.321444915293489508e+00 1.500000000000000000e+00
1.326724295053194780e+00 1.500000000000000000e+00
1.326724295053195002e+00 1.500000000000000000e+00
1.374493353660870776e+00 1.500000000000000000e+00
1.374493353660871220e+00 1.500000000000000000e+00
1.381357880985908837e+00 1.500000000000000000e+00
1.381357880985911279e+00 1.500000000000000000e+00
1.450810075666527643e+00 1.500000000000000000e+00
1.450810075666530308e+00 1.500000000000000000e+00
1.664213562373097366e+00 1.500000000000000000e+00
1.685172199246415925e+00 1.500000000000000000e+00
1.685172199246417035e+00 1.500000000000000000e+00
1.699104453242941570e+00 1.500000000000000000e+00
1.699104453242942681e+00 1.500000000000000000e+00
1.813287021364468732e+00 1.500000000000000000e+00
1.813287021364469842e+00 1.500000000000000000e+00
1.821150689258080213e+00 1.500000000000000000e+00
1.821150689258081767e+00 1.500000000000000000e+00
1.889649330464243882e+00 1.500000000000000000e+00
1.889649330464247212e+00 1.500000000000000000e+00
2.003660269634624846e+00 1.500000000000000000e+00
2.003660269634627511e+00 1.500000000000000000e+00
2.034112179318711799e+00 1.500000000000000000e+00
2.034112179318712244e+00 1.500000000000000000e+00
2.106384418248129275e+00 1.500000000000000000e+00
2.106384418248130608e+00 1.500000000000000000e+00
2.363897712367212911e+00 1.500000000000000000e+00
2.363897712367212911e+00 1.500000000000000000e+00
2.569678098407099931e+00 1.500000000000000000e+00
2.569678098407100375e+00 1.500000000000000000e+00
2.623513137165180531e+00 1.500000000000000000e+00
2.623513137165184528e+00 1.500000000000000000e+00
2.677042256501451334e+00 1.500000000000000000e+00
2.677042256501454887e+00 1.500000000000000000e+00
2.751950685474188418e+00 1.500000000000000000e+00
2.751950685474199521e+00 1.500000000000000000e+00
3.068392825154425907e+00 1.500000000000000000e+00
3.068392825154427683e+00 1.500000000000000000e+00
3.105772506636000685e+00 1.500000000000000000e+00
3.257336493405541322e+00 1.500000000000000000e+00
3.257336493405545319e+00 1.500000000000000000e+00
3.346905610335871195e+00 1.500000000000000000e+00
3.346905610335876080e+00 1.500000000000000000e+00
3.992017281238322557e+00 1.500000000000000000e+00
3.992017281238327442e+00 1.500000000000000000e+00
-2.337467429626934656e+00 5.000000000000000000e-01
-2.337467429626914228e+00 5.000000000000000000e-01
-1.908673592179231271e+00 5.000000000000000000e-01
-1.908673592179229050e+00 5.000000000000000000e-01
-1.784516988208758148e+00 5.000000000000000000e-01
-1.784516988208753263e+00 5.000000000000000000e-01
-1.702115981147918067e+00 5.000000000000000000e-01
-1.702115981147915180e+00 5.000000000000000000e-01
-1.463201870061082488e+00 5.000000000000000000e-01
-1.463201870061079823e+00 5.000000000000000000e-01
-1.323650363784046657e+00 5.000000000000000000e-01
-1.323650363784040884e+00 5.000000000000000000e-01
-1.297688957181798886e+00 5.000000000000000000e-01
-1.297688957181797109e+00 5.000000000000000000e-01
-1.148486522940922683e+00 5.000000000000000000e-01
-1.148486522940918908e+00 5.000000000000000000e-01
-1.125385562069415535e+00 5.000000000000000000e-01
-1.125385562069413092e+00 5.000000000000000000e-01
-1.121925441578510041e+00 5.000000000000000000e-01
-1.121925441578507598e+00 5.000000000000000000e-01
-7.037900222744430945e-01 5.000000000000000000e-01
-7.037900222744407630e-01 5.000000000000000000e-01
-6.833146946295243218e-01 5.000000000000000000e-01
-6.833146946295231006e-01 5.000000000000000000e-01
-5.884874155386536909e-01 5.000000000000000000e-01
-5.884874155386526917e-01 5.000000000000000000e-01
-5.826871882103773492e-01 5.000000000000000000e-01
-5.826871882103769051e-01 5.000000000000000000e-01
-4.390052624649602997e-01 5.000000000000000000e-01
-4.390052624649598556e-01 5.000000000000000000e-01
-4.311387523799142252e-01 5.000000000000000000e-01
-4.311387523799137256e-01 5.000000000000000000e-01
-4.127269185945824925e-01 5.000000000000000000e-01
-4.127269185945821039e-01 5.000000000000000000e-01
-3.196573830009786232e-01 5.000000000000000000e-01
-3.196573830009775130e-01 5.000000000000000000e-01
-2.720604174523124641e-01 5.000000000000000000e-01
-2.720604174523116314e-01 5.000000000000000000e-01
-2.445315988259254836e-01 5.000000000000000000e-01
-2.445315988259243178e-01 5.000000000000000000e-01
-6.060593563866547434e-02 5.000000000000000000e-01
-6.060593563866475270e-02 5.000000000000000000e-01
4.055395659542267162e-02 5.000000000000000000e-01
4.055395659542391368e-02 5.000000000000000000e-01
9.583637893778436390e-02 5.000000000000000000e-01
9.583637893778466921e-02 5.000000000000000000e-01
1.050232047108483474e-01 5.000000000000000000e-01
1.050232047108488193e-01 5.000000000000000000e-01
1.659449778458784441e-01 5.000000000000000000e-01
1.659449778458795266e-01 5.000000000000000000e-01
1.808193157122708339e-01 5.000000000000000000e-01
1.808193157122709449e-01 5.000000000000000000e-01
2.800710893046068350e-01 5.000000000000000000e-01
2.800710893046073902e-01 5.000000000000000000e-01
2.921160066086196938e-01 5.000000000000000000e-01
2.921160066086205820e-01 5.000000000000000000e-01
3.912951467740774514e-01 5.000000000000000000e-01
3.912951467740776179e-01 5.000000000000000000e-01
4.263851922603263955e-01 5.000000000000000000e-01
4.263851922603267841e-01 5.000000000000000000e-01
4.835884016406446495e-01 5.000000000000000000e-01
4.835884016406450936e-01 5.000000000000000000e-01
5.299616556593969019e-01 5.000000000000000000e-01
5.299616556593969019e-01 5.000000000000000000e-01
7.563206631448434747e-01 5.000000000000000000e-01
7.563206631448436967e-01 5.000000000000000000e-01
7.669361130531228143e-01 5.000000000000000000e-01
7.669361130531230364e-01 5.000000000000000000e-01
7.710134721708359340e-01 5.000000000000000000e-01
7.710134721708373773e-01 5.000000000000000000e-01
8.256939825896025820e-01 5.000000000000000000e-01
8.256939825896043583e-01 5.000000000000000000e-01
8.864664528541280619e-01 5.000000000000000000e-01
8.864664528541288391e-01 5.000000000000000000e-01
8.975405424690308109e-01 5.000000000000000000e-01
8.975405424690310330e-01 5.000000000000000000e-01
9.858435749758941435e-01 5.000000000000000000e-01
9.858435749758943656e-01 5.000000000000000000e-01
9.963150588223870230e-01 5.000000000000000000e-01
9.963150588223873561e-01 5.000000000000000000e-01
1.096897409614146168e+00 5.000000000000000000e-01
1.096897409614146390e+00 5.000000000000000000e-01
1.214458363664363993e+00 5.000000000000000000e-01
1.214458363664364882e+00 5.000000000000000000e-01
1.260635168071356338e+00 5.000000000000000000e-01
1.260635168071356338e+00 5.000000000000000000e-01
1.372712707131544141e+00 5.000000000000000000e-01
1.372712707131545473e+00 5.000000000000000000e-01
1.442850547690059937e+00 5.000000000000000000e-01
1.442850547690061269e+00 5.000000000000000000e-01
1.513680925670050526e+00 5.000000000000000000e-01
1.513680925670051858e+00 5.000000000000000000e-01
1.591647871691814542e+00 5.000000000000000000e-01
1.591647871691815652e+00 5.000000000000000000e-01
1.756586580612912396e+00 5.000000000000000000e-01
1.756586580612914172e+00 5.000000000000000000e-01
1.771041104114627007e+00 5.000000000000000000e-01
1.771041104114627895e+00 5.000000000000000000e-01
1.847932191916515254e+00 5.000000000000000000e-01
1.847932191916517031e+00 5.000000000000000000e-01
1.887638679928663521e+00 5.000000000000000000e-01
1.887638679928663743e+00 5.000000000000000000e-01
2.021019001303858698e+00 5.000000000000000000e-01
2.021019001303861362e+00 5.000000000000000000e-01
2.023012237709150174e+00 5.000000000000000000e-01
2.023012237709151506e+00 5.000000000000000000e-01
2.147684375822505043e+00 5.000000000000000000e-01
2.147684375822507707e+00 5.000000000000000000e-01
2.162561050167314036e+00 5.000000000000000000e-01
2.162561050167315813e+00 5.000000000000000000e-01
2.359910408640711665e+00 5.000000000000000000e-01
2.359910408640712109e+00 5.000000000000000000e-01
2.374308499282252516e+00 5.000000000000000000e-01
2.374308499282254736e+00 5.000000000000000000e-01
2.461097489936276084e+00 5.000000000000000000e-01
2.461097489936276972e+00 5.000000000000000000e-01
2.764272173849264824e+00 5.000000000000000000e-01
2.764272173849268821e+00 5.000000000000000000e-01
2.795594138529825301e+00 5.000000000000000000e-01
2.795594138529830186e+00 5.000000000000000000e-01
2.954488780156727668e+00 5.000000000000000000e-01
2.954488780156738770e+00 5.000000000000000000e-01
3.136040393552383510e+00 5.000000000000000000e-01
3.136040393552387950e+00 5.000000000000000000e-01
3.422375875061710815e+00 5.000000000000000000e-01
3.422375875061714812e+00 5.000000000000000000e-01
3.570761134321889685e+00 5.000000000000000000e-01
3.570761134321890573e+00 5.000000000000000000e-01
3.905249640694897550e+00 5.000000000000000000e-01
3.905249640694900215e+00 5.000000000000000000e-01
4.718936362524401851e+00 5.000000000000000000e-01
4.718936362524414285e+00 5.000000000000000000e-01
