# Runtime: 48.46402406692505
-3.000000000000002220e+00 6.000000000000000000e+00
-2.866025403784441483e+00 5.000000000000000000e+00
-2.866025403784441483e+00 5.000000000000000000e+00
-2.500000000000002665e+00 5.000000000000000000e+00
-2.500000000000002220e+00 5.000000000000000000e+00
-2.000000000000003109e+00 5.000000000000000000e+00
-2.000000000000001332e+00 5.000000000000000000e+00
-1.500000000000001554e+00 5.000000000000000000e+00
-1.500000000000001554e+00 5.000000000000000000e+00
-1.133974596215562958e+00 5.000000000000000000e+00
-1.133974596215561848e+00 5.000000000000000000e+00
-1.000000000000001332e+00 5.000000000000000000e+00
-2.762259031155331002e+00 4.000000000000000000e+00
-2.762259031155327893e+00 4.000000000000000000e+00
-2.682507065662363299e+00 4.000000000000000000e+00
-2.490937128530068545e+00 4.000000000000000000e+00
-2.490937128530067213e+00 4.000000000000000000e+00
-2.275226266483096005e+00 4.000000000000000000e+00
-2.275226266483094673e+00 4.000000000000000000e+00
-2.250545601457184741e+00 4.000000000000000000e+00
-2.250545601457182965e+00 4.000000000000000000e+00
-2.066986123905812267e+00 4.000000000000000000e+00
-2.066986123905811823e+00 4.000000000000000000e+00
-2.000000000000002220e+00 4.000000000000000000e+00
-1.928313126075428263e+00 4.000000000000000000e+00
-1.928313126075425821e+00 4.000000000000000000e+00
-1.830830026003773980e+00 4.000000000000000000e+00
-1.751964700293407784e+00 4.000000000000000000e+00
-1.751964700293405564e+00 4.000000000000000000e+00
-1.406368661469579839e+00 4.000000000000000000e+00
-1.406368661469579617e+00 4.000000000000000000e+00
-1.281908395243407384e+00 4.000000000000000000e+00
-1.281908395243407162e+00 4.000000000000000000e+00
-1.252709108607923172e+00 4.000000000000000000e+00
-1.252709108607921618e+00 4.000000000000000000e+00
-1.000000000000001332e+00 4.000000000000000000e+00
-1.000000000000000888e+00 4.000000000000000000e+00
-1.000000000000000666e+00 4.000000000000000000e+00
-1.000000000000000000e+00 4.000000000000000000e+00
-9.111288039559382046e-01 4.000000000000000000e+00
-9.111288039559374274e-01 4.000000000000000000e+00
-8.186664702535003668e-01 4.000000000000000000e+00
-8.186664702534993676e-01 4.000000000000000000e+00
-7.731106640303906374e-01 4.000000000000000000e+00
-7.731106640303899713e-01 4.000000000000000000e+00
-7.153703234534296573e-01 4.000000000000000000e+00
-5.740041481555516745e-01 4.000000000000000000e+00
-5.740041481555511194e-01 4.000000000000000000e+00
-4.388965984223652805e-01 4.000000000000000000e+00
-4.388965984223643368e-01 4.000000000000000000e+00
-3.669354996794797485e-01 4.000000000000000000e+00
-3.669354996794795820e-01 4.000000000000000000e+00
-2.010481788274684489e-01 4.000000000000000000e+00
-2.010481788274682824e-01 4.000000000000000000e+00
-4.307696883197705690e-02 4.000000000000000000e+00
-4.307696883197682097e-02 4.000000000000000000e+00
1.263687599056208533e-01 4.000000000000000000e+00
1.263687599056210753e-01 4.000000000000000000e+00
1.825428355603520014e-01 4.000000000000000000e+00
1.825428355603523067e-01 4.000000000000000000e+00
3.097214678905704788e-01 4.000000000000000000e+00
6.242082443384071588e-01 4.000000000000000000e+00
6.242082443384078250e-01 4.000000000000000000e+00
6.609656355735005206e-01 4.000000000000000000e+00
6.609656355735014088e-01 4.000000000000000000e+00
9.189859472289949593e-01 4.000000000000000000e+00
-2.687419923553185264e+00 3.000000000000000000e+00
-2.687419923553184375e+00 3.000000000000000000e+00
-2.527367576122673931e+00 3.000000000000000000e+00
-2.527367576122671711e+00 3.000000000000000000e+00
-2.502754307639881493e+00 3.000000000000000000e+00
-2.502754307639877496e+00 3.000000000000000000e+00
-2.378255034178842209e+00 3.000000000000000000e+00
-2.378255034178839544e+00 3.000000000000000000e+00
-2.333293185009879256e+00 3.000000000000000000e+00
-2.223793661852913939e+00 3.000000000000000000e+00
-2.223793661852911274e+00 3.000000000000000000e+00
-2.080082464978455281e+00 3.000000000000000000e+00
-2.080082464978453505e+00 3.000000000000000000e+00
-1.965279534181535892e+00 3.000000000000000000e+00
-1.965279534181534782e+00 3.000000000000000000e+00
-1.955244370733327353e+00 3.000000000000000000e+00
-1.955244370733319581e+00 3.000000000000000000e+00
-1.845562761388311213e+00 3.000000000000000000e+00
-1.845562761388309880e+00 3.000000000000000000e+00
-1.790265214059391541e+00 3.000000000000000000e+00
-1.790265214059389987e+00 3.000000000000000000e+00
-1.749296783533595523e+00 3.000000000000000000e+00
-1.749296783533594857e+00 3.000000000000000000e+00
-1.741154666317502819e+00 3.000000000000000000e+00
-1.741154666317502597e+00 3.000000000000000000e+00
-1.608896151507631433e+00 3.000000000000000000e+00
-1.608896151507629657e+00 3.000000000000000000e+00
-1.537781449460543293e+00 3.000000000000000000e+00
-1.537781449460541516e+00 3.000000000000000000e+00
-1.452744753820871315e+00 3.000000000000000000e+00
-1.452744753820871093e+00 3.000000000000000000e+00
-1.385185062061641270e+00 3.000000000000000000e+00
-1.385185062061640826e+00 3.000000000000000000e+00
-1.255585490601539345e+00 3.000000000000000000e+00
-1.255585490601538012e+00 3.000000000000000000e+00
-1.208624982607501286e+00 3.000000000000000000e+00
-1.208624982607499065e+00 3.000000000000000000e+00
-1.188218315010062476e+00 3.000000000000000000e+00
-1.188218315010062476e+00 3.000000000000000000e+00
-1.176584965275911276e+00 3.000000000000000000e+00
-1.176584965275910166e+00 3.000000000000000000e+00
-1.092162561065784798e+00 3.000000000000000000e+00
-1.092162561065782578e+00 3.000000000000000000e+00
-1.080215849568655573e+00 3.000000000000000000e+00
-1.080215849568653130e+00 3.000000000000000000e+00
-1.046141717376964264e+00 3.000000000000000000e+00
-1.046141717376963820e+00 3.000000000000000000e+00
-9.310368711918353135e-01 3.000000000000000000e+00
-9.310368711918349804e-01 3.000000000000000000e+00
-8.687729913020900696e-01 3.000000000000000000e+00
-8.687729913020895145e-01 3.000000000000000000e+00
-7.373903017498680823e-01 3.000000000000000000e+00
-7.373903017498674162e-01 3.000000000000000000e+00
-6.948820191643692024e-01 3.000000000000000000e+00
-6.948820191643692024e-01 3.000000000000000000e+00
-6.925135262950344872e-01 3.000000000000000000e+00
-6.925135262950344872e-01 3.000000000000000000e+00
-6.832011239499825583e-01 3.000000000000000000e+00
-6.832011239499821142e-01 3.000000000000000000e+00
-6.812098681316447468e-01 3.000000000000000000e+00
-6.812098681316446358e-01 3.000000000000000000e+00
-6.554006427358178843e-01 3.000000000000000000e+00
-6.554006427358172182e-01 3.000000000000000000e+00
-6.176581364429115650e-01 3.000000000000000000e+00
-6.176581364429113430e-01 3.000000000000000000e+00
-5.763263982118713713e-01 3.000000000000000000e+00
-5.763263982118710382e-01 3.000000000000000000e+00
-5.505514635934495304e-01 3.000000000000000000e+00
-5.497801062707677877e-01 3.000000000000000000e+00
-5.497801062707671216e-01 3.000000000000000000e+00
-5.051186960683706761e-01 3.000000000000000000e+00
-5.051186960683704541e-01 3.000000000000000000e+00
-3.950937537551479362e-01 3.000000000000000000e+00
-3.950937537551476586e-01 3.000000000000000000e+00
-3.922066196541311722e-01 3.000000000000000000e+00
-3.922066196541304506e-01 3.000000000000000000e+00
-3.781032722610886965e-01 3.000000000000000000e+00
-3.781032722610883634e-01 3.000000000000000000e+00
-2.082828876244404437e-01 3.000000000000000000e+00
-2.082828876244401106e-01 3.000000000000000000e+00
-1.841297225613303112e-01 3.000000000000000000e+00
-1.841297225613300614e-01 3.000000000000000000e+00
-1.816499524063697468e-01 3.000000000000000000e+00
-1.816499524063695525e-01 3.000000000000000000e+00
-1.654148517643737326e-01 3.000000000000000000e+00
-1.654148517643733163e-01 3.000000000000000000e+00
-1.217612641608348534e-01 3.000000000000000000e+00
-1.217612641608343399e-01 3.000000000000000000e+00
-4.613320785451255346e-02 3.000000000000000000e+00
-4.613320785451190120e-02 3.000000000000000000e+00
-4.120800120145057255e-02 3.000000000000000000e+00
-4.120800120144961498e-02 3.000000000000000000e+00
2.621962272942451345e-17 3.000000000000000000e+00
1.396195960586790807e-16 3.000000000000000000e+00
2.241635547062883286e-16 3.000000000000000000e+00
1.466247310130360838e-02 3.000000000000000000e+00
1.466247310130374543e-02 3.000000000000000000e+00
4.443512603815277101e-02 3.000000000000000000e+00
4.443512603815302775e-02 3.000000000000000000e+00
2.915500643913202516e-01 3.000000000000000000e+00
2.915500643913204737e-01 3.000000000000000000e+00
2.950999599018116482e-01 3.000000000000000000e+00
2.950999599018119812e-01 3.000000000000000000e+00
3.454742839103743246e-01 3.000000000000000000e+00
3.454742839103747132e-01 3.000000000000000000e+00
3.619760946032144489e-01 3.000000000000000000e+00
3.619760946032145599e-01 3.000000000000000000e+00
4.234531074694261044e-01 3.000000000000000000e+00
4.234531074694275476e-01 3.000000000000000000e+00
5.119970505643900438e-01 3.000000000000000000e+00
5.323153664810953423e-01 3.000000000000000000e+00
5.323153664810956753e-01 3.000000000000000000e+00
5.464569631026183760e-01 3.000000000000000000e+00
5.464569631026203744e-01 3.000000000000000000e+00
5.721706585571038062e-01 3.000000000000000000e+00
5.721706585571049164e-01 3.000000000000000000e+00
8.097711419437824132e-01 3.000000000000000000e+00
8.097711419437836344e-01 3.000000000000000000e+00
8.251873973830600173e-01 3.000000000000000000e+00
8.251873973830604614e-01 3.000000000000000000e+00
9.128715767044063290e-01 3.000000000000000000e+00
9.128715767044089935e-01 3.000000000000000000e+00
9.390307110743916219e-01 3.000000000000000000e+00
9.390307110743919550e-01 3.000000000000000000e+00
9.756239449262320562e-01 3.000000000000000000e+00
9.756239449262325003e-01 3.000000000000000000e+00
1.001880584025998555e+00 3.000000000000000000e+00
1.001880584025998999e+00 3.000000000000000000e+00
1.079685034143171629e+00 3.000000000000000000e+00
1.079685034143176070e+00 3.000000000000000000e+00
1.110062470524515454e+00 3.000000000000000000e+00
1.110062470524518785e+00 3.000000000000000000e+00
1.171988850279962913e+00 3.000000000000000000e+00
1.171988850279964689e+00 3.000000000000000000e+00
1.309583305132392184e+00 3.000000000000000000e+00
1.309583305132395292e+00 3.000000000000000000e+00
1.347040700070674779e+00 3.000000000000000000e+00
1.347040700070676778e+00 3.000000000000000000e+00
1.470323684755354243e+00 3.000000000000000000e+00
1.470323684755357130e+00 3.000000000000000000e+00
1.564315266954210193e+00 3.000000000000000000e+00
1.564315266954210415e+00 3.000000000000000000e+00
1.584103152541899373e+00 3.000000000000000000e+00
1.584103152541906923e+00 3.000000000000000000e+00
1.717375116381272715e+00 3.000000000000000000e+00
1.717375116381277378e+00 3.000000000000000000e+00
1.720107682566075491e+00 3.000000000000000000e+00
2.057051169243655497e+00 3.000000000000000000e+00
2.057051169243657274e+00 3.000000000000000000e+00
2.192009590192168567e+00 3.000000000000000000e+00
2.192009590192174784e+00 3.000000000000000000e+00
2.290394017821336448e+00 3.000000000000000000e+00
2.290394017821342665e+00 3.000000000000000000e+00
2.651739915472867359e+00 3.000000000000000000e+00
-2.640394180067339391e+00 2.000000000000000000e+00
-2.640394180067312302e+00 2.000000000000000000e+00
-2.534699052409927322e+00 2.000000000000000000e+00
-2.534699052409909559e+00 2.000000000000000000e+00
-2.497775377968029176e+00 2.000000000000000000e+00
-2.398387543228953422e+00 2.000000000000000000e+00
-2.398387543228949426e+00 2.000000000000000000e+00
-2.318826206365186327e+00 2.000000000000000000e+00
-2.187868242523113960e+00 2.000000000000000000e+00
-2.187868242523097528e+00 2.000000000000000000e+00
-2.050587947453052173e+00 2.000000000000000000e+00
-2.050587947453049509e+00 2.000000000000000000e+00
-2.016053372881444261e+00 2.000000000000000000e+00
-2.016053372881437600e+00 2.000000000000000000e+00
-1.999264070804879889e+00 2.000000000000000000e+00
-1.999264070804873006e+00 2.000000000000000000e+00
-1.988361458662215364e+00 2.000000000000000000e+00
-1.988361458662211145e+00 2.000000000000000000e+00
-1.912848006512982479e+00 2.000000000000000000e+00
-1.912848006512978483e+00 2.000000000000000000e+00
-1.724002572273027889e+00 2.000000000000000000e+00
-1.724002572273021228e+00 2.000000000000000000e+00
-1.667216478690623394e+00 2.000000000000000000e+00
-1.667216478690622505e+00 2.000000000000000000e+00
-1.631162799174959988e+00 2.000000000000000000e+00
-1.587783437311362178e+00 2.000000000000000000e+00
-1.587783437311358403e+00 2.000000000000000000e+00
-1.586610369986771740e+00 2.000000000000000000e+00
-1.586610369986769298e+00 2.000000000000000000e+00
-1.575764585042459309e+00 2.000000000000000000e+00
-1.575764585042456867e+00 2.000000000000000000e+00
-1.495776034682513300e+00 2.000000000000000000e+00
-1.495776034682506861e+00 2.000000000000000000e+00
-1.452406628462756366e+00 2.000000000000000000e+00
-1.452406628462751925e+00 2.000000000000000000e+00
-1.436666773731324342e+00 2.000000000000000000e+00
-1.436666773731324120e+00 2.000000000000000000e+00
-1.410189175829283270e+00 2.000000000000000000e+00
-1.410189175829279051e+00 2.000000000000000000e+00
-1.378498230170919436e+00 2.000000000000000000e+00
-1.357394115968650450e+00 2.000000000000000000e+00
-1.357394115968648451e+00 2.000000000000000000e+00
-1.354909640194146281e+00 2.000000000000000000e+00
-1.354909640194142728e+00 2.000000000000000000e+00
-1.314585097558824467e+00 2.000000000000000000e+00
-1.314585097558819582e+00 2.000000000000000000e+00
-1.221801095111273883e+00 2.000000000000000000e+00
-1.221801095111270330e+00 2.000000000000000000e+00
-1.096385813138668786e+00 2.000000000000000000e+00
-1.096385813138661902e+00 2.000000000000000000e+00
-1.094332832558054358e+00 2.000000000000000000e+00
-1.033850355959477829e+00 2.000000000000000000e+00
-1.033850355959472722e+00 2.000000000000000000e+00
-9.848920712860469440e-01 2.000000000000000000e+00
-9.848920712860459448e-01 2.000000000000000000e+00
-9.311191672712270107e-01 2.000000000000000000e+00
-9.311191672712254563e-01 2.000000000000000000e+00
-9.186207485090507330e-01 2.000000000000000000e+00
-9.186207485090502889e-01 2.000000000000000000e+00
-9.138949529212760936e-01 2.000000000000000000e+00
-9.138949529212756495e-01 2.000000000000000000e+00
-8.824831239727868315e-01 2.000000000000000000e+00
-8.824831239727852772e-01 2.000000000000000000e+00
-8.678908208940921964e-01 2.000000000000000000e+00
-8.678908208940909752e-01 2.000000000000000000e+00
-8.560800014987355322e-01 2.000000000000000000e+00
-8.560800014987336448e-01 2.000000000000000000e+00
-7.921473517271833131e-01 2.000000000000000000e+00
-7.921473517271813147e-01 2.000000000000000000e+00
-7.854915288661719064e-01 2.000000000000000000e+00
-7.854915288661709072e-01 2.000000000000000000e+00
-7.713901115993876401e-01 2.000000000000000000e+00
-7.713901115993867519e-01 2.000000000000000000e+00
-6.348816408041536574e-01 2.000000000000000000e+00
-6.348816408041528803e-01 2.000000000000000000e+00
-6.337025182444476767e-01 2.000000000000000000e+00
-6.337025182444473437e-01 2.000000000000000000e+00
-6.169338928003875733e-01 2.000000000000000000e+00
-6.169338928003875733e-01 2.000000000000000000e+00
-5.874122566251823718e-01 2.000000000000000000e+00
-5.874122566251820388e-01 2.000000000000000000e+00
-5.377813411216628703e-01 2.000000000000000000e+00
-5.377813411216619821e-01 2.000000000000000000e+00
-4.905163461244749223e-01 2.000000000000000000e+00
-4.905163461244748668e-01 2.000000000000000000e+00
-4.895843597175826289e-01 2.000000000000000000e+00
-4.895843597175822404e-01 2.000000000000000000e+00
-4.388956304489280424e-01 2.000000000000000000e+00
-4.388956304489274318e-01 2.000000000000000000e+00
-4.259250697284855391e-01 2.000000000000000000e+00
-4.259250697284848175e-01 2.000000000000000000e+00
-4.111146704595096124e-01 2.000000000000000000e+00
-4.111146704595092793e-01 2.000000000000000000e+00
-4.093490476417229185e-01 2.000000000000000000e+00
-4.093490476417224744e-01 2.000000000000000000e+00
-3.770003366479031115e-01 2.000000000000000000e+00
-3.770003366479026119e-01 2.000000000000000000e+00
-3.745654347804198148e-01 2.000000000000000000e+00
-3.745654347804188711e-01 2.000000000000000000e+00
-3.345718203893728870e-01 2.000000000000000000e+00
-3.345718203893726650e-01 2.000000000000000000e+00
-3.319681568654780368e-01 2.000000000000000000e+00
-2.685600822414789812e-01 2.000000000000000000e+00
-2.685600822414787037e-01 2.000000000000000000e+00
-2.566104905257466373e-01 2.000000000000000000e+00
-2.566104905257465263e-01 2.000000000000000000e+00
-2.488072924411364184e-01 2.000000000000000000e+00
-2.488072924411359188e-01 2.000000000000000000e+00
-2.190484312224510732e-01 2.000000000000000000e+00
-2.190484312224504904e-01 2.000000000000000000e+00
-1.861331360549378089e-01 2.000000000000000000e+00
-1.861331360549370595e-01 2.000000000000000000e+00
-1.823039562688176796e-01 2.000000000000000000e+00
-1.534437940674712730e-01 2.000000000000000000e+00
-1.534437940674712730e-01 2.000000000000000000e+00
-1.370568687811322961e-01 2.000000000000000000e+00
-4.657185350662063766e-02 2.000000000000000000e+00
-4.657185350662046419e-02 2.000000000000000000e+00
-3.432723939849021549e-02 2.000000000000000000e+00
-3.432723939849000733e-02 2.000000000000000000e+00
1.623951998560712109e-02 2.000000000000000000e+00
1.623951998560725293e-02 2.000000000000000000e+00
3.818763544727817039e-02 2.000000000000000000e+00
3.818763544727838549e-02 2.000000000000000000e+00
3.989535635041947803e-02 2.000000000000000000e+00
3.989535635041955436e-02 2.000000000000000000e+00
1.143725901658645266e-01 2.000000000000000000e+00
1.143725901658649707e-01 2.000000000000000000e+00
1.538148934399075074e-01 2.000000000000000000e+00
1.538148934399075352e-01 2.000000000000000000e+00
1.808642592574944141e-01 2.000000000000000000e+00
1.808642592574946917e-01 2.000000000000000000e+00
1.832232385426111332e-01 2.000000000000000000e+00
1.832232385426114663e-01 2.000000000000000000e+00
1.981331647676817798e-01 2.000000000000000000e+00
1.981331647676820018e-01 2.000000000000000000e+00
2.035770459989857117e-01 2.000000000000000000e+00
2.035770459989859338e-01 2.000000000000000000e+00
2.293103368207556336e-01 2.000000000000000000e+00
2.293103368207560777e-01 2.000000000000000000e+00
2.357220454136628729e-01 2.000000000000000000e+00
2.357220454136630117e-01 2.000000000000000000e+00
2.644921749514611564e-01 2.000000000000000000e+00
2.644921749514611564e-01 2.000000000000000000e+00
2.671659535413975495e-01 2.000000000000000000e+00
2.671659535413979381e-01 2.000000000000000000e+00
3.659211128268587965e-01 2.000000000000000000e+00
3.659211128268590185e-01 2.000000000000000000e+00
3.682271427531620955e-01 2.000000000000000000e+00
3.682271427531625396e-01 2.000000000000000000e+00
3.694676184476519687e-01 2.000000000000000000e+00
3.694676184476520242e-01 2.000000000000000000e+00
4.337390461543194076e-01 2.000000000000000000e+00
4.337390461543196296e-01 2.000000000000000000e+00
4.904114417466693965e-01 2.000000000000000000e+00
4.904114417466697295e-01 2.000000000000000000e+00
5.294629436140606549e-01 2.000000000000000000e+00
5.294629436140612100e-01 2.000000000000000000e+00
5.517491564500135448e-01 2.000000000000000000e+00
5.517491564500142109e-01 2.000000000000000000e+00
5.558379012183178869e-01 2.000000000000000000e+00
5.558379012183184420e-01 2.000000000000000000e+00
6.253172011110306183e-01 2.000000000000000000e+00
6.253172011110308404e-01 2.000000000000000000e+00
6.444522351891788237e-01 2.000000000000000000e+00
6.444522351891796008e-01 2.000000000000000000e+00
6.779451733713173223e-01 2.000000000000000000e+00
6.779451733713176553e-01 2.000000000000000000e+00
6.843182536034092545e-01 2.000000000000000000e+00
6.843182536034106977e-01 2.000000000000000000e+00
7.179866503919543064e-01 2.000000000000000000e+00
7.179866503919548615e-01 2.000000000000000000e+00
7.754303610884307751e-01 2.000000000000000000e+00
7.754303610884317743e-01 2.000000000000000000e+00
8.145940323903371194e-01 2.000000000000000000e+00
8.145940323903374525e-01 2.000000000000000000e+00
8.197037799881967679e-01 2.000000000000000000e+00
8.197037799881973230e-01 2.000000000000000000e+00
8.294063829478806049e-01 2.000000000000000000e+00
8.294063829478821592e-01 2.000000000000000000e+00
8.811412556009454722e-01 2.000000000000000000e+00
8.811412556009465824e-01 2.000000000000000000e+00
8.924656476422632156e-01 2.000000000000000000e+00
8.924656476422639928e-01 2.000000000000000000e+00
8.947470843232587789e-01 2.000000000000000000e+00
8.947470843232592230e-01 2.000000000000000000e+00
9.033277488453588244e-01 2.000000000000000000e+00
9.033277488453589354e-01 2.000000000000000000e+00
9.163362436945667877e-01 2.000000000000000000e+00
9.574642187775881386e-01 2.000000000000000000e+00
9.574642187775893598e-01 2.000000000000000000e+00
9.930804378607175353e-01 2.000000000000000000e+00
9.930804378607177574e-01 2.000000000000000000e+00
1.050473212735036466e+00 2.000000000000000000e+00
1.050473212735038464e+00 2.000000000000000000e+00
1.113298179711283531e+00 2.000000000000000000e+00
1.113298179711284197e+00 2.000000000000000000e+00
1.118080676373112148e+00 2.000000000000000000e+00
1.142557221167859405e+00 2.000000000000000000e+00
1.142557221167859627e+00 2.000000000000000000e+00
1.183053373296604427e+00 2.000000000000000000e+00
1.183053373296605537e+00 2.000000000000000000e+00
1.237249802667565124e+00 2.000000000000000000e+00
1.237249802667567122e+00 2.000000000000000000e+00
1.253476227520394559e+00 2.000000000000000000e+00
1.253476227520395003e+00 2.000000000000000000e+00
1.269153556501323665e+00 2.000000000000000000e+00
1.269153556501326774e+00 2.000000000000000000e+00
1.291096466852002189e+00 2.000000000000000000e+00
1.291096466852004632e+00 2.000000000000000000e+00
1.321230901967641591e+00 2.000000000000000000e+00
1.321230901967643367e+00 2.000000000000000000e+00
1.334027335647141266e+00 2.000000000000000000e+00
1.334027335647142154e+00 2.000000000000000000e+00
1.416222723321765464e+00 2.000000000000000000e+00
1.416222723321765686e+00 2.000000000000000000e+00
1.449678153134992487e+00 2.000000000000000000e+00
1.449678153134996705e+00 2.000000000000000000e+00
1.506202917280655473e+00 2.000000000000000000e+00
1.506202917280657694e+00 2.000000000000000000e+00
1.506357797368623075e+00 2.000000000000000000e+00
1.506357797368623963e+00 2.000000000000000000e+00
1.515127608957875127e+00 2.000000000000000000e+00
1.515127608957876681e+00 2.000000000000000000e+00
1.570746557876220084e+00 2.000000000000000000e+00
1.607873690097689323e+00 2.000000000000000000e+00
1.607873690097690433e+00 2.000000000000000000e+00
1.677654794255555304e+00 2.000000000000000000e+00
1.677654794255555304e+00 2.000000000000000000e+00
1.827340110342110302e+00 2.000000000000000000e+00
1.827340110342113189e+00 2.000000000000000000e+00
1.844113134026349021e+00 2.000000000000000000e+00
1.844113134026350131e+00 2.000000000000000000e+00
1.860885303893674347e+00 2.000000000000000000e+00
1.860885303893679010e+00 2.000000000000000000e+00
1.878969506211778606e+00 2.000000000000000000e+00
1.878969506211780383e+00 2.000000000000000000e+00
1.895249800546965568e+00 2.000000000000000000e+00
1.940533675755971910e+00 2.000000000000000000e+00
1.940533675755972576e+00 2.000000000000000000e+00
1.940909527053601868e+00 2.000000000000000000e+00
1.940909527053602757e+00 2.000000000000000000e+00
2.045674270205207979e+00 2.000000000000000000e+00
2.045674270205221301e+00 2.000000000000000000e+00
2.153853093221238968e+00 2.000000000000000000e+00
2.187380070174410385e+00 2.000000000000000000e+00
2.187380070174416602e+00 2.000000000000000000e+00
2.301190668138289652e+00 2.000000000000000000e+00
2.301190668138292761e+00 2.000000000000000000e+00
2.485101232956322015e+00 2.000000000000000000e+00
2.485101232956322903e+00 2.000000000000000000e+00
2.486250405908471794e+00 2.000000000000000000e+00
2.486250405908478456e+00 2.000000000000000000e+00
2.498295943848791723e+00 2.000000000000000000e+00
2.498295943848800604e+00 2.000000000000000000e+00
2.511120988613788185e+00 2.000000000000000000e+00
2.511120988613802840e+00 2.000000000000000000e+00
2.551910694350515207e+00 2.000000000000000000e+00
2.551910694350532971e+00 2.000000000000000000e+00
2.569090347031956600e+00 2.000000000000000000e+00
2.569090347031967259e+00 2.000000000000000000e+00
2.780220319272928897e+00 2.000000000000000000e+00
2.780220319272935114e+00 2.000000000000000000e+00
2.847128730476962133e+00 2.000000000000000000e+00
3.009716905612673798e+00 2.000000000000000000e+00
3.009716905612680016e+00 2.000000000000000000e+00
3.134871920109461474e+00 2.000000000000000000e+00
3.134871920109478349e+00 2.000000000000000000e+00
3.198915340794839857e+00 2.000000000000000000e+00
3.198915340794843409e+00 2.000000000000000000e+00
3.457726819034907528e+00 2.000000000000000000e+00
3.457726819034912413e+00 2.000000000000000000e+00
3.637406425177390545e+00 2.000000000000000000e+00
3.637406425177398983e+00 2.000000000000000000e+00
4.070529325963521572e+00 2.000000000000000000e+00
-2.620297804512701223e+00 1.000000000000000000e+00
-2.620297804512691009e+00 1.000000000000000000e+00
-2.586563642274135155e+00 1.000000000000000000e+00
-2.293186210388050927e+00 1.000000000000000000e+00
-2.293186210388029611e+00 1.000000000000000000e+00
-2.162759417921609639e+00 1.000000000000000000e+00
-2.162759417921602978e+00 1.000000000000000000e+00
-2.133251117692905208e+00 1.000000000000000000e+00
-2.133251117692901655e+00 1.000000000000000000e+00
-2.101745511298644065e+00 1.000000000000000000e+00
-2.101745511298639180e+00 1.000000000000000000e+00
-1.905854957666913041e+00 1.000000000000000000e+00
-1.905854957666901495e+00 1.000000000000000000e+00
-1.784918978817811919e+00 1.000000000000000000e+00
-1.784918978817809476e+00 1.000000000000000000e+00
-1.772618081310021410e+00 1.000000000000000000e+00
-1.772618081310020743e+00 1.000000000000000000e+00
-1.762335174107425129e+00 1.000000000000000000e+00
-1.762335174107423796e+00 1.000000000000000000e+00
-1.610302186476694430e+00 1.000000000000000000e+00
-1.610302186476687325e+00 1.000000000000000000e+00
-1.592605212828323236e+00 1.000000000000000000e+00
-1.592605212828321237e+00 1.000000000000000000e+00
-1.557198678026665117e+00 1.000000000000000000e+00
-1.542048779400612357e+00 1.000000000000000000e+00
-1.542048779400609027e+00 1.000000000000000000e+00
-1.535715731270736129e+00 1.000000000000000000e+00
-1.535715731270734574e+00 1.000000000000000000e+00
-1.532367846379796505e+00 1.000000000000000000e+00
-1.532367846379793841e+00 1.000000000000000000e+00
-1.451197070438682513e+00 1.000000000000000000e+00
-1.451197070438676073e+00 1.000000000000000000e+00
-1.333934040765572870e+00 1.000000000000000000e+00
-1.244459800132992955e+00 1.000000000000000000e+00
-1.244459800132989846e+00 1.000000000000000000e+00
-1.212876948920112996e+00 1.000000000000000000e+00
-1.212876948920110554e+00 1.000000000000000000e+00
-1.104253779946779979e+00 1.000000000000000000e+00
-1.104253779946779979e+00 1.000000000000000000e+00
-1.084002997660785006e+00 1.000000000000000000e+00
-1.084002997660784340e+00 1.000000000000000000e+00
-1.051590103571890644e+00 1.000000000000000000e+00
-1.051590103571889756e+00 1.000000000000000000e+00
-1.040528351958139197e+00 1.000000000000000000e+00
-1.040528351958138753e+00 1.000000000000000000e+00
-1.006551932228016533e+00 1.000000000000000000e+00
-1.006551932228015866e+00 1.000000000000000000e+00
-9.958035125772242147e-01 1.000000000000000000e+00
-9.958035125772213281e-01 1.000000000000000000e+00
-9.761649490731862944e-01 1.000000000000000000e+00
-9.761649490731805212e-01 1.000000000000000000e+00
-9.398900126969242930e-01 1.000000000000000000e+00
-9.398900126969218505e-01 1.000000000000000000e+00
-8.371127948216753323e-01 1.000000000000000000e+00
-8.371127948216735559e-01 1.000000000000000000e+00
-7.664641984445029754e-01 1.000000000000000000e+00
-7.664641984444965361e-01 1.000000000000000000e+00
-7.311139775558809228e-01 1.000000000000000000e+00
-7.311139775558798126e-01 1.000000000000000000e+00
-7.036246969332385914e-01 1.000000000000000000e+00
-7.036246969332343726e-01 1.000000000000000000e+00
-6.399800179253574139e-01 1.000000000000000000e+00
-6.399800179253531951e-01 1.000000000000000000e+00
-6.379630995842950902e-01 1.000000000000000000e+00
-6.379630995842926477e-01 1.000000000000000000e+00
-6.062435333017344163e-01 1.000000000000000000e+00
-6.062435333017285322e-01 1.000000000000000000e+00
-5.551592157591186405e-01 1.000000000000000000e+00
-5.551592157591174193e-01 1.000000000000000000e+00
-5.529293996177786497e-01 1.000000000000000000e+00
-5.529293996177775394e-01 1.000000000000000000e+00
-5.208253328992309417e-01 1.000000000000000000e+00
-5.208253328992290543e-01 1.000000000000000000e+00
-4.896012630558328471e-01 1.000000000000000000e+00
-4.896012630558302381e-01 1.000000000000000000e+00
-4.885709737037490230e-01 1.000000000000000000e+00
-4.565673134420331070e-01 1.000000000000000000e+00
-4.565673134420326629e-01 1.000000000000000000e+00
-4.316766323819746787e-01 1.000000000000000000e+00
-4.316766323819741791e-01 1.000000000000000000e+00
-4.194788948519018179e-01 1.000000000000000000e+00
-4.194788948519002081e-01 1.000000000000000000e+00
-4.174770466944042746e-01 1.000000000000000000e+00
-4.174770466944029423e-01 1.000000000000000000e+00
-3.668821811278197287e-01 1.000000000000000000e+00
-3.668821811278189515e-01 1.000000000000000000e+00
-3.668712124354460702e-01 1.000000000000000000e+00
-3.668712124354444604e-01 1.000000000000000000e+00
-3.012456430259133344e-01 1.000000000000000000e+00
-2.215151107708219769e-01 1.000000000000000000e+00
-2.215151107708214495e-01 1.000000000000000000e+00
-2.035844558968303297e-01 1.000000000000000000e+00
-2.035844558968301354e-01 1.000000000000000000e+00
-1.783539647374912385e-01 1.000000000000000000e+00
-1.783539647374909887e-01 1.000000000000000000e+00
-1.732970038866540885e-01 1.000000000000000000e+00
-1.732970038866536167e-01 1.000000000000000000e+00
-1.668461868057276032e-01 1.000000000000000000e+00
-1.668461868057259379e-01 1.000000000000000000e+00
-3.101031102678930562e-02 1.000000000000000000e+00
-3.101031102678925011e-02 1.000000000000000000e+00
-2.383669707150460476e-02 1.000000000000000000e+00
-2.383669707150424394e-02 1.000000000000000000e+00
-1.598849791509532672e-02 1.000000000000000000e+00
-2.331040835234651776e-03 1.000000000000000000e+00
-2.331040835234486110e-03 1.000000000000000000e+00
9.782848818281163553e-03 1.000000000000000000e+00
9.782848818281566008e-03 1.000000000000000000e+00
1.149436616004414179e-02 1.000000000000000000e+00
1.149436616004429271e-02 1.000000000000000000e+00
4.733135115894926415e-02 1.000000000000000000e+00
4.733135115894963191e-02 1.000000000000000000e+00
4.734866767697758910e-02 1.000000000000000000e+00
4.734866767697779033e-02 1.000000000000000000e+00
1.408162752046210608e-01 1.000000000000000000e+00
1.408162752046213939e-01 1.000000000000000000e+00
1.544544770924419774e-01 1.000000000000000000e+00
1.544544770924421162e-01 1.000000000000000000e+00
1.619388429883714675e-01 1.000000000000000000e+00
1.619388429883719116e-01 1.000000000000000000e+00
1.631986582383523621e-01 1.000000000000000000e+00
1.631986582383526951e-01 1.000000000000000000e+00
1.877705190345577424e-01 1.000000000000000000e+00
1.877705190345580755e-01 1.000000000000000000e+00
1.906530780837579209e-01 1.000000000000000000e+00
1.906530780837580319e-01 1.000000000000000000e+00
2.353724561424083705e-01 1.000000000000000000e+00
2.353724561424085093e-01 1.000000000000000000e+00
2.586674516380872979e-01 1.000000000000000000e+00
2.586674516380876865e-01 1.000000000000000000e+00
2.843215772566638488e-01 1.000000000000000000e+00
2.843215772566639044e-01 1.000000000000000000e+00
3.381632059589828598e-01 1.000000000000000000e+00
3.381632059589833594e-01 1.000000000000000000e+00
3.750696205230420466e-01 1.000000000000000000e+00
3.750696205230423241e-01 1.000000000000000000e+00
3.883595467082296970e-01 1.000000000000000000e+00
3.883595467082309183e-01 1.000000000000000000e+00
3.948904589059672454e-01 1.000000000000000000e+00
3.948904589059675785e-01 1.000000000000000000e+00
4.336254722190825972e-01 1.000000000000000000e+00
4.336254722190831523e-01 1.000000000000000000e+00
5.091487894663029312e-01 1.000000000000000000e+00
5.091487894663038194e-01 1.000000000000000000e+00
5.602569568328913396e-01 1.000000000000000000e+00
5.602569568328913396e-01 1.000000000000000000e+00
5.683604208541820357e-01 1.000000000000000000e+00
5.683604208541829239e-01 1.000000000000000000e+00
5.909563602538936422e-01 1.000000000000000000e+00
5.909563602538940863e-01 1.000000000000000000e+00
6.006932562693253486e-01 1.000000000000000000e+00
6.006932562693255706e-01 1.000000000000000000e+00
6.495651009568851331e-01 1.000000000000000000e+00
6.495651009568859102e-01 1.000000000000000000e+00
6.520200681721000091e-01 1.000000000000000000e+00
6.520200681721003422e-01 1.000000000000000000e+00
6.660173866931006215e-01 1.000000000000000000e+00
6.660173866931015096e-01 1.000000000000000000e+00
6.848510358763734152e-01 1.000000000000000000e+00
6.848510358763735262e-01 1.000000000000000000e+00
7.137562536242892941e-01 1.000000000000000000e+00
7.137562536242894051e-01 1.000000000000000000e+00
7.477520519795447518e-01 1.000000000000000000e+00
7.477520519795447518e-01 1.000000000000000000e+00
7.680167461707217980e-01 1.000000000000000000e+00
7.680167461707219090e-01 1.000000000000000000e+00
7.964795398150109618e-01 1.000000000000000000e+00
7.964795398150116279e-01 1.000000000000000000e+00
7.971043674084475894e-01 1.000000000000000000e+00
8.047129935811540014e-01 1.000000000000000000e+00
8.047129935811543344e-01 1.000000000000000000e+00
8.742079178393074024e-01 1.000000000000000000e+00
9.087910197459809769e-01 1.000000000000000000e+00
9.087910197459824202e-01 1.000000000000000000e+00
9.168598958278050270e-01 1.000000000000000000e+00
9.624445830558052695e-01 1.000000000000000000e+00
9.624445830558053805e-01 1.000000000000000000e+00
1.020060496279456386e+00 1.000000000000000000e+00
1.020060496279457940e+00 1.000000000000000000e+00
1.020721634572081093e+00 1.000000000000000000e+00
1.020721634572081093e+00 1.000000000000000000e+00
1.027194153458455661e+00 1.000000000000000000e+00
1.027194153458455661e+00 1.000000000000000000e+00
1.085642237303586555e+00 1.000000000000000000e+00
1.085642237303587443e+00 1.000000000000000000e+00
1.150539433963801317e+00 1.000000000000000000e+00
1.150539433963801539e+00 1.000000000000000000e+00
1.189516795204188515e+00 1.000000000000000000e+00
1.189516795204190514e+00 1.000000000000000000e+00
1.193889558751815905e+00 1.000000000000000000e+00
1.193889558751816571e+00 1.000000000000000000e+00
1.216831240521123680e+00 1.000000000000000000e+00
1.216831240521124569e+00 1.000000000000000000e+00
1.235086215036712787e+00 1.000000000000000000e+00
1.235086215036713453e+00 1.000000000000000000e+00
1.253581884059387086e+00 1.000000000000000000e+00
1.253581884059387974e+00 1.000000000000000000e+00
1.324703778208630167e+00 1.000000000000000000e+00
1.324703778208631499e+00 1.000000000000000000e+00
1.411761759341734424e+00 1.000000000000000000e+00
1.411761759341734868e+00 1.000000000000000000e+00
1.431180163365785019e+00 1.000000000000000000e+00
1.431180163365785907e+00 1.000000000000000000e+00
1.432440785573185771e+00 1.000000000000000000e+00
1.432440785573186215e+00 1.000000000000000000e+00
1.434786103473344898e+00 1.000000000000000000e+00
1.434786103473345564e+00 1.000000000000000000e+00
1.436241450229734040e+00 1.000000000000000000e+00
1.436241450229735150e+00 1.000000000000000000e+00
1.465649808048892000e+00 1.000000000000000000e+00
1.465649808048892222e+00 1.000000000000000000e+00
1.476421841644627087e+00 1.000000000000000000e+00
1.476421841644627087e+00 1.000000000000000000e+00
1.485814771137683898e+00 1.000000000000000000e+00
1.485814771137685897e+00 1.000000000000000000e+00
1.550601689040568942e+00 1.000000000000000000e+00
1.550601689040569386e+00 1.000000000000000000e+00
1.588653027248529970e+00 1.000000000000000000e+00
1.612458935784405245e+00 1.000000000000000000e+00
1.612458935784407910e+00 1.000000000000000000e+00
1.632055811550133351e+00 1.000000000000000000e+00
1.632055811550133351e+00 1.000000000000000000e+00
1.645731984058968367e+00 1.000000000000000000e+00
1.645731984058968589e+00 1.000000000000000000e+00
1.704903368420260357e+00 1.000000000000000000e+00
1.704903368420260357e+00 1.000000000000000000e+00
1.723882165254539967e+00 1.000000000000000000e+00
1.723882165254541965e+00 1.000000000000000000e+00
1.849143791202999321e+00 1.000000000000000000e+00
1.849143791203001763e+00 1.000000000000000000e+00
1.882156928464090884e+00 1.000000000000000000e+00
1.882156928464092216e+00 1.000000000000000000e+00
2.007232506657093740e+00 1.000000000000000000e+00
2.007232506657096849e+00 1.000000000000000000e+00
2.009295050041721264e+00 1.000000000000000000e+00
2.009295050041723485e+00 1.000000000000000000e+00
2.026030805513160171e+00 1.000000000000000000e+00
2.026030805513162836e+00 1.000000000000000000e+00
2.060070813505931131e+00 1.000000000000000000e+00
2.060070813505931131e+00 1.000000000000000000e+00
2.072567963760394871e+00 1.000000000000000000e+00
2.072567963760402865e+00 1.000000000000000000e+00
2.139559149982610986e+00 1.000000000000000000e+00
2.139559149982611874e+00 1.000000000000000000e+00
2.141125482994064910e+00 1.000000000000000000e+00
2.141125482994072016e+00 1.000000000000000000e+00
2.164607515942273519e+00 1.000000000000000000e+00
2.164607515942284177e+00 1.000000000000000000e+00
2.213005585361278449e+00 1.000000000000000000e+00
2.213005585361286442e+00 1.000000000000000000e+00
2.213619890242972232e+00 1.000000000000000000e+00
2.213619890242974453e+00 1.000000000000000000e+00
2.269067649034405498e+00 1.000000000000000000e+00
2.269067649034410827e+00 1.000000000000000000e+00
2.359963311144398723e+00 1.000000000000000000e+00
2.361801520969452728e+00 1.000000000000000000e+00
2.361801520969454060e+00 1.000000000000000000e+00
2.402309868048895680e+00 1.000000000000000000e+00
2.402309868048897901e+00 1.000000000000000000e+00
2.443908153468917099e+00 1.000000000000000000e+00
2.443908153468922428e+00 1.000000000000000000e+00
2.567031284189320584e+00 1.000000000000000000e+00
2.567031284189329021e+00 1.000000000000000000e+00
2.573537263901074734e+00 1.000000000000000000e+00
2.719849426383667446e+00 1.000000000000000000e+00
2.719849426383667890e+00 1.000000000000000000e+00
2.775999770836470759e+00 1.000000000000000000e+00
2.775999770836473868e+00 1.000000000000000000e+00
2.778060275070963314e+00 1.000000000000000000e+00
2.778060275070966423e+00 1.000000000000000000e+00
2.914664527148550732e+00 1.000000000000000000e+00
2.914664527148551620e+00 1.000000000000000000e+00
2.941088148990993023e+00 1.000000000000000000e+00
2.941088148990995688e+00 1.000000000000000000e+00
2.948867518647529273e+00 1.000000000000000000e+00
2.948867518647539931e+00 1.000000000000000000e+00
3.090650379570236694e+00 1.000000000000000000e+00
3.090650379570238027e+00 1.000000000000000000e+00
3.169793093647394588e+00 1.000000000000000000e+00
3.169793093647401694e+00 1.000000000000000000e+00
3.169898511258604668e+00 1.000000000000000000e+00
3.169898511258608220e+00 1.000000000000000000e+00
3.194248703667980305e+00 1.000000000000000000e+00
3.194248703667987854e+00 1.000000000000000000e+00
3.545681807497116367e+00 1.000000000000000000e+00
3.595950481102023311e+00 1.000000000000000000e+00
3.660794281752904222e+00 1.000000000000000000e+00
3.660794281752908219e+00 1.000000000000000000e+00
3.791446752235972273e+00 1.000000000000000000e+00
3.791446752235982487e+00 1.000000000000000000e+00
3.944334243744379798e+00 1.000000000000000000e+00
3.944334243744403778e+00 1.000000000000000000e+00
4.297688546560039846e+00 1.000000000000000000e+00
4.297688546560052281e+00 1.000000000000000000e+00
4.569374410805457032e+00 1.000000000000000000e+00
4.569374410805465025e+00 1.000000000000000000e+00
5.031543403742439580e+00 1.000000000000000000e+00
-2.626573349322764095e+00 0.000000000000000000e+00
-2.209266084126527474e+00 0.000000000000000000e+00
-2.209266084126523921e+00 0.000000000000000000e+00
-1.965979240688870089e+00 0.000000000000000000e+00
-1.965979240688867646e+00 0.000000000000000000e+00
-1.888144069461620056e+00 0.000000000000000000e+00
-1.661383953886473641e+00 0.000000000000000000e+00
-1.661383953886470088e+00 0.000000000000000000e+00
-1.626032058622145726e+00 0.000000000000000000e+00
-1.626032058622145726e+00 0.000000000000000000e+00
-1.613031534829052704e+00 0.000000000000000000e+00
-1.439328987527946468e+00 0.000000000000000000e+00
-1.195696643078727250e+00 0.000000000000000000e+00
-1.195696643078726584e+00 0.000000000000000000e+00
-1.109999080544664452e+00 0.000000000000000000e+00
-1.109999080544661787e+00 0.000000000000000000e+00
-1.006720887534123365e+00 0.000000000000000000e+00
-1.006720887534121811e+00 0.000000000000000000e+00
-9.233465484799912026e-01 0.000000000000000000e+00
-9.233465484799878720e-01 0.000000000000000000e+00
-8.253639887007150344e-01 0.000000000000000000e+00
-8.253639887007134801e-01 0.000000000000000000e+00
-7.807764064044161456e-01 0.000000000000000000e+00
-7.807764064044152574e-01 0.000000000000000000e+00
-7.045848956091443904e-01 0.000000000000000000e+00
-7.045848956091439463e-01 0.000000000000000000e+00
-6.325171668908066147e-01 0.000000000000000000e+00
-5.557062494173978795e-01 0.000000000000000000e+00
-5.383154182901893625e-01 0.000000000000000000e+00
-5.383154182901875862e-01 0.000000000000000000e+00
-4.465734577354621981e-01 0.000000000000000000e+00
-4.465734577354619206e-01 0.000000000000000000e+00
-3.767373663098220749e-01 0.000000000000000000e+00
-2.888401145727848007e-01 0.000000000000000000e+00
-2.888401145727834129e-01 0.000000000000000000e+00
-2.405723470999548974e-01 0.000000000000000000e+00
-2.405723470999537039e-01 0.000000000000000000e+00
-1.210646845114780462e-01 0.000000000000000000e+00
-1.210646845114772829e-01 0.000000000000000000e+00
-8.865732791176950123e-02 0.000000000000000000e+00
-8.865732791176880734e-02 0.000000000000000000e+00
-3.334059794127894327e-02 0.000000000000000000e+00
-3.334059794127831183e-02 0.000000000000000000e+00
-1.193643252287877484e-16 0.000000000000000000e+00
1.835490938399293397e-16 0.000000000000000000e+00
1.286579832963856418e-01 0.000000000000000000e+00
1.286579832963860859e-01 0.000000000000000000e+00
1.474657588405844100e-01 0.000000000000000000e+00
1.660118674715923559e-01 0.000000000000000000e+00
1.660118674715936049e-01 0.000000000000000000e+00
1.964173741869963408e-01 0.000000000000000000e+00
1.964173741869972845e-01 0.000000000000000000e+00
2.514280906223225198e-01 0.000000000000000000e+00
2.514280906223227974e-01 0.000000000000000000e+00
3.166074795039664491e-01 0.000000000000000000e+00
3.166074795039670042e-01 0.000000000000000000e+00
4.433510720549074802e-01 0.000000000000000000e+00
4.433510720549087569e-01 0.000000000000000000e+00
5.542205885364366313e-01 0.000000000000000000e+00
5.542205885364376305e-01 0.000000000000000000e+00
5.944631175618810826e-01 0.000000000000000000e+00
5.944631175618818597e-01 0.000000000000000000e+00
6.064979081802084337e-01 0.000000000000000000e+00
6.064979081802086558e-01 0.000000000000000000e+00
6.497381892471923992e-01 0.000000000000000000e+00
7.731513856387149941e-01 0.000000000000000000e+00
7.886939572497307926e-01 0.000000000000000000e+00
8.188826100576983569e-01 0.000000000000000000e+00
8.188826100576983569e-01 0.000000000000000000e+00
8.550172661720727429e-01 0.000000000000000000e+00
8.550172661720729650e-01 0.000000000000000000e+00
8.815526337880574825e-01 0.000000000000000000e+00
8.815526337880583707e-01 0.000000000000000000e+00
1.125180033558499382e+00 0.000000000000000000e+00
1.125180033558499604e+00 0.000000000000000000e+00
1.148475066778268827e+00 0.000000000000000000e+00
1.148475066778269493e+00 0.000000000000000000e+00
1.279373677437019019e+00 0.000000000000000000e+00
1.279373677437019019e+00 0.000000000000000000e+00
1.280776406404416035e+00 0.000000000000000000e+00
1.280776406404416923e+00 0.000000000000000000e+00
1.283103296322847697e+00 0.000000000000000000e+00
1.283103296322847697e+00 0.000000000000000000e+00
1.304539727628516887e+00 0.000000000000000000e+00
1.304539727628516887e+00 0.000000000000000000e+00
1.372598386618457011e+00 0.000000000000000000e+00
1.372598386618457456e+00 0.000000000000000000e+00
1.467066349967161010e+00 0.000000000000000000e+00
1.484978931881371977e+00 0.000000000000000000e+00
1.484978931881372866e+00 0.000000000000000000e+00
1.500000000000000000e+00 0.000000000000000000e+00
1.500000000000002887e+00 0.000000000000000000e+00
1.610675995464029953e+00 0.000000000000000000e+00
1.610675995464030841e+00 0.000000000000000000e+00
1.613929948329446695e+00 0.000000000000000000e+00
1.857016088212413818e+00 0.000000000000000000e+00
1.857016088212414040e+00 0.000000000000000000e+00
1.999364303501405038e+00 0.000000000000000000e+00
1.999364303501407258e+00 0.000000000000000000e+00
2.012833098445454993e+00 0.000000000000000000e+00
2.012833098445458102e+00 0.000000000000000000e+00
2.031681469555556507e+00 0.000000000000000000e+00
2.031681469555558284e+00 0.000000000000000000e+00
2.036461442996971627e+00 0.000000000000000000e+00
2.036461442996973847e+00 0.000000000000000000e+00
2.077674656986700619e+00 0.000000000000000000e+00
2.077674656986701507e+00 0.000000000000000000e+00
2.203653009935569784e+00 0.000000000000000000e+00
2.352050317651035893e+00 0.000000000000000000e+00
2.401838225870339905e+00 0.000000000000000000e+00
2.561164359612674080e+00 0.000000000000000000e+00
2.561164359612675856e+00 0.000000000000000000e+00
2.759660612274255964e+00 0.000000000000000000e+00
2.759660612274260849e+00 0.000000000000000000e+00
2.767599079404448048e+00 0.000000000000000000e+00
2.767599079404450269e+00 0.000000000000000000e+00
2.768204789223144058e+00 0.000000000000000000e+00
2.768204789223148055e+00 0.000000000000000000e+00
2.783408714124509409e+00 0.000000000000000000e+00
2.783408714124511629e+00 0.000000000000000000e+00
3.229463841147066194e+00 0.000000000000000000e+00
3.340207488736084418e+00 0.000000000000000000e+00
3.494913426039617743e+00 0.000000000000000000e+00
3.494913426039627957e+00 0.000000000000000000e+00
3.538942424614419213e+00 0.000000000000000000e+00
3.538942424614422766e+00 0.000000000000000000e+00
3.874179327623721747e+00 0.000000000000000000e+00
3.874179327623730185e+00 0.000000000000000000e+00
4.000600429597477081e+00 0.000000000000000000e+00
4.000600429597492180e+00 0.000000000000000000e+00
4.777389333701297147e+00 0.000000000000000000e+00
5.387390917445211258e+00 0.000000000000000000e+00
