# Runtime: 131.60677194595337
-3.250000000000002665e+00 6.500000000000000000e+00
-3.135456025653212908e+00 5.500000000000000000e+00
-3.135456025653211576e+00 5.500000000000000000e+00
-2.818064746731157033e+00 5.500000000000000000e+00
-2.818064746731157033e+00 5.500000000000000000e+00
-2.370536680255324935e+00 5.500000000000000000e+00
-2.370536680255324047e+00 5.500000000000000000e+00
-1.895395112957465988e+00 5.500000000000000000e+00
-1.895395112957465544e+00 5.500000000000000000e+00
-1.501489251828901361e+00 5.500000000000000000e+00
-1.501489251828899585e+00 5.500000000000000000e+00
-1.279058182573948876e+00 5.500000000000000000e+00
-1.279058182573948432e+00 5.500000000000000000e+00
-3.044283486729657984e+00 4.500000000000000000e+00
-3.044283486729657540e+00 4.500000000000000000e+00
-2.982050807568879414e+00 4.500000000000000000e+00
-2.800582204575492451e+00 4.500000000000000000e+00
-2.800582204575491563e+00 4.500000000000000000e+00
-2.631306028771100980e+00 4.500000000000000000e+00
-2.631306028771098759e+00 4.500000000000000000e+00
-2.573597368086361747e+00 4.500000000000000000e+00
-2.573597368086359971e+00 4.500000000000000000e+00
-2.375736104457575326e+00 4.500000000000000000e+00
-2.375736104457574438e+00 4.500000000000000000e+00
-2.313760375054113805e+00 4.500000000000000000e+00
-2.313760375054109364e+00 4.500000000000000000e+00
-2.264529091362765367e+00 4.500000000000000000e+00
-2.264529091362762259e+00 4.500000000000000000e+00
-2.250000000000005773e+00 4.500000000000000000e+00
-2.162667793094875002e+00 4.500000000000000000e+00
-2.162667793094873669e+00 4.500000000000000000e+00
-1.826139249565937650e+00 4.500000000000000000e+00
-1.826139249565936540e+00 4.500000000000000000e+00
-1.758619753560136223e+00 4.500000000000000000e+00
-1.758619753560135557e+00 4.500000000000000000e+00
-1.683379060205542288e+00 4.500000000000000000e+00
-1.683379060205541622e+00 4.500000000000000000e+00
-1.480816954845567190e+00 4.500000000000000000e+00
-1.480816954845566080e+00 4.500000000000000000e+00
-1.404533440749446971e+00 4.500000000000000000e+00
-1.404533440749446527e+00 4.500000000000000000e+00
-1.303195241433151796e+00 4.500000000000000000e+00
-1.303195241433150908e+00 4.500000000000000000e+00
-1.268092000680017151e+00 4.500000000000000000e+00
-1.268092000680016707e+00 4.500000000000000000e+00
-1.250000000000000888e+00 4.500000000000000000e+00
-1.145768060041163938e+00 4.500000000000000000e+00
-1.145768060041163272e+00 4.500000000000000000e+00
-1.109184587582989767e+00 4.500000000000000000e+00
-1.109184587582989101e+00 4.500000000000000000e+00
-1.045830950682440141e+00 4.500000000000000000e+00
-1.045830950682439253e+00 4.500000000000000000e+00
-8.896108781999239046e-01 4.500000000000000000e+00
-8.896108781999231274e-01 4.500000000000000000e+00
-7.658526468305106860e-01 4.500000000000000000e+00
-7.658526468305105750e-01 4.500000000000000000e+00
-7.509478365695619884e-01 4.500000000000000000e+00
-7.509478365695617663e-01 4.500000000000000000e+00
-7.088052810280659477e-01 4.500000000000000000e+00
-7.088052810280653926e-01 4.500000000000000000e+00
-5.669932726915613008e-01 4.500000000000000000e+00
-5.669932726915608567e-01 4.500000000000000000e+00
-3.735819442301336335e-01 4.500000000000000000e+00
-3.735819442301330784e-01 4.500000000000000000e+00
-2.733113681720068522e-01 4.500000000000000000e+00
-2.733113681720066301e-01 4.500000000000000000e+00
-2.500000000000001110e-01 4.500000000000000000e+00
-2.021470403850852970e-01 4.500000000000000000e+00
-2.021470403850847974e-01 4.500000000000000000e+00
1.217187983812007823e-01 4.500000000000000000e+00
1.217187983812018648e-01 4.500000000000000000e+00
1.947666117924618245e-01 4.500000000000000000e+00
1.947666117924627127e-01 4.500000000000000000e+00
2.812339458126190683e-01 4.500000000000000000e+00
2.812339458126212888e-01 4.500000000000000000e+00
4.820508075688766936e-01 4.500000000000000000e+00
6.255526635988519768e-01 4.500000000000000000e+00
6.255526635988519768e-01 4.500000000000000000e+00
-2.975631334936277739e+00 3.500000000000000000e+00
-2.975631334936273742e+00 3.500000000000000000e+00
-2.850613545430196627e+00 3.500000000000000000e+00
-2.850613545430189522e+00 3.500000000000000000e+00
-2.800257386627529321e+00 3.500000000000000000e+00
-2.800257386627526213e+00 3.500000000000000000e+00
-2.667201249383463590e+00 3.500000000000000000e+00
-2.667201249383459594e+00 3.500000000000000000e+00
-2.593034741820269495e+00 3.500000000000000000e+00
-2.593034741820268163e+00 3.500000000000000000e+00
-2.579874342116398100e+00 3.500000000000000000e+00
-2.579874342116394548e+00 3.500000000000000000e+00
-2.467208478910046576e+00 3.500000000000000000e+00
-2.467208478910045244e+00 3.500000000000000000e+00
-2.334739233897061172e+00 3.500000000000000000e+00
-2.334739233897060728e+00 3.500000000000000000e+00
-2.325021535588012611e+00 3.500000000000000000e+00
-2.325021535588010835e+00 3.500000000000000000e+00
-2.208757641650245684e+00 3.500000000000000000e+00
-2.208757641650242576e+00 3.500000000000000000e+00
-2.167198469879746181e+00 3.500000000000000000e+00
-2.167198469879745737e+00 3.500000000000000000e+00
-2.139473387098814072e+00 3.500000000000000000e+00
-2.139473387098814072e+00 3.500000000000000000e+00
-2.073096940656315557e+00 3.500000000000000000e+00
-2.073096940656314224e+00 3.500000000000000000e+00
-2.052673408559659407e+00 3.500000000000000000e+00
-2.052673408559655854e+00 3.500000000000000000e+00
-2.045876234357147272e+00 3.500000000000000000e+00
-2.045876234357145496e+00 3.500000000000000000e+00
-1.980017128485178191e+00 3.500000000000000000e+00
-1.980017128485172417e+00 3.500000000000000000e+00
-1.896655801419822263e+00 3.500000000000000000e+00
-1.896655801419818710e+00 3.500000000000000000e+00
-1.809763630166463910e+00 3.500000000000000000e+00
-1.809763630166463466e+00 3.500000000000000000e+00
-1.683480772219932531e+00 3.500000000000000000e+00
-1.683480772219931643e+00 3.500000000000000000e+00
-1.659340071342311873e+00 3.500000000000000000e+00
-1.659340071342311429e+00 3.500000000000000000e+00
-1.635827715643535019e+00 3.500000000000000000e+00
-1.635827715643534352e+00 3.500000000000000000e+00
-1.611441995049401665e+00 3.500000000000000000e+00
-1.611441995049400999e+00 3.500000000000000000e+00
-1.579117006087016550e+00 3.500000000000000000e+00
-1.579117006087014996e+00 3.500000000000000000e+00
-1.575662246709154779e+00 3.500000000000000000e+00
-1.575662246709153225e+00 3.500000000000000000e+00
-1.555642192024472070e+00 3.500000000000000000e+00
-1.555642192024471626e+00 3.500000000000000000e+00
-1.500844985190495029e+00 3.500000000000000000e+00
-1.500844985190493253e+00 3.500000000000000000e+00
-1.370095812274641833e+00 3.500000000000000000e+00
-1.370095812274641833e+00 3.500000000000000000e+00
-1.356693776801007223e+00 3.500000000000000000e+00
-1.356693776801007001e+00 3.500000000000000000e+00
-1.173482572542802638e+00 3.500000000000000000e+00
-1.173482572542799751e+00 3.500000000000000000e+00
-1.164500195073931321e+00 3.500000000000000000e+00
-1.164500195073928657e+00 3.500000000000000000e+00
-1.143119250977400636e+00 3.500000000000000000e+00
-1.143119250977399970e+00 3.500000000000000000e+00
-1.141453595751593220e+00 3.500000000000000000e+00
-1.141453595751591221e+00 3.500000000000000000e+00
-1.139724911372610450e+00 3.500000000000000000e+00
-1.139724911372608673e+00 3.500000000000000000e+00
-1.135247580709175974e+00 3.500000000000000000e+00
-1.135247580709174642e+00 3.500000000000000000e+00
-1.100191579044716095e+00 3.500000000000000000e+00
-1.100191579044714318e+00 3.500000000000000000e+00
-1.083239757850799290e+00 3.500000000000000000e+00
-1.083239757850798402e+00 3.500000000000000000e+00
-1.057738264242460424e+00 3.500000000000000000e+00
-1.057738264242460202e+00 3.500000000000000000e+00
-1.017656481403910185e+00 3.500000000000000000e+00
-1.017656481403906410e+00 3.500000000000000000e+00
-1.007681908140762861e+00 3.500000000000000000e+00
-1.007681908140762639e+00 3.500000000000000000e+00
-9.796736353598141100e-01 3.500000000000000000e+00
-9.796736353598141100e-01 3.500000000000000000e+00
-9.101175679509226901e-01 3.500000000000000000e+00
-9.101175679509218019e-01 3.500000000000000000e+00
-8.794813523521488596e-01 3.500000000000000000e+00
-8.794813523521468612e-01 3.500000000000000000e+00
-8.216822714469135258e-01 3.500000000000000000e+00
-8.216822714469131927e-01 3.500000000000000000e+00
-7.974146756234925526e-01 3.500000000000000000e+00
-7.974146756234918865e-01 3.500000000000000000e+00
-7.368857991398848339e-01 3.500000000000000000e+00
-7.368857991398826135e-01 3.500000000000000000e+00
-6.861788954292611376e-01 3.500000000000000000e+00
-6.861788954292608045e-01 3.500000000000000000e+00
-6.854408155539392089e-01 3.500000000000000000e+00
-6.854408155539385428e-01 3.500000000000000000e+00
-6.744101679953011796e-01 3.500000000000000000e+00
-6.744101679953008466e-01 3.500000000000000000e+00
-6.503477875001448805e-01 3.500000000000000000e+00
-6.503477875001447694e-01 3.500000000000000000e+00
-5.981463865857281625e-01 3.500000000000000000e+00
-5.981463865857260531e-01 3.500000000000000000e+00
-5.855847794004880313e-01 3.500000000000000000e+00
-5.855847794004864770e-01 3.500000000000000000e+00
-5.621690560985155294e-01 3.500000000000000000e+00
-5.621690560985137530e-01 3.500000000000000000e+00
-5.459267278198650652e-01 3.500000000000000000e+00
-5.459267278198646212e-01 3.500000000000000000e+00
-5.407466866559607066e-01 3.500000000000000000e+00
-5.407466866559590413e-01 3.500000000000000000e+00
-5.392598616325100513e-01 3.500000000000000000e+00
-5.392598616325092742e-01 3.500000000000000000e+00
-4.826771577368811350e-01 3.500000000000000000e+00
-4.826771577368808575e-01 3.500000000000000000e+00
-4.637285215091688784e-01 3.500000000000000000e+00
-4.637285215091673241e-01 3.500000000000000000e+00
-4.362099418574378329e-01 3.500000000000000000e+00
-4.362099418574367227e-01 3.500000000000000000e+00
-3.365335614564682332e-01 3.500000000000000000e+00
-3.365335614564669564e-01 3.500000000000000000e+00
-2.902367063280790749e-01 3.500000000000000000e+00
-2.902367063280776871e-01 3.500000000000000000e+00
-2.435245739808150345e-01 3.500000000000000000e+00
-2.435245739808124532e-01 3.500000000000000000e+00
-2.358490873062702164e-01 3.500000000000000000e+00
-2.358490873062688842e-01 3.500000000000000000e+00
-2.300565656208992948e-01 3.500000000000000000e+00
-2.300565656208987952e-01 3.500000000000000000e+00
-2.112822265729449867e-01 3.500000000000000000e+00
-2.112822265729440152e-01 3.500000000000000000e+00
-1.478778738381575364e-01 3.500000000000000000e+00
-1.478778738381567037e-01 3.500000000000000000e+00
-1.137090748012961200e-01 3.500000000000000000e+00
-1.137090748012951208e-01 3.500000000000000000e+00
-9.589655635437768777e-02 3.500000000000000000e+00
-9.589655635437639714e-02 3.500000000000000000e+00
-6.219589897724251554e-02 3.500000000000000000e+00
-6.219589897724248778e-02 3.500000000000000000e+00
1.055838508705869228e-03 3.500000000000000000e+00
1.055838508706083033e-03 3.500000000000000000e+00
3.321198079282759036e-02 3.500000000000000000e+00
3.321198079282823568e-02 3.500000000000000000e+00
6.617386347983994499e-02 3.500000000000000000e+00
6.617386347984054173e-02 3.500000000000000000e+00
2.796176913209570403e-01 3.500000000000000000e+00
2.796176913209592052e-01 3.500000000000000000e+00
2.799549718992317970e-01 3.500000000000000000e+00
2.799549718992321301e-01 3.500000000000000000e+00
2.877412407460995802e-01 3.500000000000000000e+00
2.877412407460997468e-01 3.500000000000000000e+00
3.182556916582172102e-01 3.500000000000000000e+00
3.182556916582174322e-01 3.500000000000000000e+00
3.469509830760469371e-01 3.500000000000000000e+00
3.469509830760473812e-01 3.500000000000000000e+00
3.953353975714526403e-01 3.500000000000000000e+00
3.953353975714539725e-01 3.500000000000000000e+00
4.100896936803093418e-01 3.500000000000000000e+00
4.100896936803095638e-01 3.500000000000000000e+00
5.004531174619881728e-01 3.500000000000000000e+00
5.004531174619892830e-01 3.500000000000000000e+00
5.402115602886243817e-01 3.500000000000000000e+00
5.402115602886261581e-01 3.500000000000000000e+00
5.492317666836178391e-01 3.500000000000000000e+00
5.492317666836181722e-01 3.500000000000000000e+00
5.546608014001956910e-01 3.500000000000000000e+00
5.546608014001968012e-01 3.500000000000000000e+00
6.856901477699689496e-01 3.500000000000000000e+00
6.856901477699695047e-01 3.500000000000000000e+00
6.980522538729114768e-01 3.500000000000000000e+00
6.980522538729122539e-01 3.500000000000000000e+00
7.408279906003054638e-01 3.500000000000000000e+00
7.408279906003055748e-01 3.500000000000000000e+00
7.922889949144648059e-01 3.500000000000000000e+00
7.922889949144649169e-01 3.500000000000000000e+00
8.222560674193200025e-01 3.500000000000000000e+00
8.222560674193207797e-01 3.500000000000000000e+00
8.481180078008940804e-01 3.500000000000000000e+00
8.481180078008944134e-01 3.500000000000000000e+00
8.553144655050577416e-01 3.500000000000000000e+00
8.553144655050580747e-01 3.500000000000000000e+00
8.718808086133819080e-01 3.500000000000000000e+00
8.718808086133822410e-01 3.500000000000000000e+00
1.015592636237195423e+00 3.500000000000000000e+00
1.015592636237195645e+00 3.500000000000000000e+00
1.046605660313001840e+00 3.500000000000000000e+00
1.046605660313002284e+00 3.500000000000000000e+00
1.108228706863498836e+00 3.500000000000000000e+00
1.108228706863499280e+00 3.500000000000000000e+00
1.156213865037327926e+00 3.500000000000000000e+00
1.156213865037329036e+00 3.500000000000000000e+00
1.247233915238660451e+00 3.500000000000000000e+00
1.247233915238661561e+00 3.500000000000000000e+00
1.363127013830813805e+00 3.500000000000000000e+00
1.363127013830814915e+00 3.500000000000000000e+00
1.363929199963570316e+00 3.500000000000000000e+00
1.363929199963572536e+00 3.500000000000000000e+00
1.587176536627179280e+00 3.500000000000000000e+00
1.587176536627179724e+00 3.500000000000000000e+00
1.604030823907039771e+00 3.500000000000000000e+00
1.604030823907041325e+00 3.500000000000000000e+00
1.691170290895388506e+00 3.500000000000000000e+00
1.691170290895392947e+00 3.500000000000000000e+00
1.769119154544315897e+00 3.500000000000000000e+00
1.769119154544315897e+00 3.500000000000000000e+00
1.915233942560430336e+00 3.500000000000000000e+00
1.915233942560433444e+00 3.500000000000000000e+00
2.078885658786978397e+00 3.500000000000000000e+00
2.078885658786979285e+00 3.500000000000000000e+00
2.378600634449771878e+00 3.500000000000000000e+00
2.378600634449776763e+00 3.500000000000000000e+00
-2.928745532475643731e+00 2.500000000000000000e+00
-2.928745532475643287e+00 2.500000000000000000e+00
-2.816518004486825433e+00 2.500000000000000000e+00
-2.816518004486813442e+00 2.500000000000000000e+00
-2.756606772056493959e+00 2.500000000000000000e+00
-2.756606772056477528e+00 2.500000000000000000e+00
-2.739719590546094707e+00 2.500000000000000000e+00
-2.739719590546079608e+00 2.500000000000000000e+00
-2.677270193901951867e+00 2.500000000000000000e+00
-2.542270305121207219e+00 2.500000000000000000e+00
-2.542270305121190788e+00 2.500000000000000000e+00
-2.397340240377600296e+00 2.500000000000000000e+00
-2.397340240377587417e+00 2.500000000000000000e+00
-2.382591895598626497e+00 2.500000000000000000e+00
-2.382591895598624721e+00 2.500000000000000000e+00
-2.363303140950939962e+00 2.500000000000000000e+00
-2.363303140950914205e+00 2.500000000000000000e+00
-2.324602852773776984e+00 2.500000000000000000e+00
-2.324602852773773431e+00 2.500000000000000000e+00
-2.322143412316877154e+00 2.500000000000000000e+00
-2.322143412316874489e+00 2.500000000000000000e+00
-2.319276985177209482e+00 2.500000000000000000e+00
-2.319276985177193051e+00 2.500000000000000000e+00
-2.126537857239017448e+00 2.500000000000000000e+00
-2.126537857239015672e+00 2.500000000000000000e+00
-2.098136141739116667e+00 2.500000000000000000e+00
-2.098136141739095351e+00 2.500000000000000000e+00
-2.063606502648335450e+00 2.500000000000000000e+00
-2.024687031017828431e+00 2.500000000000000000e+00
-2.024687031017825767e+00 2.500000000000000000e+00
-1.957332990356482227e+00 2.500000000000000000e+00
-1.957332990356477342e+00 2.500000000000000000e+00
-1.944430367321289266e+00 2.500000000000000000e+00
-1.944430367321281716e+00 2.500000000000000000e+00
-1.925624211036534472e+00 2.500000000000000000e+00
-1.925624211036532030e+00 2.500000000000000000e+00
-1.884486887035025315e+00 2.500000000000000000e+00
-1.884486887035024205e+00 2.500000000000000000e+00
-1.882982275426702934e+00 2.500000000000000000e+00
-1.882982275426702934e+00 2.500000000000000000e+00
-1.843482735817737694e+00 2.500000000000000000e+00
-1.843482735817731477e+00 2.500000000000000000e+00
-1.822260527766430105e+00 2.500000000000000000e+00
-1.822260527766428995e+00 2.500000000000000000e+00
-1.821733026956556589e+00 2.500000000000000000e+00
-1.821733026956556367e+00 2.500000000000000000e+00
-1.810975008048117951e+00 2.500000000000000000e+00
-1.810975008048112178e+00 2.500000000000000000e+00
-1.791411609960368079e+00 2.500000000000000000e+00
-1.791411609960363638e+00 2.500000000000000000e+00
-1.788294609095611332e+00 2.500000000000000000e+00
-1.788294609095609555e+00 2.500000000000000000e+00
-1.762275497962358273e+00 2.500000000000000000e+00
-1.762275497962349169e+00 2.500000000000000000e+00
-1.608388901455966469e+00 2.500000000000000000e+00
-1.608388901455962916e+00 2.500000000000000000e+00
-1.578570689435907282e+00 2.500000000000000000e+00
-1.578570689435907060e+00 2.500000000000000000e+00
-1.563699472941472379e+00 2.500000000000000000e+00
-1.563699472941467938e+00 2.500000000000000000e+00
-1.553069560460083487e+00 2.500000000000000000e+00
-1.553069560460082821e+00 2.500000000000000000e+00
-1.514714295390040766e+00 2.500000000000000000e+00
-1.484483774637393561e+00 2.500000000000000000e+00
-1.484483774637393561e+00 2.500000000000000000e+00
-1.458737228116227636e+00 2.500000000000000000e+00
-1.458737228116225859e+00 2.500000000000000000e+00
-1.392147675439058707e+00 2.500000000000000000e+00
-1.392147675439056709e+00 2.500000000000000000e+00
-1.385845869337984704e+00 2.500000000000000000e+00
-1.385845869337981595e+00 2.500000000000000000e+00
-1.358754657879471806e+00 2.500000000000000000e+00
-1.358754657879468697e+00 2.500000000000000000e+00
-1.351674339932378732e+00 2.500000000000000000e+00
-1.351674339932377844e+00 2.500000000000000000e+00
-1.348617201130500431e+00 2.500000000000000000e+00
-1.348617201130495546e+00 2.500000000000000000e+00
-1.308367469445848918e+00 2.500000000000000000e+00
-1.308367469445846920e+00 2.500000000000000000e+00
-1.291829138148658407e+00 2.500000000000000000e+00
-1.291829138148655298e+00 2.500000000000000000e+00
-1.282289724620465643e+00 2.500000000000000000e+00
-1.282289724620465643e+00 2.500000000000000000e+00
-1.269072952552560363e+00 2.500000000000000000e+00
-1.269072952552554812e+00 2.500000000000000000e+00
-1.248235034769997531e+00 2.500000000000000000e+00
-1.248235034769996643e+00 2.500000000000000000e+00
-1.229087074294962223e+00 2.500000000000000000e+00
-1.229087074294957782e+00 2.500000000000000000e+00
-1.152382192734387134e+00 2.500000000000000000e+00
-1.152382192734384470e+00 2.500000000000000000e+00
-1.106102388223350719e+00 2.500000000000000000e+00
-1.106102388223348720e+00 2.500000000000000000e+00
-1.032360670418242643e+00 2.500000000000000000e+00
-1.032360670418238646e+00 2.500000000000000000e+00
-1.017197591819843039e+00 2.500000000000000000e+00
-1.017197591819842817e+00 2.500000000000000000e+00
-1.012967695819194880e+00 2.500000000000000000e+00
-1.012967695819194436e+00 2.500000000000000000e+00
-1.012779752315138060e+00 2.500000000000000000e+00
-1.012779752315133175e+00 2.500000000000000000e+00
-9.927928583845505583e-01 2.500000000000000000e+00
-9.927928583845493371e-01 2.500000000000000000e+00
-9.453015094248254924e-01 2.500000000000000000e+00
-9.453015094248224948e-01 2.500000000000000000e+00
-9.290257897100425710e-01 2.500000000000000000e+00
-9.290257897100415718e-01 2.500000000000000000e+00
-9.288903730879152221e-01 2.500000000000000000e+00
-9.288903730879105591e-01 2.500000000000000000e+00
-9.106310042612628664e-01 2.500000000000000000e+00
-9.106310042612604239e-01 2.500000000000000000e+00
-8.930011038470677676e-01 2.500000000000000000e+00
-8.930011038470648810e-01 2.500000000000000000e+00
-8.797445548964728523e-01 2.500000000000000000e+00
-8.797445548964728523e-01 2.500000000000000000e+00
-8.722976507175790317e-01 2.500000000000000000e+00
-8.722976507175784766e-01 2.500000000000000000e+00
-8.463623844436520827e-01 2.500000000000000000e+00
-8.463623844436504173e-01 2.500000000000000000e+00
-8.359977807907986724e-01 2.500000000000000000e+00
-8.279689024179058832e-01 2.500000000000000000e+00
-8.279689024179042178e-01 2.500000000000000000e+00
-8.148815015668843253e-01 2.500000000000000000e+00
-8.148815015668837702e-01 2.500000000000000000e+00
-7.914044382465426075e-01 2.500000000000000000e+00
-7.914044382465417193e-01 2.500000000000000000e+00
-7.776796894589992348e-01 2.500000000000000000e+00
-7.776796894589991238e-01 2.500000000000000000e+00
-7.732553350588862173e-01 2.500000000000000000e+00
-7.732553350588861063e-01 2.500000000000000000e+00
-7.537777874563298397e-01 2.500000000000000000e+00
-7.537777874563292846e-01 2.500000000000000000e+00
-7.214172998470766984e-01 2.500000000000000000e+00
-7.214172998470755882e-01 2.500000000000000000e+00
-7.102042267537017617e-01 2.500000000000000000e+00
-7.102042267537008735e-01 2.500000000000000000e+00
-7.087868605731181271e-01 2.500000000000000000e+00
-7.087868605731169058e-01 2.500000000000000000e+00
-6.884983397118557003e-01 2.500000000000000000e+00
-6.884983397118552562e-01 2.500000000000000000e+00
-6.778090331449463379e-01 2.500000000000000000e+00
-6.778090331449447836e-01 2.500000000000000000e+00
-6.490342904430707049e-01 2.500000000000000000e+00
-6.490342904430705939e-01 2.500000000000000000e+00
-6.479633274818232813e-01 2.500000000000000000e+00
-6.479633274818222821e-01 2.500000000000000000e+00
-6.299148318799839830e-01 2.500000000000000000e+00
-6.299148318799812074e-01 2.500000000000000000e+00
-6.169661435919684411e-01 2.500000000000000000e+00
-6.169661435919678860e-01 2.500000000000000000e+00
-5.533919142156008553e-01 2.500000000000000000e+00
-5.533919142156004112e-01 2.500000000000000000e+00
-5.351619112481647011e-01 2.500000000000000000e+00
-5.351619112481641460e-01 2.500000000000000000e+00
-5.270580839025874598e-01 2.500000000000000000e+00
-5.270580839025864606e-01 2.500000000000000000e+00
-4.736128991414133016e-01 2.500000000000000000e+00
-4.736128991414126355e-01 2.500000000000000000e+00
-4.579323180089177603e-01 2.500000000000000000e+00
-4.579323180089174272e-01 2.500000000000000000e+00
-4.543619969299376171e-01 2.500000000000000000e+00
-4.543619969299364514e-01 2.500000000000000000e+00
-4.394589941095244923e-01 2.500000000000000000e+00
-4.394589941095239927e-01 2.500000000000000000e+00
-4.004451424211610822e-01 2.500000000000000000e+00
-4.004451424211605270e-01 2.500000000000000000e+00
-3.752912200243079810e-01 2.500000000000000000e+00
-3.752912200243077034e-01 2.500000000000000000e+00
-3.432399494730940526e-01 2.500000000000000000e+00
-3.432399494730936640e-01 2.500000000000000000e+00
-3.098319856429190833e-01 2.500000000000000000e+00
-3.098319856429188612e-01 2.500000000000000000e+00
-3.091410303836260587e-01 2.500000000000000000e+00
-3.091410303836257811e-01 2.500000000000000000e+00
-2.975201285486815950e-01 2.500000000000000000e+00
-2.975201285486812064e-01 2.500000000000000000e+00
-2.637008908020884723e-01 2.500000000000000000e+00
-2.637008908020879727e-01 2.500000000000000000e+00
-2.481139211682672763e-01 2.500000000000000000e+00
-2.481139211682670265e-01 2.500000000000000000e+00
-2.468547171540726726e-01 2.500000000000000000e+00
-2.468547171540722562e-01 2.500000000000000000e+00
-2.399238314155327512e-01 2.500000000000000000e+00
-2.399238314155322516e-01 2.500000000000000000e+00
-2.368379995763450485e-01 2.500000000000000000e+00
-2.368379995763447987e-01 2.500000000000000000e+00
-2.074401272833895915e-01 2.500000000000000000e+00
-2.074401272833893417e-01 2.500000000000000000e+00
-2.055599560101018797e-01 2.500000000000000000e+00
-2.055599560101017964e-01 2.500000000000000000e+00
-2.041238497159369447e-01 2.500000000000000000e+00
-2.041238497159367227e-01 2.500000000000000000e+00
-1.281025361463534185e-01 2.500000000000000000e+00
-1.281025361463530021e-01 2.500000000000000000e+00
-1.262870941467036656e-01 2.500000000000000000e+00
-1.262870941467033881e-01 2.500000000000000000e+00
-1.242000799912281600e-01 2.500000000000000000e+00
-1.242000799912279102e-01 2.500000000000000000e+00
-1.051173632180881778e-01 2.500000000000000000e+00
-1.051173632180877615e-01 2.500000000000000000e+00
-1.028242230947016139e-01 2.500000000000000000e+00
-1.028242230947015445e-01 2.500000000000000000e+00
-9.673093987759061319e-02 2.500000000000000000e+00
-9.673093987759021073e-02 2.500000000000000000e+00
-6.298532052503708067e-02 2.500000000000000000e+00
-6.298532052503690026e-02 2.500000000000000000e+00
-4.958504996848334817e-02 2.500000000000000000e+00
-4.958504996848293184e-02 2.500000000000000000e+00
-4.459025173236522144e-02 2.500000000000000000e+00
-4.459025173236507572e-02 2.500000000000000000e+00
-2.575869947990146527e-02 2.500000000000000000e+00
-2.575869947990139588e-02 2.500000000000000000e+00
2.033794901719401110e-02 2.500000000000000000e+00
2.033794901719438233e-02 2.500000000000000000e+00
2.996263442174703501e-02 2.500000000000000000e+00
2.996263442174726399e-02 2.500000000000000000e+00
5.142885980754219322e-02 2.500000000000000000e+00
5.142885980754260261e-02 2.500000000000000000e+00
6.131276712970246817e-02 2.500000000000000000e+00
6.131276712970255838e-02 2.500000000000000000e+00
7.266237241615719489e-02 2.500000000000000000e+00
7.266237241615750020e-02 2.500000000000000000e+00
8.890916335756508804e-02 2.500000000000000000e+00
8.890916335756555988e-02 2.500000000000000000e+00
1.362899749452780307e-01 2.500000000000000000e+00
1.362899749452784748e-01 2.500000000000000000e+00
1.365240434180818030e-01 2.500000000000000000e+00
1.365240434180823303e-01 2.500000000000000000e+00
1.896585986636322441e-01 2.500000000000000000e+00
1.896585986636326604e-01 2.500000000000000000e+00
1.900109427895465830e-01 2.500000000000000000e+00
1.900109427895468883e-01 2.500000000000000000e+00
2.206834198711610795e-01 2.500000000000000000e+00
2.557776351816694049e-01 2.500000000000000000e+00
2.557776351816698490e-01 2.500000000000000000e+00
2.682312462021596566e-01 2.500000000000000000e+00
2.682312462021599897e-01 2.500000000000000000e+00
2.765336484083811830e-01 2.500000000000000000e+00
2.765336484083814605e-01 2.500000000000000000e+00
2.832043745240666044e-01 2.500000000000000000e+00
2.832043745240667709e-01 2.500000000000000000e+00
2.847992270907189760e-01 2.500000000000000000e+00
2.847992270907194201e-01 2.500000000000000000e+00
2.981272638151857279e-01 2.500000000000000000e+00
2.981272638151864496e-01 2.500000000000000000e+00
3.161494284789888587e-01 2.500000000000000000e+00
3.161494284789894693e-01 2.500000000000000000e+00
3.175781655411602511e-01 2.500000000000000000e+00
3.175781655411602511e-01 2.500000000000000000e+00
3.285194455896799925e-01 2.500000000000000000e+00
3.285194455896808252e-01 2.500000000000000000e+00
3.692239757374788378e-01 2.500000000000000000e+00
3.692239757374795039e-01 2.500000000000000000e+00
3.697443114784330631e-01 2.500000000000000000e+00
3.697443114784336737e-01 2.500000000000000000e+00
4.387560645888528565e-01 2.500000000000000000e+00
4.387560645888531896e-01 2.500000000000000000e+00
4.425260529069164339e-01 2.500000000000000000e+00
4.425260529069171556e-01 2.500000000000000000e+00
4.425687068430662618e-01 2.500000000000000000e+00
4.425687068430668725e-01 2.500000000000000000e+00
4.769099736803076306e-01 2.500000000000000000e+00
4.769099736803081857e-01 2.500000000000000000e+00
4.910984659865952895e-01 2.500000000000000000e+00
4.910984659865960666e-01 2.500000000000000000e+00
5.071934856432516181e-01 2.500000000000000000e+00
5.071934856432519512e-01 2.500000000000000000e+00
5.148225473835481569e-01 2.500000000000000000e+00
5.148225473835483790e-01 2.500000000000000000e+00
5.735216950459013363e-01 2.500000000000000000e+00
5.735216950459028906e-01 2.500000000000000000e+00
5.929017890045217287e-01 2.500000000000000000e+00
5.929017890045223949e-01 2.500000000000000000e+00
6.019174996077769624e-01 2.500000000000000000e+00
6.019174996077771844e-01 2.500000000000000000e+00
6.074139689170043876e-01 2.500000000000000000e+00
6.074139689170053868e-01 2.500000000000000000e+00
6.136848595759381020e-01 2.500000000000000000e+00
6.136848595759392122e-01 2.500000000000000000e+00
6.427316114743711895e-01 2.500000000000000000e+00
6.427316114743714115e-01 2.500000000000000000e+00
6.874414778526276582e-01 2.500000000000000000e+00
6.874414778526285463e-01 2.500000000000000000e+00
6.930260728602367637e-01 2.500000000000000000e+00
6.930260728602380960e-01 2.500000000000000000e+00
7.316992743348543771e-01 2.500000000000000000e+00
7.316992743348553763e-01 2.500000000000000000e+00
7.473773299908758050e-01 2.500000000000000000e+00
7.473773299908768042e-01 2.500000000000000000e+00
7.578863321816763365e-01 2.500000000000000000e+00
7.578863321816778909e-01 2.500000000000000000e+00
7.604980594207320088e-01 2.500000000000000000e+00
7.604980594207321198e-01 2.500000000000000000e+00
7.812136791445277728e-01 2.500000000000000000e+00
7.812136791445279949e-01 2.500000000000000000e+00
8.089264135479103945e-01 2.500000000000000000e+00
8.089264135479111717e-01 2.500000000000000000e+00
8.148875124836425510e-01 2.500000000000000000e+00
8.148875124836426620e-01 2.500000000000000000e+00
8.157948097333123094e-01 2.500000000000000000e+00
8.157948097333131976e-01 2.500000000000000000e+00
8.363747704641418812e-01 2.500000000000000000e+00
8.363747704641431024e-01 2.500000000000000000e+00
8.740926855933702777e-01 2.500000000000000000e+00
8.740926855933741635e-01 2.500000000000000000e+00
9.036319928211834496e-01 2.500000000000000000e+00
9.036319928211835606e-01 2.500000000000000000e+00
9.645091064304339712e-01 2.500000000000000000e+00
9.645091064304357475e-01 2.500000000000000000e+00
9.955775010511839218e-01 2.500000000000000000e+00
1.019712115311330436e+00 2.500000000000000000e+00
1.019712115311330880e+00 2.500000000000000000e+00
1.034203748668941270e+00 2.500000000000000000e+00
1.034203748668941714e+00 2.500000000000000000e+00
1.052651628755953528e+00 2.500000000000000000e+00
1.052651628755958191e+00 2.500000000000000000e+00
1.097590006042856725e+00 2.500000000000000000e+00
1.097590006042856947e+00 2.500000000000000000e+00
1.102083120842794139e+00 2.500000000000000000e+00
1.102083120842794139e+00 2.500000000000000000e+00
1.118467609696316645e+00 2.500000000000000000e+00
1.118467609696316645e+00 2.500000000000000000e+00
1.120178736568294475e+00 2.500000000000000000e+00
1.120178736568295808e+00 2.500000000000000000e+00
1.123278146712782144e+00 2.500000000000000000e+00
1.123278146712782144e+00 2.500000000000000000e+00
1.144614907207745835e+00 2.500000000000000000e+00
1.144614907207746946e+00 2.500000000000000000e+00
1.147066884201748405e+00 2.500000000000000000e+00
1.147066884201750403e+00 2.500000000000000000e+00
1.154470695990938323e+00 2.500000000000000000e+00
1.154470695990939877e+00 2.500000000000000000e+00
1.164103463098479230e+00 2.500000000000000000e+00
1.164103463098480562e+00 2.500000000000000000e+00
1.164733521259972537e+00 2.500000000000000000e+00
1.164733521259974092e+00 2.500000000000000000e+00
1.193107233992137139e+00 2.500000000000000000e+00
1.193107233992137139e+00 2.500000000000000000e+00
1.256191994038619697e+00 2.500000000000000000e+00
1.256191994038621473e+00 2.500000000000000000e+00
1.277878663991833141e+00 2.500000000000000000e+00
1.277878663991837138e+00 2.500000000000000000e+00
1.278414055234545765e+00 2.500000000000000000e+00
1.334066716821610044e+00 2.500000000000000000e+00
1.334066716821612042e+00 2.500000000000000000e+00
1.336069103470577613e+00 2.500000000000000000e+00
1.336069103470580721e+00 2.500000000000000000e+00
1.373541630677200365e+00 2.500000000000000000e+00
1.373541630677200809e+00 2.500000000000000000e+00
1.383287498603433141e+00 2.500000000000000000e+00
1.383287498603434029e+00 2.500000000000000000e+00
1.392954525791763265e+00 2.500000000000000000e+00
1.392954525791767484e+00 2.500000000000000000e+00
1.477911698038674615e+00 2.500000000000000000e+00
1.477911698038679722e+00 2.500000000000000000e+00
1.524786530322415068e+00 2.500000000000000000e+00
1.524786530322419287e+00 2.500000000000000000e+00
1.534602634319433667e+00 2.500000000000000000e+00
1.534602634319434111e+00 2.500000000000000000e+00
1.600374460989403946e+00 2.500000000000000000e+00
1.600374460989407277e+00 2.500000000000000000e+00
1.662775023893074300e+00 2.500000000000000000e+00
1.662775023893078741e+00 2.500000000000000000e+00
1.691502864912902471e+00 2.500000000000000000e+00
1.691502864912905357e+00 2.500000000000000000e+00
1.697624724883588287e+00 2.500000000000000000e+00
1.697624724883597169e+00 2.500000000000000000e+00
1.706241652165260803e+00 2.500000000000000000e+00
1.706241652165265466e+00 2.500000000000000000e+00
1.770977128696456182e+00 2.500000000000000000e+00
1.770977128696456848e+00 2.500000000000000000e+00
1.824601482877849179e+00 2.500000000000000000e+00
1.824601482877855396e+00 2.500000000000000000e+00
1.831613782916603483e+00 2.500000000000000000e+00
1.831613782916605926e+00 2.500000000000000000e+00
1.849636547117470720e+00 2.500000000000000000e+00
1.849636547117479379e+00 2.500000000000000000e+00
1.854503942679173623e+00 2.500000000000000000e+00
1.854503942679177619e+00 2.500000000000000000e+00
1.863139376045664930e+00 2.500000000000000000e+00
1.863139376045665374e+00 2.500000000000000000e+00
1.868620479200643114e+00 2.500000000000000000e+00
1.868620479200651774e+00 2.500000000000000000e+00
1.913448232050290132e+00 2.500000000000000000e+00
1.913448232050293463e+00 2.500000000000000000e+00
2.081390140009695244e+00 2.500000000000000000e+00
2.081390140009700129e+00 2.500000000000000000e+00
2.092923082777170318e+00 2.500000000000000000e+00
2.104772094928502923e+00 2.500000000000000000e+00
2.104772094928504256e+00 2.500000000000000000e+00
2.206429832736048091e+00 2.500000000000000000e+00
2.206429832736056973e+00 2.500000000000000000e+00
2.252833658422362273e+00 2.500000000000000000e+00
2.252833658422365382e+00 2.500000000000000000e+00
2.271787265278835566e+00 2.500000000000000000e+00
2.271787265278838674e+00 2.500000000000000000e+00
2.272540644394374976e+00 2.500000000000000000e+00
2.272540644394376752e+00 2.500000000000000000e+00
2.334401105773234342e+00 2.500000000000000000e+00
2.334401105773240559e+00 2.500000000000000000e+00
2.380883171865974646e+00 2.500000000000000000e+00
2.380883171865986636e+00 2.500000000000000000e+00
2.385004460418203465e+00 2.500000000000000000e+00
2.385004460418205685e+00 2.500000000000000000e+00
2.468342143146801781e+00 2.500000000000000000e+00
2.468342143146811551e+00 2.500000000000000000e+00
2.603155404477506263e+00 2.500000000000000000e+00
2.603155404477524915e+00 2.500000000000000000e+00
2.669403335943413502e+00 2.500000000000000000e+00
2.669403335943425937e+00 2.500000000000000000e+00
2.727876209631756588e+00 2.500000000000000000e+00
2.727876209631769466e+00 2.500000000000000000e+00
2.816152362400346831e+00 2.500000000000000000e+00
2.816152362400358378e+00 2.500000000000000000e+00
2.847816154626426677e+00 2.500000000000000000e+00
2.847816154626437335e+00 2.500000000000000000e+00
2.874622249980637534e+00 2.500000000000000000e+00
2.874622249980645528e+00 2.500000000000000000e+00
2.940026731459928655e+00 2.500000000000000000e+00
2.940026731459930875e+00 2.500000000000000000e+00
3.134672450019700296e+00 2.500000000000000000e+00
3.134672450019712731e+00 2.500000000000000000e+00
3.253990713797071610e+00 2.500000000000000000e+00
3.307977132270973453e+00 2.500000000000000000e+00
3.307977132270975229e+00 2.500000000000000000e+00
3.419456873471803604e+00 2.500000000000000000e+00
3.419456873471821812e+00 2.500000000000000000e+00
3.876676026709202638e+00 2.500000000000000000e+00
3.876676026709202638e+00 2.500000000000000000e+00
-2.903000113917610037e+00 1.500000000000000000e+00
-2.903000113917609148e+00 1.500000000000000000e+00
-2.849036131358005708e+00 1.500000000000000000e+00
-2.849036131357987500e+00 1.500000000000000000e+00
-2.647880962744622479e+00 1.500000000000000000e+00
-2.647880962744603384e+00 1.500000000000000000e+00
-2.522082574049089754e+00 1.500000000000000000e+00
-2.522082574049086645e+00 1.500000000000000000e+00
-2.515927987260317078e+00 1.500000000000000000e+00
-2.515927987260306420e+00 1.500000000000000000e+00
-2.441286531482083966e+00 1.500000000000000000e+00
-2.441286531482075972e+00 1.500000000000000000e+00
-2.421842804881632727e+00 1.500000000000000000e+00
-2.421842804881617628e+00 1.500000000000000000e+00
-2.308088238285875171e+00 1.500000000000000000e+00
-2.308088238285866733e+00 1.500000000000000000e+00
-2.208293241658628503e+00 1.500000000000000000e+00
-2.208293241658625394e+00 1.500000000000000000e+00
-2.202655307982162469e+00 1.500000000000000000e+00
-2.202655307982154920e+00 1.500000000000000000e+00
-2.160478433335192516e+00 1.500000000000000000e+00
-2.160478433335169424e+00 1.500000000000000000e+00
-2.082185248993262849e+00 1.500000000000000000e+00
-2.082185248993251303e+00 1.500000000000000000e+00
-2.042299837446275745e+00 1.500000000000000000e+00
-2.042299837446273969e+00 1.500000000000000000e+00
-2.020610031846833188e+00 1.500000000000000000e+00
-2.020610031846825194e+00 1.500000000000000000e+00
-1.975729617377409486e+00 1.500000000000000000e+00
-1.975729617377405711e+00 1.500000000000000000e+00
-1.960629087686285743e+00 1.500000000000000000e+00
-1.960629087686272864e+00 1.500000000000000000e+00
-1.952477539603001633e+00 1.500000000000000000e+00
-1.952477539602999412e+00 1.500000000000000000e+00
-1.941532242859024926e+00 1.500000000000000000e+00
-1.941532242859007384e+00 1.500000000000000000e+00
-1.910787292642263324e+00 1.500000000000000000e+00
-1.910787292642259327e+00 1.500000000000000000e+00
-1.815192043080408268e+00 1.500000000000000000e+00
-1.815192043080390727e+00 1.500000000000000000e+00
-1.800586223154590382e+00 1.500000000000000000e+00
-1.800586223154584609e+00 1.500000000000000000e+00
-1.798029408099428572e+00 1.500000000000000000e+00
-1.798029408099417470e+00 1.500000000000000000e+00
-1.743754659345073676e+00 1.500000000000000000e+00
-1.743754659345064795e+00 1.500000000000000000e+00
-1.719236830112551795e+00 1.500000000000000000e+00
-1.719236830112544689e+00 1.500000000000000000e+00
-1.689973842283571059e+00 1.500000000000000000e+00
-1.689973842283561067e+00 1.500000000000000000e+00
-1.607833703996679020e+00 1.500000000000000000e+00
-1.607833703996676578e+00 1.500000000000000000e+00
-1.589118020432781053e+00 1.500000000000000000e+00
-1.589118020432773726e+00 1.500000000000000000e+00
-1.585726592659959966e+00 1.500000000000000000e+00
-1.585726592659939094e+00 1.500000000000000000e+00
-1.547562369482339495e+00 1.500000000000000000e+00
-1.547562369482332834e+00 1.500000000000000000e+00
-1.519903517196273812e+00 1.500000000000000000e+00
-1.519903517196269371e+00 1.500000000000000000e+00
-1.519764969134986599e+00 1.500000000000000000e+00
-1.519764969134984822e+00 1.500000000000000000e+00
-1.496362074189012015e+00 1.500000000000000000e+00
-1.496362074189009350e+00 1.500000000000000000e+00
-1.471111316297727400e+00 1.500000000000000000e+00
-1.471111316297719851e+00 1.500000000000000000e+00
-1.432186427328316025e+00 1.500000000000000000e+00
-1.432186427328306477e+00 1.500000000000000000e+00
-1.420206822892005505e+00 1.500000000000000000e+00
-1.420206822892000620e+00 1.500000000000000000e+00
-1.406364750963333465e+00 1.500000000000000000e+00
-1.406364750963327248e+00 1.500000000000000000e+00
-1.405749228255495753e+00 1.500000000000000000e+00
-1.405749228255489314e+00 1.500000000000000000e+00
-1.378127610617189580e+00 1.500000000000000000e+00
-1.378127610617183585e+00 1.500000000000000000e+00
-1.308933055216891184e+00 1.500000000000000000e+00
-1.308933055216887409e+00 1.500000000000000000e+00
-1.228714229878487441e+00 1.500000000000000000e+00
-1.228714229878484110e+00 1.500000000000000000e+00
-1.212506605001231419e+00 1.500000000000000000e+00
-1.212506605001227200e+00 1.500000000000000000e+00
-1.176072944279547228e+00 1.500000000000000000e+00
-1.176072944279540344e+00 1.500000000000000000e+00
-1.138464260220688917e+00 1.500000000000000000e+00
-1.138464260220686919e+00 1.500000000000000000e+00
-1.092377429203316375e+00 1.500000000000000000e+00
-1.092377429203312378e+00 1.500000000000000000e+00
-1.084652006858146667e+00 1.500000000000000000e+00
-1.084652006858146223e+00 1.500000000000000000e+00
-1.082942276457568243e+00 1.500000000000000000e+00
-1.082942276457568020e+00 1.500000000000000000e+00
-1.071818450415219948e+00 1.500000000000000000e+00
-1.071818450415219059e+00 1.500000000000000000e+00
-1.024355320206185693e+00 1.500000000000000000e+00
-1.024355320206179476e+00 1.500000000000000000e+00
-9.992343575184671201e-01 1.500000000000000000e+00
-9.992343575184664539e-01 1.500000000000000000e+00
-9.915861565795939248e-01 1.500000000000000000e+00
-9.915861565795935917e-01 1.500000000000000000e+00
-9.767993881352787788e-01 1.500000000000000000e+00
-9.767993881352783347e-01 1.500000000000000000e+00
-9.746030900083045845e-01 1.500000000000000000e+00
-9.746030900082988113e-01 1.500000000000000000e+00
-9.742618402157895430e-01 1.500000000000000000e+00
-9.742618402157836588e-01 1.500000000000000000e+00
-9.495176250968024867e-01 1.500000000000000000e+00
-9.495176250968007103e-01 1.500000000000000000e+00
-9.346946372822059201e-01 1.500000000000000000e+00
-9.346946372822004800e-01 1.500000000000000000e+00
-9.285374075005800032e-01 1.500000000000000000e+00
-9.285374075005755623e-01 1.500000000000000000e+00
-9.257209709160825195e-01 1.500000000000000000e+00
-9.257209709160798550e-01 1.500000000000000000e+00
-9.246663986656241674e-01 1.500000000000000000e+00
-9.246663986656217249e-01 1.500000000000000000e+00
-9.147212109186326767e-01 1.500000000000000000e+00
-9.147212109186316775e-01 1.500000000000000000e+00
-8.802098238547736431e-01 1.500000000000000000e+00
-8.802098238547718667e-01 1.500000000000000000e+00
-8.695500317782851596e-01 1.500000000000000000e+00
-8.695500317782796085e-01 1.500000000000000000e+00
-8.574745458580794732e-01 1.500000000000000000e+00
-8.574745458580766977e-01 1.500000000000000000e+00
-8.515105131989164633e-01 1.500000000000000000e+00
-8.515105131989153531e-01 1.500000000000000000e+00
-8.030480513929016961e-01 1.500000000000000000e+00
-8.030480513928998088e-01 1.500000000000000000e+00
-8.029920920497050085e-01 1.500000000000000000e+00
-8.029920920497032322e-01 1.500000000000000000e+00
-7.865428944554684332e-01 1.500000000000000000e+00
-7.865428944554675450e-01 1.500000000000000000e+00
-7.763668167776689444e-01 1.500000000000000000e+00
-7.763668167776651696e-01 1.500000000000000000e+00
-7.291671786680185008e-01 1.500000000000000000e+00
-7.291671786680151701e-01 1.500000000000000000e+00
-7.078251055575388584e-01 1.500000000000000000e+00
-7.078251055575357498e-01 1.500000000000000000e+00
-6.991105217207367328e-01 1.500000000000000000e+00
-6.991105217207365108e-01 1.500000000000000000e+00
-6.441473450369670228e-01 1.500000000000000000e+00
-6.441473450369639142e-01 1.500000000000000000e+00
-6.035033855719068585e-01 1.500000000000000000e+00
-6.035033855719030838e-01 1.500000000000000000e+00
-5.942950550083438976e-01 1.500000000000000000e+00
-5.942950550083432315e-01 1.500000000000000000e+00
-5.769333182641684932e-01 1.500000000000000000e+00
-5.769333182641677160e-01 1.500000000000000000e+00
-5.488009411723460129e-01 1.500000000000000000e+00
-5.488009411723395736e-01 1.500000000000000000e+00
-5.363895635200768286e-01 1.500000000000000000e+00
-5.363895635200767176e-01 1.500000000000000000e+00
-5.115785176328769834e-01 1.500000000000000000e+00
-5.115785176328768724e-01 1.500000000000000000e+00
-4.884043624596290378e-01 1.500000000000000000e+00
-4.884043624596284827e-01 1.500000000000000000e+00
-4.807666454209729712e-01 1.500000000000000000e+00
-4.807666454209724716e-01 1.500000000000000000e+00
-4.781699112686604858e-01 1.500000000000000000e+00
-4.781699112686590980e-01 1.500000000000000000e+00
-4.751143357695540859e-01 1.500000000000000000e+00
-4.751143357695528646e-01 1.500000000000000000e+00
-4.665989635481211373e-01 1.500000000000000000e+00
-4.665989635481191944e-01 1.500000000000000000e+00
-4.483671535663656949e-01 1.500000000000000000e+00
-4.483671535663653618e-01 1.500000000000000000e+00
-4.483537754178635870e-01 1.500000000000000000e+00
-4.483537754178620882e-01 1.500000000000000000e+00
-4.423293635363951815e-01 1.500000000000000000e+00
-4.423293635363943488e-01 1.500000000000000000e+00
-4.423017036993636686e-01 1.500000000000000000e+00
-4.423017036993623363e-01 1.500000000000000000e+00
-4.118386848642611731e-01 1.500000000000000000e+00
-4.118386848642605624e-01 1.500000000000000000e+00
-3.904151242554049772e-01 1.500000000000000000e+00
-3.904151242554028123e-01 1.500000000000000000e+00
-3.461377798406302664e-01 1.500000000000000000e+00
-3.461377798406294337e-01 1.500000000000000000e+00
-3.395456962055398709e-01 1.500000000000000000e+00
-3.395456962055382055e-01 1.500000000000000000e+00
-3.391399816866814687e-01 1.500000000000000000e+00
-3.391399816866809136e-01 1.500000000000000000e+00
-3.307346965076796153e-01 1.500000000000000000e+00
-3.307346965076778944e-01 1.500000000000000000e+00
-3.083330096464688141e-01 1.500000000000000000e+00
-3.083330096464678705e-01 1.500000000000000000e+00
-2.929946391508149173e-01 1.500000000000000000e+00
-2.929946391508140846e-01 1.500000000000000000e+00
-2.843448265891956872e-01 1.500000000000000000e+00
-2.843448265891947435e-01 1.500000000000000000e+00
-2.801136978597817406e-01 1.500000000000000000e+00
-2.801136978597795202e-01 1.500000000000000000e+00
-2.723147946247680973e-01 1.500000000000000000e+00
-2.723147946247677642e-01 1.500000000000000000e+00
-2.650631749987027996e-01 1.500000000000000000e+00
-2.650631749987019670e-01 1.500000000000000000e+00
-2.586985641295421190e-01 1.500000000000000000e+00
-2.586985641295412308e-01 1.500000000000000000e+00
-2.404993938183681845e-01 1.500000000000000000e+00
-2.404993938183673519e-01 1.500000000000000000e+00
-2.259740704005487044e-01 1.500000000000000000e+00
-2.259740704005484546e-01 1.500000000000000000e+00
-2.242238782349098292e-01 1.500000000000000000e+00
-2.242238782349097459e-01 1.500000000000000000e+00
-2.107433981365092468e-01 1.500000000000000000e+00
-2.107433981365084974e-01 1.500000000000000000e+00
-1.766725144031784378e-01 1.500000000000000000e+00
-1.766725144031773831e-01 1.500000000000000000e+00
-1.443256731779814228e-01 1.500000000000000000e+00
-1.443256731779797020e-01 1.500000000000000000e+00
-1.145370624753826311e-01 1.500000000000000000e+00
-1.145370624753822425e-01 1.500000000000000000e+00
-1.073435771070754274e-01 1.500000000000000000e+00
-1.073435771070752054e-01 1.500000000000000000e+00
-9.572853413464521566e-02 1.500000000000000000e+00
-9.572853413464497974e-02 1.500000000000000000e+00
-3.338845626331903710e-02 1.500000000000000000e+00
-3.338845626331848199e-02 1.500000000000000000e+00
-3.257754422254007659e-02 1.500000000000000000e+00
-3.257754422253923698e-02 1.500000000000000000e+00
-3.255595962303666630e-02 1.500000000000000000e+00
-3.255595962303594465e-02 1.500000000000000000e+00
-2.262030741952656201e-02 1.500000000000000000e+00
-2.262030741952594445e-02 1.500000000000000000e+00
3.916029383167702466e-02 1.500000000000000000e+00
3.916029383167732997e-02 1.500000000000000000e+00
4.764946655330457720e-02 1.500000000000000000e+00
4.764946655330542374e-02 1.500000000000000000e+00
6.174667596782566770e-02 1.500000000000000000e+00
6.174667596782607015e-02 1.500000000000000000e+00
6.663777434305476199e-02 1.500000000000000000e+00
6.663777434305516445e-02 1.500000000000000000e+00
7.783631379703426223e-02 1.500000000000000000e+00
7.783631379703456754e-02 1.500000000000000000e+00
8.307230587008544720e-02 1.500000000000000000e+00
8.307230587008558598e-02 1.500000000000000000e+00
8.900039951885362066e-02 1.500000000000000000e+00
8.900039951885398148e-02 1.500000000000000000e+00
9.070647416387866979e-02 1.500000000000000000e+00
9.070647416387914164e-02 1.500000000000000000e+00
1.219708087918293105e-01 1.500000000000000000e+00
1.219708087918293660e-01 1.500000000000000000e+00
1.496150991004849551e-01 1.500000000000000000e+00
1.496150991004849828e-01 1.500000000000000000e+00
1.530391490925034348e-01 1.500000000000000000e+00
1.530391490925038789e-01 1.500000000000000000e+00
1.580596120058560816e-01 1.500000000000000000e+00
1.580596120058563037e-01 1.500000000000000000e+00
1.585116751743896046e-01 1.500000000000000000e+00
1.585116751743901042e-01 1.500000000000000000e+00
1.728330845773890789e-01 1.500000000000000000e+00
1.728330845773893842e-01 1.500000000000000000e+00
1.750566481608056557e-01 1.500000000000000000e+00
1.750566481608062108e-01 1.500000000000000000e+00
1.887782502680242225e-01 1.500000000000000000e+00
1.887782502680246388e-01 1.500000000000000000e+00
2.237578859529431030e-01 1.500000000000000000e+00
2.237578859529431863e-01 1.500000000000000000e+00
2.583384246070498103e-01 1.500000000000000000e+00
2.583384246070501433e-01 1.500000000000000000e+00
2.626459894194109745e-01 1.500000000000000000e+00
2.626459894194111411e-01 1.500000000000000000e+00
2.629459989787996665e-01 1.500000000000000000e+00
2.629459989788002772e-01 1.500000000000000000e+00
2.679987933945418566e-01 1.500000000000000000e+00
2.679987933945423006e-01 1.500000000000000000e+00
2.804027959144320681e-01 1.500000000000000000e+00
2.804027959144325122e-01 1.500000000000000000e+00
2.890437626973344498e-01 1.500000000000000000e+00
2.890437626973346164e-01 1.500000000000000000e+00
2.963152789918186980e-01 1.500000000000000000e+00
2.963152789918189756e-01 1.500000000000000000e+00
3.098303866675209406e-01 1.500000000000000000e+00
3.098303866675213292e-01 1.500000000000000000e+00
3.204737637886538315e-01 1.500000000000000000e+00
3.204737637886538870e-01 1.500000000000000000e+00
3.234879170724772046e-01 1.500000000000000000e+00
3.234879170724775932e-01 1.500000000000000000e+00
3.470142117004149651e-01 1.500000000000000000e+00
3.470142117004151872e-01 1.500000000000000000e+00
3.535591370497585539e-01 1.500000000000000000e+00
3.535591370497591646e-01 1.500000000000000000e+00
3.592183825606457548e-01 1.500000000000000000e+00
3.592183825606462544e-01 1.500000000000000000e+00
3.641005768897373485e-01 1.500000000000000000e+00
3.641005768897375150e-01 1.500000000000000000e+00
3.654659338367863830e-01 1.500000000000000000e+00
3.654659338367868826e-01 1.500000000000000000e+00
3.803385648751276826e-01 1.500000000000000000e+00
3.803385648751276826e-01 1.500000000000000000e+00
4.333172286129929329e-01 1.500000000000000000e+00
4.333172286129935991e-01 1.500000000000000000e+00
4.371362084455972519e-01 1.500000000000000000e+00
4.371362084455975294e-01 1.500000000000000000e+00
4.448911987868655049e-01 1.500000000000000000e+00
4.448911987868666151e-01 1.500000000000000000e+00
4.695478841165480199e-01 1.500000000000000000e+00
4.695478841165483530e-01 1.500000000000000000e+00
5.145777537823238434e-01 1.500000000000000000e+00
5.145777537823239545e-01 1.500000000000000000e+00
5.527870669884958899e-01 1.500000000000000000e+00
5.527870669884964450e-01 1.500000000000000000e+00
5.654737949432684374e-01 1.500000000000000000e+00
5.654737949432692146e-01 1.500000000000000000e+00
5.888498421833159302e-01 1.500000000000000000e+00
5.888498421833163743e-01 1.500000000000000000e+00
5.956944057062900644e-01 1.500000000000000000e+00
5.956944057062902864e-01 1.500000000000000000e+00
6.179818397067612379e-01 1.500000000000000000e+00
6.179818397067621261e-01 1.500000000000000000e+00
6.334629772638241674e-01 1.500000000000000000e+00
6.334629772638243894e-01 1.500000000000000000e+00
6.527214301215871206e-01 1.500000000000000000e+00
6.527214301215876757e-01 1.500000000000000000e+00
6.892322239642930670e-01 1.500000000000000000e+00
6.892322239642931780e-01 1.500000000000000000e+00
7.051680406033539183e-01 1.500000000000000000e+00
7.051680406033542514e-01 1.500000000000000000e+00
7.073567818627659598e-01 1.500000000000000000e+00
7.073567818627662929e-01 1.500000000000000000e+00
7.461014516733804891e-01 1.500000000000000000e+00
7.461014516733806001e-01 1.500000000000000000e+00
7.473175371466596051e-01 1.500000000000000000e+00
7.473175371466607153e-01 1.500000000000000000e+00
7.520745141417825019e-01 1.500000000000000000e+00
7.520745141417833901e-01 1.500000000000000000e+00
7.586658337608398472e-01 1.500000000000000000e+00
7.586658337608404024e-01 1.500000000000000000e+00
7.833280321094197030e-01 1.500000000000000000e+00
7.833280321094201470e-01 1.500000000000000000e+00
7.914266253460275902e-01 1.500000000000000000e+00
7.914266253460281453e-01 1.500000000000000000e+00
7.987228891341088266e-01 1.500000000000000000e+00
7.987228891341093817e-01 1.500000000000000000e+00
8.063307335862864855e-01 1.500000000000000000e+00
8.063307335862867076e-01 1.500000000000000000e+00
8.326814273654993270e-01 1.500000000000000000e+00
8.326814273654996601e-01 1.500000000000000000e+00
8.484845792072595039e-01 1.500000000000000000e+00
8.484845792072600590e-01 1.500000000000000000e+00
8.512372410713039406e-01 1.500000000000000000e+00
8.512372410713052728e-01 1.500000000000000000e+00
8.701098365806543278e-01 1.500000000000000000e+00
8.701098365806554380e-01 1.500000000000000000e+00
8.845431476294519646e-01 1.500000000000000000e+00
8.845431476294519646e-01 1.500000000000000000e+00
8.932058825985901285e-01 1.500000000000000000e+00
8.932058825985904615e-01 1.500000000000000000e+00
9.021424499103402050e-01 1.500000000000000000e+00
9.021424499103406491e-01 1.500000000000000000e+00
9.134773660670840734e-01 1.500000000000000000e+00
9.134773660670846285e-01 1.500000000000000000e+00
9.162800691818172583e-01 1.500000000000000000e+00
9.162800691818173693e-01 1.500000000000000000e+00
9.178800464513232615e-01 1.500000000000000000e+00
9.178800464513234836e-01 1.500000000000000000e+00
9.566079698461400493e-01 1.500000000000000000e+00
9.566079698461412706e-01 1.500000000000000000e+00
9.824597942965913600e-01 1.500000000000000000e+00
9.824597942965913600e-01 1.500000000000000000e+00
9.940406030043358321e-01 1.500000000000000000e+00
9.940406030043367203e-01 1.500000000000000000e+00
1.003879018976713722e+00 1.500000000000000000e+00
1.003879018976715498e+00 1.500000000000000000e+00
1.013008327531794484e+00 1.500000000000000000e+00
1.013008327531794706e+00 1.500000000000000000e+00
1.027395779672734211e+00 1.500000000000000000e+00
1.027395779672734433e+00 1.500000000000000000e+00
1.054321521804502337e+00 1.500000000000000000e+00
1.054321521804502337e+00 1.500000000000000000e+00
1.063534459973109358e+00 1.500000000000000000e+00
1.063534459973110913e+00 1.500000000000000000e+00
1.079944907557840006e+00 1.500000000000000000e+00
1.079944907557841338e+00 1.500000000000000000e+00
1.089236910213063680e+00 1.500000000000000000e+00
1.089236910213064569e+00 1.500000000000000000e+00
1.109772273146593324e+00 1.500000000000000000e+00
1.109772273146593768e+00 1.500000000000000000e+00
1.142566979866690646e+00 1.500000000000000000e+00
1.142566979866690646e+00 1.500000000000000000e+00
1.150705755927574403e+00 1.500000000000000000e+00
1.150705755927575513e+00 1.500000000000000000e+00
1.206559868777756117e+00 1.500000000000000000e+00
1.206559868777759226e+00 1.500000000000000000e+00
1.238875391573873941e+00 1.500000000000000000e+00
1.238875391573876161e+00 1.500000000000000000e+00
1.240079575608363793e+00 1.500000000000000000e+00
1.240079575608364237e+00 1.500000000000000000e+00
1.281348942585192496e+00 1.500000000000000000e+00
1.281348942585193607e+00 1.500000000000000000e+00
1.284464457382603397e+00 1.500000000000000000e+00
1.284464457382603397e+00 1.500000000000000000e+00
1.288750431532064589e+00 1.500000000000000000e+00
1.288750431532065477e+00 1.500000000000000000e+00
1.318128125805129836e+00 1.500000000000000000e+00
1.318128125805132056e+00 1.500000000000000000e+00
1.342418146458764783e+00 1.500000000000000000e+00
1.342418146458767669e+00 1.500000000000000000e+00
1.343469204631659197e+00 1.500000000000000000e+00
1.343469204631662084e+00 1.500000000000000000e+00
1.374322456589417207e+00 1.500000000000000000e+00
1.374322456589419206e+00 1.500000000000000000e+00
1.374556871361022781e+00 1.500000000000000000e+00
1.374556871361025889e+00 1.500000000000000000e+00
1.379230650497171418e+00 1.500000000000000000e+00
1.379230650497172972e+00 1.500000000000000000e+00
1.381245595906952950e+00 1.500000000000000000e+00
1.381245595906957391e+00 1.500000000000000000e+00
1.392408710714785558e+00 1.500000000000000000e+00
1.392408710714791997e+00 1.500000000000000000e+00
1.440101905865060816e+00 1.500000000000000000e+00
1.440101905865062148e+00 1.500000000000000000e+00
1.447853023982249354e+00 1.500000000000000000e+00
1.447853023982253351e+00 1.500000000000000000e+00
1.449685345218384214e+00 1.500000000000000000e+00
1.449685345218384880e+00 1.500000000000000000e+00
1.476885757797603116e+00 1.500000000000000000e+00
1.476885757797604892e+00 1.500000000000000000e+00
1.483363408160374597e+00 1.500000000000000000e+00
1.483363408160375263e+00 1.500000000000000000e+00
1.486429537678723767e+00 1.500000000000000000e+00
1.486429537678725765e+00 1.500000000000000000e+00
1.519165989065744959e+00 1.500000000000000000e+00
1.519165989065746736e+00 1.500000000000000000e+00
1.519604056471985931e+00 1.500000000000000000e+00
1.519604056471987263e+00 1.500000000000000000e+00
1.526189649612137211e+00 1.500000000000000000e+00
1.526189649612140764e+00 1.500000000000000000e+00
1.567644393943352865e+00 1.500000000000000000e+00
1.567644393943354642e+00 1.500000000000000000e+00
1.574694627868955310e+00 1.500000000000000000e+00
1.574694627868956642e+00 1.500000000000000000e+00
1.592934318877134992e+00 1.500000000000000000e+00
1.592934318877136546e+00 1.500000000000000000e+00
1.598468613017511419e+00 1.500000000000000000e+00
1.598468613017513196e+00 1.500000000000000000e+00
1.628113313104750270e+00 1.500000000000000000e+00
1.628113313104754045e+00 1.500000000000000000e+00
1.645998979261608097e+00 1.500000000000000000e+00
1.645998979261612982e+00 1.500000000000000000e+00
1.652240433135016007e+00 1.500000000000000000e+00
1.652240433135021780e+00 1.500000000000000000e+00
1.663051208401707726e+00 1.500000000000000000e+00
1.663051208401712833e+00 1.500000000000000000e+00
1.714185877644150313e+00 1.500000000000000000e+00
1.714185877644156086e+00 1.500000000000000000e+00
1.756103095252388391e+00 1.500000000000000000e+00
1.756103095252390833e+00 1.500000000000000000e+00
1.800605896581487952e+00 1.500000000000000000e+00
1.800605896581489063e+00 1.500000000000000000e+00
1.801352497685192899e+00 1.500000000000000000e+00
1.801352497685195564e+00 1.500000000000000000e+00
1.825052815404843765e+00 1.500000000000000000e+00
1.825052815404849316e+00 1.500000000000000000e+00
1.843470299870340057e+00 1.500000000000000000e+00
1.843470299870341167e+00 1.500000000000000000e+00
1.849804298360546273e+00 1.500000000000000000e+00
1.849804298360546717e+00 1.500000000000000000e+00
1.886710685831937573e+00 1.500000000000000000e+00
1.886710685831940237e+00 1.500000000000000000e+00
1.920843628230436195e+00 1.500000000000000000e+00
1.920843628230441968e+00 1.500000000000000000e+00
1.948889322507975974e+00 1.500000000000000000e+00
1.948889322507978639e+00 1.500000000000000000e+00
1.956398011647632718e+00 1.500000000000000000e+00
1.956398011647638269e+00 1.500000000000000000e+00
1.980654922651864380e+00 1.500000000000000000e+00
1.980654922651865268e+00 1.500000000000000000e+00
2.012323771188597288e+00 1.500000000000000000e+00
2.012323771188600396e+00 1.500000000000000000e+00
2.024080977063800635e+00 1.500000000000000000e+00
2.024080977063801079e+00 1.500000000000000000e+00
2.028161071538239657e+00 1.500000000000000000e+00
2.028161071538240101e+00 1.500000000000000000e+00
2.044835007954115991e+00 1.500000000000000000e+00
2.044835007954124428e+00 1.500000000000000000e+00
2.061670358943633818e+00 1.500000000000000000e+00
2.061670358943637815e+00 1.500000000000000000e+00
2.099890700415528944e+00 1.500000000000000000e+00
2.099890700415533829e+00 1.500000000000000000e+00
2.113115519920238050e+00 1.500000000000000000e+00
2.113115519920242935e+00 1.500000000000000000e+00
2.124918841198283115e+00 1.500000000000000000e+00
2.124918841198296882e+00 1.500000000000000000e+00
2.203073013685083570e+00 1.500000000000000000e+00
2.203073013685096004e+00 1.500000000000000000e+00
2.234990094136452221e+00 1.500000000000000000e+00
2.234990094136455774e+00 1.500000000000000000e+00
2.271471326316714112e+00 1.500000000000000000e+00
2.271471326316714556e+00 1.500000000000000000e+00
2.273790235366491164e+00 1.500000000000000000e+00
2.273790235366495160e+00 1.500000000000000000e+00
2.288914057016279813e+00 1.500000000000000000e+00
2.288914057016281145e+00 1.500000000000000000e+00
2.317080698376155379e+00 1.500000000000000000e+00
2.317080698376164261e+00 1.500000000000000000e+00
2.378779878965820771e+00 1.500000000000000000e+00
2.378779878965823436e+00 1.500000000000000000e+00
2.396974726398554356e+00 1.500000000000000000e+00
2.396974726398559685e+00 1.500000000000000000e+00
2.443930680798670707e+00 1.500000000000000000e+00
2.443930680798672039e+00 1.500000000000000000e+00
2.453474126969191094e+00 1.500000000000000000e+00
2.453474126969193758e+00 1.500000000000000000e+00
2.459116293244402396e+00 1.500000000000000000e+00
2.459116293244410834e+00 1.500000000000000000e+00
2.472512516282178829e+00 1.500000000000000000e+00
2.472512516282185491e+00 1.500000000000000000e+00
2.530901812081945312e+00 1.500000000000000000e+00
2.530901812081957303e+00 1.500000000000000000e+00
2.539133267801277238e+00 1.500000000000000000e+00
2.539133267801285232e+00 1.500000000000000000e+00
2.560038192202673812e+00 1.500000000000000000e+00
2.560038192202682250e+00 1.500000000000000000e+00
2.583780308189191022e+00 1.500000000000000000e+00
2.583780308189202124e+00 1.500000000000000000e+00
2.622405199552211297e+00 1.500000000000000000e+00
2.622405199552214849e+00 1.500000000000000000e+00
2.653465603374632220e+00 1.500000000000000000e+00
2.653465603374646875e+00 1.500000000000000000e+00
2.660470767722251662e+00 1.500000000000000000e+00
2.660470767722260099e+00 1.500000000000000000e+00
2.728103712964636607e+00 1.500000000000000000e+00
2.728103712964649930e+00 1.500000000000000000e+00
2.793770595032152748e+00 1.500000000000000000e+00
2.793770595032152748e+00 1.500000000000000000e+00
2.800986536741068011e+00 1.500000000000000000e+00
2.800986536741070676e+00 1.500000000000000000e+00
2.868302948493668403e+00 1.500000000000000000e+00
2.868302948493673732e+00 1.500000000000000000e+00
2.880374931464163346e+00 1.500000000000000000e+00
2.880374931464170896e+00 1.500000000000000000e+00
2.904842348557272746e+00 1.500000000000000000e+00
2.904842348557275855e+00 1.500000000000000000e+00
2.976432666703369367e+00 1.500000000000000000e+00
2.976432666703371144e+00 1.500000000000000000e+00
3.028260984324311789e+00 1.500000000000000000e+00
3.028260984324324667e+00 1.500000000000000000e+00
3.054363281900672966e+00 1.500000000000000000e+00
3.054363281900682736e+00 1.500000000000000000e+00
3.123068501091074811e+00 1.500000000000000000e+00
3.123068501091078364e+00 1.500000000000000000e+00
3.130149962708250744e+00 1.500000000000000000e+00
3.130149962708253852e+00 1.500000000000000000e+00
3.261911794824978283e+00 1.500000000000000000e+00
3.261911794824989386e+00 1.500000000000000000e+00
3.295765999176008432e+00 1.500000000000000000e+00
3.295765999176022198e+00 1.500000000000000000e+00
3.405490704431778148e+00 1.500000000000000000e+00
3.405490704431811011e+00 1.500000000000000000e+00
3.424021180141458842e+00 1.500000000000000000e+00
3.424021180141480158e+00 1.500000000000000000e+00
3.630412586946339282e+00 1.500000000000000000e+00
3.630412586946378362e+00 1.500000000000000000e+00
3.720902502781742616e+00 1.500000000000000000e+00
3.720902502781744392e+00 1.500000000000000000e+00
3.752234883318961600e+00 1.500000000000000000e+00
3.752234883318970482e+00 1.500000000000000000e+00
3.769592346448822795e+00 1.500000000000000000e+00
3.769592346448829012e+00 1.500000000000000000e+00
3.851193941605913551e+00 1.500000000000000000e+00
3.851193941605932203e+00 1.500000000000000000e+00
4.061466999483387852e+00 1.500000000000000000e+00
4.061466999483413609e+00 1.500000000000000000e+00
4.193834912257332626e+00 1.500000000000000000e+00
4.193834912257374370e+00 1.500000000000000000e+00
4.356734293098391220e+00 1.500000000000000000e+00
4.356734293098391220e+00 1.500000000000000000e+00
4.401468252250138491e+00 1.500000000000000000e+00
4.401468252250177571e+00 1.500000000000000000e+00
5.001875518001266840e+00 1.500000000000000000e+00
5.001875518001288157e+00 1.500000000000000000e+00
-2.897943797683821820e+00 5.000000000000000000e-01
-2.897943797683818712e+00 5.000000000000000000e-01
-2.573554879916157834e+00 5.000000000000000000e-01
-2.573554879916136962e+00 5.000000000000000000e-01
-2.498061815903878990e+00 5.000000000000000000e-01
-2.498061815903855898e+00 5.000000000000000000e-01
-2.382381813035041596e+00 5.000000000000000000e-01
-2.382381813035030493e+00 5.000000000000000000e-01
-2.319784138804989126e+00 5.000000000000000000e-01
-2.234636966495230137e+00 5.000000000000000000e-01
-2.234636966495219479e+00 5.000000000000000000e-01
-2.101477822285957142e+00 5.000000000000000000e-01
-2.101477822285954922e+00 5.000000000000000000e-01
-2.099995549245320170e+00 5.000000000000000000e-01
-2.099995549245299298e+00 5.000000000000000000e-01
-2.058951297884819898e+00 5.000000000000000000e-01
-2.058951297884816789e+00 5.000000000000000000e-01
-2.030824181877397105e+00 5.000000000000000000e-01
-2.030824181877392220e+00 5.000000000000000000e-01
-2.004160901857605204e+00 5.000000000000000000e-01
-2.004160901857586552e+00 5.000000000000000000e-01
-1.920666622255299938e+00 5.000000000000000000e-01
-1.920666622255297940e+00 5.000000000000000000e-01
-1.825673776093044820e+00 5.000000000000000000e-01
-1.825673776093039269e+00 5.000000000000000000e-01
-1.736849192394124053e+00 5.000000000000000000e-01
-1.736849192394106067e+00 5.000000000000000000e-01
-1.696572205801325506e+00 5.000000000000000000e-01
-1.696572205801325062e+00 5.000000000000000000e-01
-1.630089134737315204e+00 5.000000000000000000e-01
-1.630089134737310097e+00 5.000000000000000000e-01
-1.585353956264756725e+00 5.000000000000000000e-01
-1.585353956264746067e+00 5.000000000000000000e-01
-1.505237153882205359e+00 5.000000000000000000e-01
-1.505237153882205137e+00 5.000000000000000000e-01
-1.490720611905365312e+00 5.000000000000000000e-01
-1.490720611905363757e+00 5.000000000000000000e-01
-1.489174498387396461e+00 5.000000000000000000e-01
-1.489174498387388912e+00 5.000000000000000000e-01
-1.478889654712522761e+00 5.000000000000000000e-01
-1.478889654712518764e+00 5.000000000000000000e-01
-1.373514382269598100e+00 5.000000000000000000e-01
-1.373514382269592993e+00 5.000000000000000000e-01
-1.329961551100899531e+00 5.000000000000000000e-01
-1.329961551100898198e+00 5.000000000000000000e-01
-1.327041815655895185e+00 5.000000000000000000e-01
-1.327041815655883195e+00 5.000000000000000000e-01
-1.299093167447681996e+00 5.000000000000000000e-01
-1.299093167447674002e+00 5.000000000000000000e-01
-1.200346947762645167e+00 5.000000000000000000e-01
-1.200346947762644945e+00 5.000000000000000000e-01
-1.165164469740557873e+00 5.000000000000000000e-01
-1.165164469740555431e+00 5.000000000000000000e-01
-1.153483037769447384e+00 5.000000000000000000e-01
-1.153483037769442276e+00 5.000000000000000000e-01
-1.144488291766832422e+00 5.000000000000000000e-01
-1.144488291766831756e+00 5.000000000000000000e-01
-1.114708839853669309e+00 5.000000000000000000e-01
-1.114708839853666200e+00 5.000000000000000000e-01
-1.089150568006386877e+00 5.000000000000000000e-01
-1.089150568006382436e+00 5.000000000000000000e-01
-1.076117169213088198e+00 5.000000000000000000e-01
-1.076117169213080871e+00 5.000000000000000000e-01
-1.051311889913126629e+00 5.000000000000000000e-01
-1.051311889913126407e+00 5.000000000000000000e-01
-9.657829012394657520e-01 5.000000000000000000e-01
-9.657829012394616441e-01 5.000000000000000000e-01
-9.657770535395562295e-01 5.000000000000000000e-01
-9.657770535395514555e-01 5.000000000000000000e-01
-9.426831151769886619e-01 5.000000000000000000e-01
-9.426831151769803352e-01 5.000000000000000000e-01
-8.809437968750868375e-01 5.000000000000000000e-01
-8.809437968750818415e-01 5.000000000000000000e-01
-8.793662484615955011e-01 5.000000000000000000e-01
-8.793662484615936137e-01 5.000000000000000000e-01
-8.790828671862421784e-01 5.000000000000000000e-01
-8.790828671862415122e-01 5.000000000000000000e-01
-8.560134848505335237e-01 5.000000000000000000e-01
-8.560134848505326355e-01 5.000000000000000000e-01
-7.726542215690382909e-01 5.000000000000000000e-01
-7.726542215690321846e-01 5.000000000000000000e-01
-7.213774637036978188e-01 5.000000000000000000e-01
-7.213774637036954873e-01 5.000000000000000000e-01
-6.951418098691901637e-01 5.000000000000000000e-01
-6.951418098691869440e-01 5.000000000000000000e-01
-6.907983158392982936e-01 5.000000000000000000e-01
-6.907983158392930756e-01 5.000000000000000000e-01
-6.759520768385554046e-01 5.000000000000000000e-01
-6.759520768385538503e-01 5.000000000000000000e-01
-6.045795198001121529e-01 5.000000000000000000e-01
-6.045795198001120418e-01 5.000000000000000000e-01
-5.832214524810035439e-01 5.000000000000000000e-01
-5.832214524810022116e-01 5.000000000000000000e-01
-5.748837469057206384e-01 5.000000000000000000e-01
-5.748837469057205274e-01 5.000000000000000000e-01
-5.676723636899951853e-01 5.000000000000000000e-01
-5.676723636899936309e-01 5.000000000000000000e-01
-5.392227322439344661e-01 5.000000000000000000e-01
-5.392227322439340220e-01 5.000000000000000000e-01
-5.378239669431461589e-01 5.000000000000000000e-01
-5.373347595086740425e-01 5.000000000000000000e-01
-5.373347595086727102e-01 5.000000000000000000e-01
-4.986160250830252161e-01 5.000000000000000000e-01
-4.986160250830246610e-01 5.000000000000000000e-01
-4.441830055215112982e-01 5.000000000000000000e-01
-4.441830055215076345e-01 5.000000000000000000e-01
-4.427264468917645468e-01 5.000000000000000000e-01
-4.427264468917604945e-01 5.000000000000000000e-01
-4.296819882319568573e-01 5.000000000000000000e-01
-4.296819882319563577e-01 5.000000000000000000e-01
-4.287071811817859679e-01 5.000000000000000000e-01
-4.287071811817838030e-01 5.000000000000000000e-01
-4.065366925472921333e-01 5.000000000000000000e-01
-4.065366925472916337e-01 5.000000000000000000e-01
-3.896577617820918271e-01 5.000000000000000000e-01
-3.896577617820903283e-01 5.000000000000000000e-01
-3.759007080308938153e-01 5.000000000000000000e-01
-3.759007080308922610e-01 5.000000000000000000e-01
-3.607694972971851044e-01 5.000000000000000000e-01
-3.607694972971834391e-01 5.000000000000000000e-01
-3.566271017910284669e-01 5.000000000000000000e-01
-3.566271017910283558e-01 5.000000000000000000e-01
-3.257867859100053720e-01 5.000000000000000000e-01
-3.257867859100047059e-01 5.000000000000000000e-01
-2.897081173295489309e-01 5.000000000000000000e-01
-2.897081173295468215e-01 5.000000000000000000e-01
-2.323536856214367674e-01 5.000000000000000000e-01
-2.323536856214340196e-01 5.000000000000000000e-01
-1.973126550325916551e-01 5.000000000000000000e-01
-1.973126550325910722e-01 5.000000000000000000e-01
-1.535349133317491510e-01 5.000000000000000000e-01
-1.535349133317488735e-01 5.000000000000000000e-01
-1.472304761799349548e-01 5.000000000000000000e-01
-1.472304761799344275e-01 5.000000000000000000e-01
-1.296902538130171589e-01 5.000000000000000000e-01
-1.296902538130160765e-01 5.000000000000000000e-01
-1.110245291572240084e-01 5.000000000000000000e-01
-1.110245291572228149e-01 5.000000000000000000e-01
-1.103785536509253873e-01 5.000000000000000000e-01
-1.103785536509229587e-01 5.000000000000000000e-01
-7.079811354465574691e-02 5.000000000000000000e-01
-7.079811354465515016e-02 5.000000000000000000e-01
-2.193541447307392062e-02 5.000000000000000000e-01
-2.193541447307289366e-02 5.000000000000000000e-01
-1.640745253229821754e-03 5.000000000000000000e-01
-1.640745253228465201e-03 5.000000000000000000e-01
1.521058787422214023e-02 5.000000000000000000e-01
1.521058787422373618e-02 5.000000000000000000e-01
3.973594531419023801e-02 5.000000000000000000e-01
3.973594531419086945e-02 5.000000000000000000e-01
4.153008577757683062e-02 5.000000000000000000e-01
4.153008577757713593e-02 5.000000000000000000e-01
4.158183673002856934e-02 5.000000000000000000e-01
4.158183673002902037e-02 5.000000000000000000e-01
7.055523557047305161e-02 5.000000000000000000e-01
7.055523557047345407e-02 5.000000000000000000e-01
9.964993169336394674e-02 5.000000000000000000e-01
9.964993169336416878e-02 5.000000000000000000e-01
1.029452680184657215e-01 5.000000000000000000e-01
1.029452680184660823e-01 5.000000000000000000e-01
1.054786697542833829e-01 5.000000000000000000e-01
1.054786697542835078e-01 5.000000000000000000e-01
1.224332353822961406e-01 5.000000000000000000e-01
1.224332353822967095e-01 5.000000000000000000e-01
1.253987176009786209e-01 5.000000000000000000e-01
1.253987176009792037e-01 5.000000000000000000e-01
1.526233970139674045e-01 5.000000000000000000e-01
1.526233970139682095e-01 5.000000000000000000e-01
1.682645886296558757e-01 5.000000000000000000e-01
1.682645886296562088e-01 5.000000000000000000e-01
1.821457692957855201e-01 5.000000000000000000e-01
1.821457692957863528e-01 5.000000000000000000e-01
1.870098164923256201e-01 5.000000000000000000e-01
1.870098164923257589e-01 5.000000000000000000e-01
2.412848621258611437e-01 5.000000000000000000e-01
2.412848621258621706e-01 5.000000000000000000e-01
2.503066089446876474e-01 5.000000000000000000e-01
2.503066089446877029e-01 5.000000000000000000e-01
2.811592481539617605e-01 5.000000000000000000e-01
2.811592481539623711e-01 5.000000000000000000e-01
2.840047392372710422e-01 5.000000000000000000e-01
2.840047392372714308e-01 5.000000000000000000e-01
3.164761770308529010e-01 5.000000000000000000e-01
3.164761770308530120e-01 5.000000000000000000e-01
3.239471922998135023e-01 5.000000000000000000e-01
3.239471922998141129e-01 5.000000000000000000e-01
3.616159427073836197e-01 5.000000000000000000e-01
3.616159427073838972e-01 5.000000000000000000e-01
5.123339463166570740e-01 5.000000000000000000e-01
5.123339463166579622e-01 5.000000000000000000e-01
5.298571534628870872e-01 5.000000000000000000e-01
5.298571534628871982e-01 5.000000000000000000e-01
5.351021570896453694e-01 5.000000000000000000e-01
5.351021570896455914e-01 5.000000000000000000e-01
5.408516187660017405e-01 5.000000000000000000e-01
5.408516187660022956e-01 5.000000000000000000e-01
5.531815996953494130e-01 5.000000000000000000e-01
5.531815996953497461e-01 5.000000000000000000e-01
5.700945071831707844e-01 5.000000000000000000e-01
5.700945071831711175e-01 5.000000000000000000e-01
5.828529865411345989e-01 5.000000000000000000e-01
5.828529865411347100e-01 5.000000000000000000e-01
5.851534177707353734e-01 5.000000000000000000e-01
5.851534177707359285e-01 5.000000000000000000e-01
5.971658509786835767e-01 5.000000000000000000e-01
5.971658509786846869e-01 5.000000000000000000e-01
6.149436861689357992e-01 5.000000000000000000e-01
6.149436861689359102e-01 5.000000000000000000e-01
6.428976416604814670e-01 5.000000000000000000e-01
6.428976416604818001e-01 5.000000000000000000e-01
6.581679789147043547e-01 5.000000000000000000e-01
6.581679789147049098e-01 5.000000000000000000e-01
6.691320396220042932e-01 5.000000000000000000e-01
6.691320396220048483e-01 5.000000000000000000e-01
6.738521610843893894e-01 5.000000000000000000e-01
6.738521610843896115e-01 5.000000000000000000e-01
7.072712067210354947e-01 5.000000000000000000e-01
7.072712067210359388e-01 5.000000000000000000e-01
7.208764430101198828e-01 5.000000000000000000e-01
7.208764430101202159e-01 5.000000000000000000e-01
7.445803096416767630e-01 5.000000000000000000e-01
7.445803096416772071e-01 5.000000000000000000e-01
7.500000000000019984e-01 5.000000000000000000e-01
7.538247720588711065e-01 5.000000000000000000e-01
7.538247720588718837e-01 5.000000000000000000e-01
7.840201448008216056e-01 5.000000000000000000e-01
7.840201448008217167e-01 5.000000000000000000e-01
8.400496476958669856e-01 5.000000000000000000e-01
8.400496476958670966e-01 5.000000000000000000e-01
8.434689265649671919e-01 5.000000000000000000e-01
8.434689265649674139e-01 5.000000000000000000e-01
8.660620416821054324e-01 5.000000000000000000e-01
8.660620416821062095e-01 5.000000000000000000e-01
8.796105927482685827e-01 5.000000000000000000e-01
8.796105927482692488e-01 5.000000000000000000e-01
8.829929876067881267e-01 5.000000000000000000e-01
8.829929876067884598e-01 5.000000000000000000e-01
9.003028932259943273e-01 5.000000000000000000e-01
9.003028932259951045e-01 5.000000000000000000e-01
9.030382649722498156e-01 5.000000000000000000e-01
9.030382649722502597e-01 5.000000000000000000e-01
9.147214294498476894e-01 5.000000000000000000e-01
9.147214294498483556e-01 5.000000000000000000e-01
9.580754799073090133e-01 5.000000000000000000e-01
9.580754799073092354e-01 5.000000000000000000e-01
1.001625300474507041e+00 5.000000000000000000e-01
1.001625300474508817e+00 5.000000000000000000e-01
1.056083095568273622e+00 5.000000000000000000e-01
1.056083095568274066e+00 5.000000000000000000e-01
1.078428104250277242e+00 5.000000000000000000e-01
1.078428104250277242e+00 5.000000000000000000e-01
1.078705069228339308e+00 5.000000000000000000e-01
1.078705069228340196e+00 5.000000000000000000e-01
1.082037537732693178e+00 5.000000000000000000e-01
1.082037537732694732e+00 5.000000000000000000e-01
1.146114238851192013e+00 5.000000000000000000e-01
1.146114238851192679e+00 5.000000000000000000e-01
1.146451207339275191e+00 5.000000000000000000e-01
1.146451207339277190e+00 5.000000000000000000e-01
1.148186620460010188e+00 5.000000000000000000e-01
1.148186620460010854e+00 5.000000000000000000e-01
1.154109588599552261e+00 5.000000000000000000e-01
1.154109588599553815e+00 5.000000000000000000e-01
1.189238466875542688e+00 5.000000000000000000e-01
1.189238466875544020e+00 5.000000000000000000e-01
1.231497416896418562e+00 5.000000000000000000e-01
1.231497416896419450e+00 5.000000000000000000e-01
1.242495086943067983e+00 5.000000000000000000e-01
1.242495086943069316e+00 5.000000000000000000e-01
1.250769572596374113e+00 5.000000000000000000e-01
1.250769572596374779e+00 5.000000000000000000e-01
1.259422541850872213e+00 5.000000000000000000e-01
1.259422541850872435e+00 5.000000000000000000e-01
1.280286051796511559e+00 5.000000000000000000e-01
1.280286051796514446e+00 5.000000000000000000e-01
1.368751961612596491e+00 5.000000000000000000e-01
1.368751961612599155e+00 5.000000000000000000e-01
1.382288539850883513e+00 5.000000000000000000e-01
1.382288539850884623e+00 5.000000000000000000e-01
1.390344149021737863e+00 5.000000000000000000e-01
1.390344149021737863e+00 5.000000000000000000e-01
1.397730371959058582e+00 5.000000000000000000e-01
1.397730371959058804e+00 5.000000000000000000e-01
1.402332304348210767e+00 5.000000000000000000e-01
1.402332304348211434e+00 5.000000000000000000e-01
1.421650182132113249e+00 5.000000000000000000e-01
1.421650182132116358e+00 5.000000000000000000e-01
1.422194220541262100e+00 5.000000000000000000e-01
1.422194220541264986e+00 5.000000000000000000e-01
1.447060373869193617e+00 5.000000000000000000e-01
1.447060373869196281e+00 5.000000000000000000e-01
1.468847233611113579e+00 5.000000000000000000e-01
1.468847233611115355e+00 5.000000000000000000e-01
1.487408701886858031e+00 5.000000000000000000e-01
1.487408701886858697e+00 5.000000000000000000e-01
1.514909480676320586e+00 5.000000000000000000e-01
1.514909480676322140e+00 5.000000000000000000e-01
1.539503479962225807e+00 5.000000000000000000e-01
1.539503479962228472e+00 5.000000000000000000e-01
1.568683180328814153e+00 5.000000000000000000e-01
1.568683180328815485e+00 5.000000000000000000e-01
1.619847901000108559e+00 5.000000000000000000e-01
1.619847901000112778e+00 5.000000000000000000e-01
1.620453837972302358e+00 5.000000000000000000e-01
1.677060851413313181e+00 5.000000000000000000e-01
1.677060851413314513e+00 5.000000000000000000e-01
1.692193654123893998e+00 5.000000000000000000e-01
1.692193654123895108e+00 5.000000000000000000e-01
1.719402105688524696e+00 5.000000000000000000e-01
1.719402105688526250e+00 5.000000000000000000e-01
1.753253939113601279e+00 5.000000000000000000e-01
1.753253939113602167e+00 5.000000000000000000e-01
1.780295061270280588e+00 5.000000000000000000e-01
1.780295061270282808e+00 5.000000000000000000e-01
1.787046274980349514e+00 5.000000000000000000e-01
1.787046274980351734e+00 5.000000000000000000e-01
1.833275013285572630e+00 5.000000000000000000e-01
1.833275013285575739e+00 5.000000000000000000e-01
1.851183811129219814e+00 5.000000000000000000e-01
1.851183811129223589e+00 5.000000000000000000e-01
1.865006102793363096e+00 5.000000000000000000e-01
1.865006102793365983e+00 5.000000000000000000e-01
1.885428977435114950e+00 5.000000000000000000e-01
1.885428977435119613e+00 5.000000000000000000e-01
1.962308970688286580e+00 5.000000000000000000e-01
1.962308970688291465e+00 5.000000000000000000e-01
1.987099562318147550e+00 5.000000000000000000e-01
1.987099562318149770e+00 5.000000000000000000e-01
1.988981196396312212e+00 5.000000000000000000e-01
1.988981196396313322e+00 5.000000000000000000e-01
1.991414575106181362e+00 5.000000000000000000e-01
1.991414575106184692e+00 5.000000000000000000e-01
1.992057851306053617e+00 5.000000000000000000e-01
1.992057851306060057e+00 5.000000000000000000e-01
2.021822521569351938e+00 5.000000000000000000e-01
2.021822521569351938e+00 5.000000000000000000e-01
2.053169475325040683e+00 5.000000000000000000e-01
2.053169475325040683e+00 5.000000000000000000e-01
2.069905533072773807e+00 5.000000000000000000e-01
2.069905533072780912e+00 5.000000000000000000e-01
2.086268809083826170e+00 5.000000000000000000e-01
2.086268809083826614e+00 5.000000000000000000e-01
2.110873487410263927e+00 5.000000000000000000e-01
2.110873487410266591e+00 5.000000000000000000e-01
2.120521426811307286e+00 5.000000000000000000e-01
2.120521426811311283e+00 5.000000000000000000e-01
2.216646635675222576e+00 5.000000000000000000e-01
2.216646635675223020e+00 5.000000000000000000e-01
2.248606576248394440e+00 5.000000000000000000e-01
2.248606576248399325e+00 5.000000000000000000e-01
2.256299604000520098e+00 5.000000000000000000e-01
2.256299604000524539e+00 5.000000000000000000e-01
2.302829323724640886e+00 5.000000000000000000e-01
2.302829323724642219e+00 5.000000000000000000e-01
2.343787211371199053e+00 5.000000000000000000e-01
2.343787211371205270e+00 5.000000000000000000e-01
2.400053511426617270e+00 5.000000000000000000e-01
2.400053511426618158e+00 5.000000000000000000e-01
2.452796584279950842e+00 5.000000000000000000e-01
2.452796584279953063e+00 5.000000000000000000e-01
2.493056919032622165e+00 5.000000000000000000e-01
2.493056919032631047e+00 5.000000000000000000e-01
2.508293400319858701e+00 5.000000000000000000e-01
2.508293400319868915e+00 5.000000000000000000e-01
2.566679592831958789e+00 5.000000000000000000e-01
2.566679592831961898e+00 5.000000000000000000e-01
2.590543033168533071e+00 5.000000000000000000e-01
2.590543033168533960e+00 5.000000000000000000e-01
2.632965834546391992e+00 5.000000000000000000e-01
2.632965834546393324e+00 5.000000000000000000e-01
2.655777711049122303e+00 5.000000000000000000e-01
2.655777711049132073e+00 5.000000000000000000e-01
2.659430176089268461e+00 5.000000000000000000e-01
2.659430176089281783e+00 5.000000000000000000e-01
2.663961498689306318e+00 5.000000000000000000e-01
2.663961498689309870e+00 5.000000000000000000e-01
2.800137047134520607e+00 5.000000000000000000e-01
2.800137047134525936e+00 5.000000000000000000e-01
2.861720768077946619e+00 5.000000000000000000e-01
2.861720768077962607e+00 5.000000000000000000e-01
2.885968122699019478e+00 5.000000000000000000e-01
2.885968122699027028e+00 5.000000000000000000e-01
2.906161989868589313e+00 5.000000000000000000e-01
2.906161989868601303e+00 5.000000000000000000e-01
3.035576072489167387e+00 5.000000000000000000e-01
3.035576072489169164e+00 5.000000000000000000e-01
3.045390049589120185e+00 5.000000000000000000e-01
3.045390049589130399e+00 5.000000000000000000e-01
3.074558920068859447e+00 5.000000000000000000e-01
3.074558920068866996e+00 5.000000000000000000e-01
3.083333511177575481e+00 5.000000000000000000e-01
3.083333511177576813e+00 5.000000000000000000e-01
3.086493322995484956e+00 5.000000000000000000e-01
3.086493322995503608e+00 5.000000000000000000e-01
3.154792592077613644e+00 5.000000000000000000e-01
3.154792592077621638e+00 5.000000000000000000e-01
3.167978231865153482e+00 5.000000000000000000e-01
3.167978231865166805e+00 5.000000000000000000e-01
3.355692894093712741e+00 5.000000000000000000e-01
3.355692894093713186e+00 5.000000000000000000e-01
3.356238874118597337e+00 5.000000000000000000e-01
3.356238874118599558e+00 5.000000000000000000e-01
3.368222352095360250e+00 5.000000000000000000e-01
3.368222352095372685e+00 5.000000000000000000e-01
3.482109332240358235e+00 5.000000000000000000e-01
3.482109332240367561e+00 5.000000000000000000e-01
3.578368733616343444e+00 5.000000000000000000e-01
3.578368733616355435e+00 5.000000000000000000e-01
3.619159468608459385e+00 5.000000000000000000e-01
3.619159468608462049e+00 5.000000000000000000e-01
3.771740109829647913e+00 5.000000000000000000e-01
3.771740109829662124e+00 5.000000000000000000e-01
3.838128317888460650e+00 5.000000000000000000e-01
3.838128317888472196e+00 5.000000000000000000e-01
3.939983244747974123e+00 5.000000000000000000e-01
3.939983244747980784e+00 5.000000000000000000e-01
4.065069449793772272e+00 5.000000000000000000e-01
4.065069449793779377e+00 5.000000000000000000e-01
4.237154267775841809e+00 5.000000000000000000e-01
4.245741671587635935e+00 5.000000000000000000e-01
4.245741671587636823e+00 5.000000000000000000e-01
4.418339553629442307e+00 5.000000000000000000e-01
4.418339553629452077e+00 5.000000000000000000e-01
4.656764578847012004e+00 5.000000000000000000e-01
4.656764578847017333e+00 5.000000000000000000e-01
4.920494471642895107e+00 5.000000000000000000e-01
4.920494471642904877e+00 5.000000000000000000e-01
5.629584329744311333e+00 5.000000000000000000e-01
5.629584329744314886e+00 5.000000000000000000e-01
