# Runtime: 10.313303470611572
-1.500000000000000444e+00 3.000000000000000000e+00
-1.000000000000000666e+00 2.000000000000000000e+00
-1.000000000000000000e+00 2.000000000000000000e+00
-2.839988044151615972e-16 2.000000000000000000e+00
5.406836687511048706e-16 2.000000000000000000e+00
5.000000000000002220e-01 2.000000000000000000e+00
-7.807764064044154795e-01 1.000000000000000000e+00
-7.807764064044151464e-01 1.000000000000000000e+00
-5.000000000000001110e-01 1.000000000000000000e+00
-1.180339887498946805e-01 1.000000000000000000e+00
1.000000000000000666e+00 1.000000000000000000e+00
1.000000000000001110e+00 1.000000000000000000e+00
1.280776406404415368e+00 1.000000000000000000e+00
1.280776406404416035e+00 1.000000000000000000e+00
2.118033988749895791e+00 1.000000000000000000e+00
-8.027756377319948955e-01 0.000000000000000000e+00
5.000000000000003331e-01 0.000000000000000000e+00
5.000000000000005551e-01 0.000000000000000000e+00
1.500000000000000888e+00 0.000000000000000000e+00
2.802775637731994784e+00 0.000000000000000000e+00
