# Runtime: 10.906846761703491
-1.250000000000000888e+00 4.000000000000000000e+00
-1.919115389584346465e+00 3.000000000000000000e+00
-1.136272146542633310e+00 3.000000000000000000e+00
-8.702947715268166684e-01 3.000000000000000000e+00
-5.993736768543773685e-01 3.000000000000000000e+00
1.432766014705617007e-02 3.000000000000000000e+00
2.113066822940470602e-01 3.000000000000000000e+00
5.494216420670672285e-01 3.000000000000000000e+00
-1.988501972948506724e+00 2.000000000000000000e+00
-1.665167869398262557e+00 2.000000000000000000e+00
-1.133407806773900850e+00 2.000000000000000000e+00
-1.029181826751128570e+00 2.000000000000000000e+00
-1.004130140147926342e+00 2.000000000000000000e+00
-7.301751319659328665e-01 2.000000000000000000e+00
-5.240236233964415957e-01 2.000000000000000000e+00
-3.905440891059941966e-01 2.000000000000000000e+00
-3.259691000228486790e-01 2.000000000000000000e+00
-1.142702143925090758e-01 2.000000000000000000e+00
6.944551437801338434e-02 2.000000000000000000e+00
2.579083600364612816e-01 2.000000000000000000e+00
3.657900784089419544e-01 2.000000000000000000e+00
4.755286659540662320e-01 2.000000000000000000e+00
7.824967524597717938e-01 2.000000000000000000e+00
8.549420020527441766e-01 2.000000000000000000e+00
1.002282767368334770e+00 2.000000000000000000e+00
1.472787500904255253e+00 2.000000000000000000e+00
1.617379606912842771e+00 2.000000000000000000e+00
2.006810526428022268e+00 2.000000000000000000e+00
-2.023506686513209640e+00 1.000000000000000000e+00
-1.694065415417725928e+00 1.000000000000000000e+00
-1.342338755419409502e+00 1.000000000000000000e+00
-1.076216797842341366e+00 1.000000000000000000e+00
-8.757780638455150424e-01 1.000000000000000000e+00
-8.363571511453039564e-01 1.000000000000000000e+00
-5.695136197614519835e-01 1.000000000000000000e+00
-4.111303208785724306e-01 1.000000000000000000e+00
-3.448408110759937362e-01 1.000000000000000000e+00
-2.250439468125983444e-01 1.000000000000000000e+00
-3.773562234585609021e-02 1.000000000000000000e+00
1.057081941031112471e-01 1.000000000000000000e+00
1.824246681746210796e-01 1.000000000000000000e+00
2.338523876949964442e-01 1.000000000000000000e+00
5.205157077245549102e-01 1.000000000000000000e+00
5.342043212870923874e-01 1.000000000000000000e+00
5.650597130235788246e-01 1.000000000000000000e+00
7.287766209325353683e-01 1.000000000000000000e+00
8.584140400799549209e-01 1.000000000000000000e+00
9.749927204735676645e-01 1.000000000000000000e+00
1.135355998778043718e+00 1.000000000000000000e+00
1.242714395574403108e+00 1.000000000000000000e+00
1.436477637004630381e+00 1.000000000000000000e+00
1.669405117518611315e+00 1.000000000000000000e+00
1.773543182880355618e+00 1.000000000000000000e+00
2.061190814943254956e+00 1.000000000000000000e+00
2.340587799759556109e+00 1.000000000000000000e+00
3.073303871105117047e+00 1.000000000000000000e+00
-1.706260944588584128e+00 0.000000000000000000e+00
-1.094765273137608075e+00 0.000000000000000000e+00
-6.224039622715800135e-01 0.000000000000000000e+00
-4.854628970922442721e-01 0.000000000000000000e+00
-3.695278074313452787e-01 0.000000000000000000e+00
-2.682832885145958884e-02 0.000000000000000000e+00
3.945918975334257728e-01 0.000000000000000000e+00
7.205821052565708484e-01 0.000000000000000000e+00
8.073658112098153206e-01 0.000000000000000000e+00
1.200323265521958671e+00 0.000000000000000000e+00
1.594163495291834654e+00 0.000000000000000000e+00
1.921394434884537983e+00 0.000000000000000000e+00
2.304036569494566145e+00 0.000000000000000000e+00
2.862791634180119615e+00 0.000000000000000000e+00
