# Runtime: 15.001689910888672
-2.000000000000000444e+00 5.500000000000000000e+00
-2.666700111384364469e+00 4.500000000000000000e+00
-1.941193401891420312e+00 4.500000000000000000e+00
-1.836554410463803411e+00 4.500000000000000000e+00
-1.566140491339115037e+00 4.500000000000000000e+00
-1.361489725968370479e+00 4.500000000000000000e+00
-1.040369346064825562e+00 4.500000000000000000e+00
-7.273027913694548596e-01 4.500000000000000000e+00
-5.192778513473506052e-01 4.500000000000000000e+00
-2.019355430587292388e-01 4.500000000000000000e+00
-1.390363271125719946e-01 4.500000000000000000e+00
-2.716108733160263355e+00 3.500000000000000000e+00
-2.509043098117346826e+00 3.500000000000000000e+00
-2.408696873925567861e+00 3.500000000000000000e+00
-2.036086352936534727e+00 3.500000000000000000e+00
-1.875617707310862636e+00 3.500000000000000000e+00
-1.778848622372196653e+00 3.500000000000000000e+00
-1.769697195322867511e+00 3.500000000000000000e+00
-1.662490345315611684e+00 3.500000000000000000e+00
-1.515658431258825933e+00 3.500000000000000000e+00
-1.478104600921127387e+00 3.500000000000000000e+00
-1.416840757791633321e+00 3.500000000000000000e+00
-1.302024752848201405e+00 3.500000000000000000e+00
-1.256149961883499699e+00 3.500000000000000000e+00
-1.176591141312274269e+00 3.500000000000000000e+00
-1.116567811160229962e+00 3.500000000000000000e+00
-1.007304465860727083e+00 3.500000000000000000e+00
-9.691099307153545617e-01 3.500000000000000000e+00
-9.035400311828706288e-01 3.500000000000000000e+00
-8.373350741774460149e-01 3.500000000000000000e+00
-7.184241983103711870e-01 3.500000000000000000e+00
-6.743838395664384366e-01 3.500000000000000000e+00
-6.153148716265094409e-01 3.500000000000000000e+00
-4.840322127794143836e-01 3.500000000000000000e+00
-4.317546157640571036e-01 3.500000000000000000e+00
-3.628458456038450297e-01 3.500000000000000000e+00
-3.073922088305936495e-01 3.500000000000000000e+00
-2.492626503774937052e-01 3.500000000000000000e+00
-1.194374662501296036e-01 3.500000000000000000e+00
-4.718289250949748992e-02 3.500000000000000000e+00
7.843616919469413584e-02 3.500000000000000000e+00
8.422144611360267430e-02 3.500000000000000000e+00
1.013019987561674801e-01 3.500000000000000000e+00
1.910772783542978304e-01 3.500000000000000000e+00
2.576404555975438937e-01 3.500000000000000000e+00
2.714138708949457302e-01 3.500000000000000000e+00
4.702231476472271687e-01 3.500000000000000000e+00
6.287951336781578693e-01 3.500000000000000000e+00
7.395728384351161200e-01 3.500000000000000000e+00
7.556815951507805940e-01 3.500000000000000000e+00
8.800171765870246077e-01 3.500000000000000000e+00
1.125195726022006903e+00 3.500000000000000000e+00
1.223511438441279964e+00 3.500000000000000000e+00
1.279967013349906813e+00 3.500000000000000000e+00
1.658791400969035879e+00 3.500000000000000000e+00
-2.743684038665182623e+00 2.500000000000000000e+00
-2.529266273123668807e+00 2.500000000000000000e+00
-2.434114300034082579e+00 2.500000000000000000e+00
-2.312260662412641388e+00 2.500000000000000000e+00
-2.233177778029941773e+00 2.500000000000000000e+00
-2.088712826200184836e+00 2.500000000000000000e+00
-2.066177815189091493e+00 2.500000000000000000e+00
-1.912354725344995288e+00 2.500000000000000000e+00
-1.818033650832691084e+00 2.500000000000000000e+00
-1.797998130333570144e+00 2.500000000000000000e+00
-1.771740252548130501e+00 2.500000000000000000e+00
-1.697105587542577343e+00 2.500000000000000000e+00
-1.613512471608492316e+00 2.500000000000000000e+00
-1.582610808299724336e+00 2.500000000000000000e+00
-1.513131465141823284e+00 2.500000000000000000e+00
-1.473208577598191127e+00 2.500000000000000000e+00
-1.451941498222959481e+00 2.500000000000000000e+00
-1.362763011679048564e+00 2.500000000000000000e+00
-1.282924791365295247e+00 2.500000000000000000e+00
-1.228195013590101192e+00 2.500000000000000000e+00
-1.214510785709864482e+00 2.500000000000000000e+00
-1.180077329541244335e+00 2.500000000000000000e+00
-1.159435535043089827e+00 2.500000000000000000e+00
-1.155611921618942217e+00 2.500000000000000000e+00
-1.133512620326092568e+00 2.500000000000000000e+00
-1.062912731051248727e+00 2.500000000000000000e+00
-1.015989512668682648e+00 2.500000000000000000e+00
-9.630211241644537346e-01 2.500000000000000000e+00
-9.182942444567221418e-01 2.500000000000000000e+00
-8.991611123426042074e-01 2.500000000000000000e+00
-8.535853519719313054e-01 2.500000000000000000e+00
-8.015477866353629688e-01 2.500000000000000000e+00
-7.823487472153739519e-01 2.500000000000000000e+00
-7.256968189993207030e-01 2.500000000000000000e+00
-7.001192991460445381e-01 2.500000000000000000e+00
-6.712351105854922340e-01 2.500000000000000000e+00
-6.615191883440272314e-01 2.500000000000000000e+00
-6.221785337401138927e-01 2.500000000000000000e+00
-5.772607141014750587e-01 2.500000000000000000e+00
-5.692749818951127194e-01 2.500000000000000000e+00
-5.592302434304792236e-01 2.500000000000000000e+00
-5.139379675794165658e-01 2.500000000000000000e+00
-4.960560205668416156e-01 2.500000000000000000e+00
-4.028896155646990440e-01 2.500000000000000000e+00
-3.870263311456221822e-01 2.500000000000000000e+00
-3.449565671485974594e-01 2.500000000000000000e+00
-3.271797872004490459e-01 2.500000000000000000e+00
-2.967991092206898607e-01 2.500000000000000000e+00
-2.613346948952695592e-01 2.500000000000000000e+00
-2.248133051548892591e-01 2.500000000000000000e+00
-2.012308761205983121e-01 2.500000000000000000e+00
-1.705348499642668769e-01 2.500000000000000000e+00
-1.492183738007298310e-01 2.500000000000000000e+00
-9.201952763435644611e-02 2.500000000000000000e+00
-5.212023135686602582e-02 2.500000000000000000e+00
-2.812105972084651476e-02 2.500000000000000000e+00
2.512398734949270601e-03 2.500000000000000000e+00
1.788460580403657477e-02 2.500000000000000000e+00
3.450840669977162795e-02 2.500000000000000000e+00
6.066721680333233419e-02 2.500000000000000000e+00
1.257750188818023696e-01 2.500000000000000000e+00
1.546799650794260794e-01 2.500000000000000000e+00
1.883655172748461559e-01 2.500000000000000000e+00
1.936054277765751064e-01 2.500000000000000000e+00
2.071563342982314371e-01 2.500000000000000000e+00
2.690877969911358858e-01 2.500000000000000000e+00
3.093682196899623649e-01 2.500000000000000000e+00
3.344334344865769193e-01 2.500000000000000000e+00
3.406543720243156992e-01 2.500000000000000000e+00
3.629980615019016144e-01 2.500000000000000000e+00
3.725415889648558410e-01 2.500000000000000000e+00
4.337850318741545697e-01 2.500000000000000000e+00
4.476224757704526658e-01 2.500000000000000000e+00
5.375353017230821706e-01 2.500000000000000000e+00
5.494380987926373860e-01 2.500000000000000000e+00
5.607099922043820017e-01 2.500000000000000000e+00
6.095015281316029654e-01 2.500000000000000000e+00
6.706016532613485737e-01 2.500000000000000000e+00
7.071253040048227634e-01 2.500000000000000000e+00
7.435042704306087380e-01 2.500000000000000000e+00
7.708545709574324833e-01 2.500000000000000000e+00
8.359306203533396484e-01 2.500000000000000000e+00
8.753027840536110604e-01 2.500000000000000000e+00
8.979999863168143248e-01 2.500000000000000000e+00
9.175394904585396638e-01 2.500000000000000000e+00
9.693689994645657837e-01 2.500000000000000000e+00
1.004778753861674367e+00 2.500000000000000000e+00
1.056415575143368146e+00 2.500000000000000000e+00
1.097815365493327810e+00 2.500000000000000000e+00
1.188472223554271512e+00 2.500000000000000000e+00
1.238851556082453342e+00 2.500000000000000000e+00
1.335322678078415537e+00 2.500000000000000000e+00
1.340340142341597707e+00 2.500000000000000000e+00
1.368484269851361512e+00 2.500000000000000000e+00
1.426111187940579894e+00 2.500000000000000000e+00
1.439102444658707736e+00 2.500000000000000000e+00
1.468169161883147389e+00 2.500000000000000000e+00
1.609421481523580999e+00 2.500000000000000000e+00
1.626201563940136374e+00 2.500000000000000000e+00
1.804993508861309826e+00 2.500000000000000000e+00
1.826873615874776258e+00 2.500000000000000000e+00
1.869464293613490646e+00 2.500000000000000000e+00
1.899069249652231006e+00 2.500000000000000000e+00
1.995020090161858883e+00 2.500000000000000000e+00
2.000661221582816118e+00 2.500000000000000000e+00
2.345047423813609644e+00 2.500000000000000000e+00
2.409513861175813343e+00 2.500000000000000000e+00
2.490426812753308017e+00 2.500000000000000000e+00
2.728517361499811500e+00 2.500000000000000000e+00
3.017543371673451880e+00 2.500000000000000000e+00
-2.760306271642437803e+00 1.500000000000000000e+00
-2.542386248248796665e+00 1.500000000000000000e+00
-2.447598953423240520e+00 1.500000000000000000e+00
-2.304487136312914242e+00 1.500000000000000000e+00
-2.246928169969650391e+00 1.500000000000000000e+00
-2.086733042208995137e+00 1.500000000000000000e+00
-2.035617124724954152e+00 1.500000000000000000e+00
-1.955540056004286598e+00 1.500000000000000000e+00
-1.908668019013366468e+00 1.500000000000000000e+00
-1.830584425075421962e+00 1.500000000000000000e+00
-1.789883334399158032e+00 1.500000000000000000e+00
-1.711036865773706062e+00 1.500000000000000000e+00
-1.653262172926668105e+00 1.500000000000000000e+00
-1.622048664270429486e+00 1.500000000000000000e+00
-1.596646648157206361e+00 1.500000000000000000e+00
-1.538099140620566185e+00 1.500000000000000000e+00
-1.480381838524942761e+00 1.500000000000000000e+00
-1.445390407521336851e+00 1.500000000000000000e+00
-1.400113906571037070e+00 1.500000000000000000e+00
-1.359203435972969221e+00 1.500000000000000000e+00
-1.306792291028900932e+00 1.500000000000000000e+00
-1.281435094430334098e+00 1.500000000000000000e+00
-1.216202581440592345e+00 1.500000000000000000e+00
-1.188230255504448607e+00 1.500000000000000000e+00
-1.176060539361489576e+00 1.500000000000000000e+00
-1.168389335973433862e+00 1.500000000000000000e+00
-1.131857199022083815e+00 1.500000000000000000e+00
-1.101276986334271735e+00 1.500000000000000000e+00
-1.077506677224955745e+00 1.500000000000000000e+00
-1.025126546445637832e+00 1.500000000000000000e+00
-1.006708443068558001e+00 1.500000000000000000e+00
-9.621193452670927515e-01 1.500000000000000000e+00
-9.430273211838193781e-01 1.500000000000000000e+00
-9.042080581842915077e-01 1.500000000000000000e+00
-8.834732168687965403e-01 1.500000000000000000e+00
-8.701954594976152313e-01 1.500000000000000000e+00
-8.471566960281522451e-01 1.500000000000000000e+00
-7.972000699956138803e-01 1.500000000000000000e+00
-7.763655468055583597e-01 1.500000000000000000e+00
-7.476422541228046059e-01 1.500000000000000000e+00
-7.079877393609912417e-01 1.500000000000000000e+00
-6.928478840721914445e-01 1.500000000000000000e+00
-6.775824245429777903e-01 1.500000000000000000e+00
-6.538052223920701733e-01 1.500000000000000000e+00
-6.145358744876349144e-01 1.500000000000000000e+00
-5.784303786191542507e-01 1.500000000000000000e+00
-5.531178763011272981e-01 1.500000000000000000e+00
-4.960952439161435135e-01 1.500000000000000000e+00
-4.889273375306270042e-01 1.500000000000000000e+00
-4.686233606563647291e-01 1.500000000000000000e+00
-4.361831626656955119e-01 1.500000000000000000e+00
-4.177178824657250544e-01 1.500000000000000000e+00
-4.006895092325952756e-01 1.500000000000000000e+00
-3.733349847834790403e-01 1.500000000000000000e+00
-3.706281690658972949e-01 1.500000000000000000e+00
-3.596949378619751503e-01 1.500000000000000000e+00
-3.221367227768698327e-01 1.500000000000000000e+00
-3.100128767904964944e-01 1.500000000000000000e+00
-2.941981736153748139e-01 1.500000000000000000e+00
-2.489566346015388565e-01 1.500000000000000000e+00
-2.233065202359589552e-01 1.500000000000000000e+00
-1.820937515618705205e-01 1.500000000000000000e+00
-1.605922013588313435e-01 1.500000000000000000e+00
-1.414181089852680762e-01 1.500000000000000000e+00
-1.152770364168752976e-01 1.500000000000000000e+00
-9.014901162308169846e-02 1.500000000000000000e+00
-8.029994496769811418e-02 1.500000000000000000e+00
-4.061189063074825689e-02 1.500000000000000000e+00
-2.790353600100538983e-02 1.500000000000000000e+00
-1.006844714987699049e-02 1.500000000000000000e+00
1.742519001580519755e-02 1.500000000000000000e+00
5.031828815013788397e-02 1.500000000000000000e+00
5.326724050156475543e-02 1.500000000000000000e+00
6.308208071189062849e-02 1.500000000000000000e+00
7.962703965615477997e-02 1.500000000000000000e+00
1.135477696978603318e-01 1.500000000000000000e+00
1.532298580361672602e-01 1.500000000000000000e+00
1.661712071709762484e-01 1.500000000000000000e+00
1.929438769726766478e-01 1.500000000000000000e+00
2.242281750021877240e-01 1.500000000000000000e+00
2.518074522593848341e-01 1.500000000000000000e+00
2.830841049142332477e-01 1.500000000000000000e+00
2.981878159585069077e-01 1.500000000000000000e+00
3.125697874053639524e-01 1.500000000000000000e+00
3.217827651411238055e-01 1.500000000000000000e+00
3.452166131063888477e-01 1.500000000000000000e+00
3.706611193817856975e-01 1.500000000000000000e+00
4.149888712748989184e-01 1.500000000000000000e+00
4.179832888188288464e-01 1.500000000000000000e+00
4.470903161033304984e-01 1.500000000000000000e+00
4.699329789503212673e-01 1.500000000000000000e+00
4.769254402765298329e-01 1.500000000000000000e+00
4.940616701761482155e-01 1.500000000000000000e+00
5.049249167262757076e-01 1.500000000000000000e+00
5.202419722528517365e-01 1.500000000000000000e+00
5.661727870145598640e-01 1.500000000000000000e+00
5.940567264075926612e-01 1.500000000000000000e+00
6.074576710722106032e-01 1.500000000000000000e+00
6.544048159177201507e-01 1.500000000000000000e+00
6.787485233082861669e-01 1.500000000000000000e+00
7.126746421608494142e-01 1.500000000000000000e+00
7.392947282566327827e-01 1.500000000000000000e+00
7.646591543340853780e-01 1.500000000000000000e+00
7.813912253606930536e-01 1.500000000000000000e+00
7.949898937858331793e-01 1.500000000000000000e+00
8.334073989455106357e-01 1.500000000000000000e+00
8.557572593688709262e-01 1.500000000000000000e+00
8.609187111837123263e-01 1.500000000000000000e+00
8.897497922463885045e-01 1.500000000000000000e+00
9.240772517048775336e-01 1.500000000000000000e+00
9.626944181089249764e-01 1.500000000000000000e+00
9.782005791942950390e-01 1.500000000000000000e+00
9.951198232666368382e-01 1.500000000000000000e+00
1.017333733126980055e+00 1.500000000000000000e+00
1.020289580374587057e+00 1.500000000000000000e+00
1.083350874580386813e+00 1.500000000000000000e+00
1.094746385249916409e+00 1.500000000000000000e+00
1.120471677012172318e+00 1.500000000000000000e+00
1.146925887315376480e+00 1.500000000000000000e+00
1.175510115046501936e+00 1.500000000000000000e+00
1.192213504795370138e+00 1.500000000000000000e+00
1.235929240191288914e+00 1.500000000000000000e+00
1.247070035527882537e+00 1.500000000000000000e+00
1.310460340779351807e+00 1.500000000000000000e+00
1.319089058742884957e+00 1.500000000000000000e+00
1.345234622938923374e+00 1.500000000000000000e+00
1.397927464514074458e+00 1.500000000000000000e+00
1.409473365915994370e+00 1.500000000000000000e+00
1.460761827791722478e+00 1.500000000000000000e+00
1.488526409623474045e+00 1.500000000000000000e+00
1.508684390387588614e+00 1.500000000000000000e+00
1.523241785455707209e+00 1.500000000000000000e+00
1.593497047756924578e+00 1.500000000000000000e+00
1.610470606193604048e+00 1.500000000000000000e+00
1.660225611711876992e+00 1.500000000000000000e+00
1.684030649836856686e+00 1.500000000000000000e+00
1.722461460210956474e+00 1.500000000000000000e+00
1.748141006805318920e+00 1.500000000000000000e+00
1.766404688198731199e+00 1.500000000000000000e+00
1.781873435916347503e+00 1.500000000000000000e+00
1.806023737980912536e+00 1.500000000000000000e+00
1.852417114313382074e+00 1.500000000000000000e+00
1.925866705869918372e+00 1.500000000000000000e+00
1.964088299609944688e+00 1.500000000000000000e+00
2.001285563760431874e+00 1.500000000000000000e+00
2.021753208579685435e+00 1.500000000000000000e+00
2.112030904785790142e+00 1.500000000000000000e+00
2.124151017640246497e+00 1.500000000000000000e+00
2.145059444153543993e+00 1.500000000000000000e+00
2.224778202123172122e+00 1.500000000000000000e+00
2.282420380891816425e+00 1.500000000000000000e+00
2.364108762895168248e+00 1.500000000000000000e+00
2.378625390656350813e+00 1.500000000000000000e+00
2.484514334173771211e+00 1.500000000000000000e+00
2.542084464176201042e+00 1.500000000000000000e+00
2.661897552599033823e+00 1.500000000000000000e+00
2.759775238292338173e+00 1.500000000000000000e+00
2.818187936935583338e+00 1.500000000000000000e+00
2.924101910470814580e+00 1.500000000000000000e+00
2.965672329081399550e+00 1.500000000000000000e+00
3.065694824027747956e+00 1.500000000000000000e+00
3.297920997562915346e+00 1.500000000000000000e+00
3.440085349509594437e+00 1.500000000000000000e+00
3.513974588758862705e+00 1.500000000000000000e+00
4.085178318672300080e+00 1.500000000000000000e+00
-2.769391827835967046e+00 5.000000000000000000e-01
-2.549771989691165253e+00 5.000000000000000000e-01
-2.252759548689428293e+00 5.000000000000000000e-01
-2.097919257555526773e+00 5.000000000000000000e-01
-2.024077827034358901e+00 5.000000000000000000e-01
-1.804977259233645048e+00 5.000000000000000000e-01
-1.707068803882116903e+00 5.000000000000000000e-01
-1.661331595835537911e+00 5.000000000000000000e-01
-1.633096180537288111e+00 5.000000000000000000e-01
-1.588793823587743459e+00 5.000000000000000000e-01
-1.539454670962090654e+00 5.000000000000000000e-01
-1.449009890127008093e+00 5.000000000000000000e-01
-1.385846001930033378e+00 5.000000000000000000e-01
-1.319882878286056549e+00 5.000000000000000000e-01
-1.272478919574426826e+00 5.000000000000000000e-01
-1.219493312014824582e+00 5.000000000000000000e-01
-1.186254452780820090e+00 5.000000000000000000e-01
-1.096149481633753142e+00 5.000000000000000000e-01
-1.058948681917188495e+00 5.000000000000000000e-01
-1.038268067050040155e+00 5.000000000000000000e-01
-1.025879514131368575e+00 5.000000000000000000e-01
-9.666266107196219703e-01 5.000000000000000000e-01
-9.235050694707162000e-01 5.000000000000000000e-01
-9.093797844473360259e-01 5.000000000000000000e-01
-8.356062269965848222e-01 5.000000000000000000e-01
-8.004318730386393854e-01 5.000000000000000000e-01
-7.566616634306642108e-01 5.000000000000000000e-01
-7.240625748537300455e-01 5.000000000000000000e-01
-7.061151923118794693e-01 5.000000000000000000e-01
-6.684330032661424115e-01 5.000000000000000000e-01
-6.440088092358953187e-01 5.000000000000000000e-01
-5.700687850087741149e-01 5.000000000000000000e-01
-5.469028631701072785e-01 5.000000000000000000e-01
-5.317816768137197947e-01 5.000000000000000000e-01
-4.806736823196838815e-01 5.000000000000000000e-01
-4.461509680812189571e-01 5.000000000000000000e-01
-4.001921575004531162e-01 5.000000000000000000e-01
-3.733366175186599301e-01 5.000000000000000000e-01
-3.412465107338634174e-01 5.000000000000000000e-01
-3.301583430140430098e-01 5.000000000000000000e-01
-2.971403899823373829e-01 5.000000000000000000e-01
-2.669953758285579792e-01 5.000000000000000000e-01
-2.058250977146828808e-01 5.000000000000000000e-01
-1.440656346409437960e-01 5.000000000000000000e-01
-1.327907310548759323e-01 5.000000000000000000e-01
-1.200573361312518433e-01 5.000000000000000000e-01
-9.230088415585432915e-02 5.000000000000000000e-01
-3.344521098740731169e-02 5.000000000000000000e-01
-1.527174851469043429e-02 5.000000000000000000e-01
5.357465311997756247e-03 5.000000000000000000e-01
2.982060257062936134e-02 5.000000000000000000e-01
7.421373041819309679e-02 5.000000000000000000e-01
1.039367951493062603e-01 5.000000000000000000e-01
1.397481686213351559e-01 5.000000000000000000e-01
1.536674333416315208e-01 5.000000000000000000e-01
2.139198465883839217e-01 5.000000000000000000e-01
2.278454328919414240e-01 5.000000000000000000e-01
2.539209588782038729e-01 5.000000000000000000e-01
2.874133796422170817e-01 5.000000000000000000e-01
3.085911445408379694e-01 5.000000000000000000e-01
3.170218430885939354e-01 5.000000000000000000e-01
3.386892280180581749e-01 5.000000000000000000e-01
4.032179075889374964e-01 5.000000000000000000e-01
4.263445136595070961e-01 5.000000000000000000e-01
4.363947325261611221e-01 5.000000000000000000e-01
4.976482302313957051e-01 5.000000000000000000e-01
5.179663100061281389e-01 5.000000000000000000e-01
5.233853260879118841e-01 5.000000000000000000e-01
5.742536912267537375e-01 5.000000000000000000e-01
5.834474214791430802e-01 5.000000000000000000e-01
6.313808275488896893e-01 5.000000000000000000e-01
6.520601181901041210e-01 5.000000000000000000e-01
6.652754128387461385e-01 5.000000000000000000e-01
6.709028944759789503e-01 5.000000000000000000e-01
7.123402004059150583e-01 5.000000000000000000e-01
7.391729973823247812e-01 5.000000000000000000e-01
7.776062942466448469e-01 5.000000000000000000e-01
8.176637047611979847e-01 5.000000000000000000e-01
8.750880315838259760e-01 5.000000000000000000e-01
8.861271901222671499e-01 5.000000000000000000e-01
9.435156787490334152e-01 5.000000000000000000e-01
9.687908119917045813e-01 5.000000000000000000e-01
9.875750229045024975e-01 5.000000000000000000e-01
1.040875703741443559e+00 5.000000000000000000e-01
1.048150974588077045e+00 5.000000000000000000e-01
1.092175408945900372e+00 5.000000000000000000e-01
1.128173548438630602e+00 5.000000000000000000e-01
1.141109201994902955e+00 5.000000000000000000e-01
1.183852447060055768e+00 5.000000000000000000e-01
1.222588243836876254e+00 5.000000000000000000e-01
1.248175498789758864e+00 5.000000000000000000e-01
1.261897136587309287e+00 5.000000000000000000e-01
1.290643970464462553e+00 5.000000000000000000e-01
1.340938092685992622e+00 5.000000000000000000e-01
1.359329402801515929e+00 5.000000000000000000e-01
1.454270617237743313e+00 5.000000000000000000e-01
1.473247314189815471e+00 5.000000000000000000e-01
1.527977972607696300e+00 5.000000000000000000e-01
1.531607582860630368e+00 5.000000000000000000e-01
1.578972734854165783e+00 5.000000000000000000e-01
1.634120461532102775e+00 5.000000000000000000e-01
1.645412349718139211e+00 5.000000000000000000e-01
1.686248948873969145e+00 5.000000000000000000e-01
1.726273838114912529e+00 5.000000000000000000e-01
1.758914142667874936e+00 5.000000000000000000e-01
1.822480650115695378e+00 5.000000000000000000e-01
1.854322758281453432e+00 5.000000000000000000e-01
1.903032899214810447e+00 5.000000000000000000e-01
2.005830870081687145e+00 5.000000000000000000e-01
2.055553973798105005e+00 5.000000000000000000e-01
2.078357763096578381e+00 5.000000000000000000e-01
2.098108234161194741e+00 5.000000000000000000e-01
2.146242056219826999e+00 5.000000000000000000e-01
2.176932709540720712e+00 5.000000000000000000e-01
2.249421879631169574e+00 5.000000000000000000e-01
2.285063607595935853e+00 5.000000000000000000e-01
2.335910176884718581e+00 5.000000000000000000e-01
2.448740473639987592e+00 5.000000000000000000e-01
2.500013446700630304e+00 5.000000000000000000e-01
2.556276495165110685e+00 5.000000000000000000e-01
2.639093771721382264e+00 5.000000000000000000e-01
2.732363546765147699e+00 5.000000000000000000e-01
2.796179492771419195e+00 5.000000000000000000e-01
2.899835949952286995e+00 5.000000000000000000e-01
2.961174875470535373e+00 5.000000000000000000e-01
3.118603400209824628e+00 5.000000000000000000e-01
3.226475405100540428e+00 5.000000000000000000e-01
3.283765519903189656e+00 5.000000000000000000e-01
3.429073513017509178e+00 5.000000000000000000e-01
3.754697133411858623e+00 5.000000000000000000e-01
3.950490403260262795e+00 5.000000000000000000e-01
4.516788859860863425e+00 5.000000000000000000e-01
