# Runtime: 22.40163564682007
-2.250000000000001332e+00 6.000000000000000000e+00
-2.916697139298912944e+00 5.000000000000000000e+00
-2.203195993361920735e+00 5.000000000000000000e+00
-2.103893413063758544e+00 5.000000000000000000e+00
-1.917396702560884014e+00 5.000000000000000000e+00
-1.636491592466179590e+00 5.000000000000000000e+00
-1.495378391177501598e+00 5.000000000000000000e+00
-1.066461244331738278e+00 5.000000000000000000e+00
-9.664104539448413744e-01 5.000000000000000000e+00
-6.405247134550811072e-01 5.000000000000000000e+00
-4.510656012425246497e-01 5.000000000000000000e+00
-3.524847550966677678e-01 5.000000000000000000e+00
-2.964560651869937224e+00 4.000000000000000000e+00
-2.807084663263669011e+00 4.000000000000000000e+00
-2.662118910989902165e+00 4.000000000000000000e+00
-2.453493078200096544e+00 4.000000000000000000e+00
-2.151993699150988260e+00 4.000000000000000000e+00
-2.055390058838549194e+00 4.000000000000000000e+00
-2.025262676301367470e+00 4.000000000000000000e+00
-1.990750046439483611e+00 4.000000000000000000e+00
-1.948643516109634488e+00 4.000000000000000000e+00
-1.876090016290171691e+00 4.000000000000000000e+00
-1.777921365116233776e+00 4.000000000000000000e+00
-1.618001176316288481e+00 4.000000000000000000e+00
-1.584727450800474946e+00 4.000000000000000000e+00
-1.534558824108436914e+00 4.000000000000000000e+00
-1.509893103103652434e+00 4.000000000000000000e+00
-1.440172306527037094e+00 4.000000000000000000e+00
-1.407081005250323091e+00 4.000000000000000000e+00
-1.375928681433034040e+00 4.000000000000000000e+00
-1.322118951462918801e+00 4.000000000000000000e+00
-1.268580146841510103e+00 4.000000000000000000e+00
-1.132974077858424744e+00 4.000000000000000000e+00
-1.005968668793345566e+00 4.000000000000000000e+00
-9.795992882239807908e-01 4.000000000000000000e+00
-9.532229313194729992e-01 4.000000000000000000e+00
-9.073986779880185427e-01 4.000000000000000000e+00
-8.919869832847908686e-01 4.000000000000000000e+00
-8.094478168431303855e-01 4.000000000000000000e+00
-7.208650163212549922e-01 4.000000000000000000e+00
-6.149688415351849402e-01 4.000000000000000000e+00
-5.701071072224481728e-01 4.000000000000000000e+00
-5.662430930653126193e-01 4.000000000000000000e+00
-4.618108411080694697e-01 4.000000000000000000e+00
-4.030766305838978658e-01 4.000000000000000000e+00
-3.876517862201818154e-01 4.000000000000000000e+00
-2.797083818732384874e-01 4.000000000000000000e+00
-2.356216014093224786e-01 4.000000000000000000e+00
-1.925831672771547709e-01 4.000000000000000000e+00
-1.685254394890848550e-01 4.000000000000000000e+00
-1.392430041622723658e-01 4.000000000000000000e+00
-6.690707431430192864e-02 4.000000000000000000e+00
1.119317832376734087e-02 4.000000000000000000e+00
1.593819015380352477e-01 4.000000000000000000e+00
2.135823370365129703e-01 4.000000000000000000e+00
2.858985385486009223e-01 4.000000000000000000e+00
3.026006268033791247e-01 4.000000000000000000e+00
3.844252577536069193e-01 4.000000000000000000e+00
6.021346928515194374e-01 4.000000000000000000e+00
6.421478401340768860e-01 4.000000000000000000e+00
6.995630015517074751e-01 4.000000000000000000e+00
7.531901873559619931e-01 4.000000000000000000e+00
9.236443091396069338e-01 4.000000000000000000e+00
1.155640853456685990e+00 4.000000000000000000e+00
1.182689818124960990e+00 4.000000000000000000e+00
1.446188214688149065e+00 4.000000000000000000e+00
-2.991169246878671917e+00 3.000000000000000000e+00
-2.832288466031678276e+00 3.000000000000000000e+00
-2.684525533313305790e+00 3.000000000000000000e+00
-2.674929746311377254e+00 3.000000000000000000e+00
-2.540961345268577087e+00 3.000000000000000000e+00
-2.481496409009243731e+00 3.000000000000000000e+00
-2.361248351327655648e+00 3.000000000000000000e+00
-2.340671238702699775e+00 3.000000000000000000e+00
-2.195267327947368230e+00 3.000000000000000000e+00
-2.095253308213230969e+00 3.000000000000000000e+00
-2.072368294516321985e+00 3.000000000000000000e+00
-2.058594684642475414e+00 3.000000000000000000e+00
-2.026852632133345988e+00 3.000000000000000000e+00
-1.996109794681490301e+00 3.000000000000000000e+00
-1.909306035261742140e+00 3.000000000000000000e+00
-1.889761918562129717e+00 3.000000000000000000e+00
-1.829677695573025176e+00 3.000000000000000000e+00
-1.815149595537250304e+00 3.000000000000000000e+00
-1.778823065858682773e+00 3.000000000000000000e+00
-1.738357774829945468e+00 3.000000000000000000e+00
-1.732846092502415836e+00 3.000000000000000000e+00
-1.640189705447246293e+00 3.000000000000000000e+00
-1.596099841806401853e+00 3.000000000000000000e+00
-1.578351663492699730e+00 3.000000000000000000e+00
-1.564679648238317178e+00 3.000000000000000000e+00
-1.522432677741970108e+00 3.000000000000000000e+00
-1.474483050462266576e+00 3.000000000000000000e+00
-1.450029624636239411e+00 3.000000000000000000e+00
-1.406659112213241247e+00 3.000000000000000000e+00
-1.381712984860138604e+00 3.000000000000000000e+00
-1.337290226347038091e+00 3.000000000000000000e+00
-1.319977375856289159e+00 3.000000000000000000e+00
-1.296676698781314085e+00 3.000000000000000000e+00
-1.274216221802432436e+00 3.000000000000000000e+00
-1.261863088503157870e+00 3.000000000000000000e+00
-1.229344521737443685e+00 3.000000000000000000e+00
-1.223113199200446477e+00 3.000000000000000000e+00
-1.176457973267890145e+00 3.000000000000000000e+00
-1.159612243367577289e+00 3.000000000000000000e+00
-1.147126510428900792e+00 3.000000000000000000e+00
-1.116779866172612268e+00 3.000000000000000000e+00
-1.038987894044383742e+00 3.000000000000000000e+00
-1.014550565417265071e+00 3.000000000000000000e+00
-9.807297213763486177e-01 3.000000000000000000e+00
-9.631745752891556211e-01 3.000000000000000000e+00
-9.216478826771132837e-01 3.000000000000000000e+00
-9.025507595590307464e-01 3.000000000000000000e+00
-8.929286653352599412e-01 3.000000000000000000e+00
-8.616143390695609749e-01 3.000000000000000000e+00
-8.434622092613334177e-01 3.000000000000000000e+00
-8.375716661977523625e-01 3.000000000000000000e+00
-8.348960558992365444e-01 3.000000000000000000e+00
-8.066023394385928302e-01 3.000000000000000000e+00
-7.937228316946296491e-01 3.000000000000000000e+00
-7.674018177490886661e-01 3.000000000000000000e+00
-7.423651656229315332e-01 3.000000000000000000e+00
-7.201378399751069415e-01 3.000000000000000000e+00
-7.116420241571272953e-01 3.000000000000000000e+00
-6.659624419246197302e-01 3.000000000000000000e+00
-6.452789682366382173e-01 3.000000000000000000e+00
-6.155573256325789222e-01 3.000000000000000000e+00
-5.675649038069126018e-01 3.000000000000000000e+00
-5.435982685831519667e-01 3.000000000000000000e+00
-5.172890395366372962e-01 3.000000000000000000e+00
-4.876715446765901296e-01 3.000000000000000000e+00
-4.856273685673108131e-01 3.000000000000000000e+00
-4.636540260903153077e-01 3.000000000000000000e+00
-4.396943128417286073e-01 3.000000000000000000e+00
-4.007658260717655851e-01 3.000000000000000000e+00
-3.798423481765526577e-01 3.000000000000000000e+00
-3.750980335170855384e-01 3.000000000000000000e+00
-3.383791252290166418e-01 3.000000000000000000e+00
-3.201024591996826096e-01 3.000000000000000000e+00
-2.842015654249932521e-01 3.000000000000000000e+00
-2.796688015796462423e-01 3.000000000000000000e+00
-2.737459185299941367e-01 3.000000000000000000e+00
-2.598811082549855600e-01 3.000000000000000000e+00
-2.029690780827658469e-01 3.000000000000000000e+00
-1.881360478604505726e-01 3.000000000000000000e+00
-1.666687924345700289e-01 3.000000000000000000e+00
-1.372173054944328396e-01 3.000000000000000000e+00
-1.287400533350603615e-01 3.000000000000000000e+00
-9.696715533839811441e-02 3.000000000000000000e+00
-8.789844494073306702e-02 3.000000000000000000e+00
-7.442537216880217021e-02 3.000000000000000000e+00
-3.998907196133540815e-02 3.000000000000000000e+00
-2.065887124991748133e-02 3.000000000000000000e+00
-4.104239520613999805e-03 3.000000000000000000e+00
1.607388501844408263e-02 3.000000000000000000e+00
2.971540348395825676e-02 3.000000000000000000e+00
5.949192267483092295e-02 3.000000000000000000e+00
8.863488390710841380e-02 3.000000000000000000e+00
9.190683724066268934e-02 3.000000000000000000e+00
1.025571221363086732e-01 3.000000000000000000e+00
1.479252003968526685e-01 3.000000000000000000e+00
1.754841070868119191e-01 3.000000000000000000e+00
2.125730064588070012e-01 3.000000000000000000e+00
2.390368861792936950e-01 3.000000000000000000e+00
2.819640000602948726e-01 3.000000000000000000e+00
3.077973236363946152e-01 3.000000000000000000e+00
3.172882971014117648e-01 3.000000000000000000e+00
3.526274206307989378e-01 3.000000000000000000e+00
3.609046060972500025e-01 3.000000000000000000e+00
3.810172932286664538e-01 3.000000000000000000e+00
3.819569120787642547e-01 3.000000000000000000e+00
4.119567999890660914e-01 3.000000000000000000e+00
4.409450021919577578e-01 3.000000000000000000e+00
4.494581354360877579e-01 3.000000000000000000e+00
4.726640875891662263e-01 3.000000000000000000e+00
5.054676864578300233e-01 3.000000000000000000e+00
5.347696952259554104e-01 3.000000000000000000e+00
5.845154583101720425e-01 3.000000000000000000e+00
6.238984893036522150e-01 3.000000000000000000e+00
6.402480276546305138e-01 3.000000000000000000e+00
6.933267429851830421e-01 3.000000000000000000e+00
7.235180092880505454e-01 3.000000000000000000e+00
7.276220902492214204e-01 3.000000000000000000e+00
7.520181801122657328e-01 3.000000000000000000e+00
7.753188055823879710e-01 3.000000000000000000e+00
7.973950504575110232e-01 3.000000000000000000e+00
8.411123014423278477e-01 3.000000000000000000e+00
8.769917966460452075e-01 3.000000000000000000e+00
9.067500661726695110e-01 3.000000000000000000e+00
9.528703046584233727e-01 3.000000000000000000e+00
9.713085452819701926e-01 3.000000000000000000e+00
1.001314308048152801e+00 3.000000000000000000e+00
1.041925665382439137e+00 3.000000000000000000e+00
1.056015113511357573e+00 3.000000000000000000e+00
1.078266130681422297e+00 3.000000000000000000e+00
1.166553379079526609e+00 3.000000000000000000e+00
1.192914809276730770e+00 3.000000000000000000e+00
1.232826556176563226e+00 3.000000000000000000e+00
1.261080841710007228e+00 3.000000000000000000e+00
1.291230111266319369e+00 3.000000000000000000e+00
1.360206478414296649e+00 3.000000000000000000e+00
1.375231872590051196e+00 3.000000000000000000e+00
1.444967747240256672e+00 3.000000000000000000e+00
1.471335070447601590e+00 3.000000000000000000e+00
1.489099057679022620e+00 3.000000000000000000e+00
1.554232299571645326e+00 3.000000000000000000e+00
1.654391925214239389e+00 3.000000000000000000e+00
1.689627277657642646e+00 3.000000000000000000e+00
1.756031859344883816e+00 3.000000000000000000e+00
1.811107213374792302e+00 3.000000000000000000e+00
1.815454710379687864e+00 3.000000000000000000e+00
1.962821129462777314e+00 3.000000000000000000e+00
1.999317490002985309e+00 3.000000000000000000e+00
2.035069450622646325e+00 3.000000000000000000e+00
2.165317125265598275e+00 3.000000000000000000e+00
2.244497715375925129e+00 3.000000000000000000e+00
2.447332503976118456e+00 3.000000000000000000e+00
2.474603744318275123e+00 3.000000000000000000e+00
2.548002896245015858e+00 3.000000000000000000e+00
2.978214097730254029e+00 3.000000000000000000e+00
-3.007714506781100194e+00 2.000000000000000000e+00
-2.847163620061661682e+00 2.000000000000000000e+00
-2.697020303860195423e+00 2.000000000000000000e+00
-2.678135721479186326e+00 2.000000000000000000e+00
-2.552875834566643132e+00 2.000000000000000000e+00
-2.503515651246625229e+00 2.000000000000000000e+00
-2.499905573765887290e+00 2.000000000000000000e+00
-2.405694382555335853e+00 2.000000000000000000e+00
-2.369732947848002702e+00 2.000000000000000000e+00
-2.224623294839318532e+00 2.000000000000000000e+00
-2.194653752756675402e+00 2.000000000000000000e+00
-2.127283547514767559e+00 2.000000000000000000e+00
-2.090560866208834412e+00 2.000000000000000000e+00
-2.080236594892574509e+00 2.000000000000000000e+00
-2.046054634985349008e+00 2.000000000000000000e+00
-2.027718488683887710e+00 2.000000000000000000e+00
-1.938785177616925814e+00 2.000000000000000000e+00
-1.920131867741976084e+00 2.000000000000000000e+00
-1.870964165417269509e+00 2.000000000000000000e+00
-1.832091400729131347e+00 2.000000000000000000e+00
-1.822818973053305758e+00 2.000000000000000000e+00
-1.813420449733436079e+00 2.000000000000000000e+00
-1.770537617954198728e+00 2.000000000000000000e+00
-1.766427129323276501e+00 2.000000000000000000e+00
-1.750356999502109323e+00 2.000000000000000000e+00
-1.699220158787932311e+00 2.000000000000000000e+00
-1.662637921176470579e+00 2.000000000000000000e+00
-1.653972455671557595e+00 2.000000000000000000e+00
-1.602483928275706848e+00 2.000000000000000000e+00
-1.583675332055927143e+00 2.000000000000000000e+00
-1.549960617142281505e+00 2.000000000000000000e+00
-1.544631174041641630e+00 2.000000000000000000e+00
-1.532999283790840384e+00 2.000000000000000000e+00
-1.499863591077129188e+00 2.000000000000000000e+00
-1.458705568373648287e+00 2.000000000000000000e+00
-1.441394509636529708e+00 2.000000000000000000e+00
-1.428233136041686224e+00 2.000000000000000000e+00
-1.400464074619956145e+00 2.000000000000000000e+00
-1.378672508169492383e+00 2.000000000000000000e+00
-1.342224141769517765e+00 2.000000000000000000e+00
-1.328998541809180312e+00 2.000000000000000000e+00
-1.316245965821849273e+00 2.000000000000000000e+00
-1.283631059400998531e+00 2.000000000000000000e+00
-1.278515863671540131e+00 2.000000000000000000e+00
-1.252363150126037716e+00 2.000000000000000000e+00
-1.229868497762737434e+00 2.000000000000000000e+00
-1.203033330604251328e+00 2.000000000000000000e+00
-1.185873823375954483e+00 2.000000000000000000e+00
-1.182740399335174830e+00 2.000000000000000000e+00
-1.164202778148273554e+00 2.000000000000000000e+00
-1.135470417770538143e+00 2.000000000000000000e+00
-1.115665842135361574e+00 2.000000000000000000e+00
-1.105329402746800360e+00 2.000000000000000000e+00
-1.099368987968075695e+00 2.000000000000000000e+00
-1.082695905152658122e+00 2.000000000000000000e+00
-1.056674466390825629e+00 2.000000000000000000e+00
-1.033043833590764571e+00 2.000000000000000000e+00
-1.009651150501838401e+00 2.000000000000000000e+00
-9.938455175414591114e-01 2.000000000000000000e+00
-9.754083297558803212e-01 2.000000000000000000e+00
-9.687625983558232345e-01 2.000000000000000000e+00
-9.441251560150678568e-01 2.000000000000000000e+00
-9.280953611470895703e-01 2.000000000000000000e+00
-9.197264841758276965e-01 2.000000000000000000e+00
-8.970043515517754917e-01 2.000000000000000000e+00
-8.872132509494249364e-01 2.000000000000000000e+00
-8.632405628810528864e-01 2.000000000000000000e+00
-8.575013280862011644e-01 2.000000000000000000e+00
-8.287054714402599664e-01 2.000000000000000000e+00
-8.122285865649624403e-01 2.000000000000000000e+00
-7.903933955291623237e-01 2.000000000000000000e+00
-7.781084871364897237e-01 2.000000000000000000e+00
-7.663428445811542034e-01 2.000000000000000000e+00
-7.516574918345679812e-01 2.000000000000000000e+00
-7.354003642621823600e-01 2.000000000000000000e+00
-7.229595321878420355e-01 2.000000000000000000e+00
-6.985594791068368004e-01 2.000000000000000000e+00
-6.887091252869870228e-01 2.000000000000000000e+00
-6.754832909954490150e-01 2.000000000000000000e+00
-6.563314230094137169e-01 2.000000000000000000e+00
-6.530261411579879605e-01 2.000000000000000000e+00
-6.348620235504150999e-01 2.000000000000000000e+00
-6.029666159235849143e-01 2.000000000000000000e+00
-5.923883617441827454e-01 2.000000000000000000e+00
-5.742711325050205984e-01 2.000000000000000000e+00
-5.631781067762220427e-01 2.000000000000000000e+00
-5.628962907554512229e-01 2.000000000000000000e+00
-5.493818570041990590e-01 2.000000000000000000e+00
-5.347447351484313494e-01 2.000000000000000000e+00
-5.110215037239914659e-01 2.000000000000000000e+00
-4.973541253763389958e-01 2.000000000000000000e+00
-4.906713998599513959e-01 2.000000000000000000e+00
-4.815947730292856055e-01 2.000000000000000000e+00
-4.613438997946471831e-01 2.000000000000000000e+00
-4.352370899762971201e-01 2.000000000000000000e+00
-4.198172300384439004e-01 2.000000000000000000e+00
-4.156667036627965661e-01 2.000000000000000000e+00
-4.101659201427773627e-01 2.000000000000000000e+00
-3.884551148064445680e-01 2.000000000000000000e+00
-3.819343845048637776e-01 2.000000000000000000e+00
-3.445893669356537847e-01 2.000000000000000000e+00
-3.339132425268210858e-01 2.000000000000000000e+00
-3.294844973044230296e-01 2.000000000000000000e+00
-3.199411346565808612e-01 2.000000000000000000e+00
-3.065109518646468301e-01 2.000000000000000000e+00
-2.921561138220509224e-01 2.000000000000000000e+00
-2.717112041217281670e-01 2.000000000000000000e+00
-2.470409828445873923e-01 2.000000000000000000e+00
-2.410173171411851278e-01 2.000000000000000000e+00
-2.286715814153259529e-01 2.000000000000000000e+00
-2.118228300372150541e-01 2.000000000000000000e+00
-1.938615136924035920e-01 2.000000000000000000e+00
-1.798379852845440330e-01 2.000000000000000000e+00
-1.696990213136341241e-01 2.000000000000000000e+00
-1.491023636193608837e-01 2.000000000000000000e+00
-1.436996797637525025e-01 2.000000000000000000e+00
-1.267715547795848219e-01 2.000000000000000000e+00
-1.012424007950185056e-01 2.000000000000000000e+00
-9.380368654731170708e-02 2.000000000000000000e+00
-7.786206417926687384e-02 2.000000000000000000e+00
-6.783699478698301810e-02 2.000000000000000000e+00
-5.189332248878782139e-02 2.000000000000000000e+00
-4.409689118807084279e-02 2.000000000000000000e+00
-3.643996218373207752e-02 2.000000000000000000e+00
-3.377754491757468946e-02 2.000000000000000000e+00
-1.526807351405662545e-02 2.000000000000000000e+00
3.287477330852319954e-03 2.000000000000000000e+00
2.057785582885043527e-02 2.000000000000000000e+00
4.852992013519403375e-02 2.000000000000000000e+00
5.401379236534551570e-02 2.000000000000000000e+00
5.952437592520738729e-02 2.000000000000000000e+00
7.213134636841207759e-02 2.000000000000000000e+00
9.010599133172585151e-02 2.000000000000000000e+00
9.570133846048170523e-02 2.000000000000000000e+00
1.111964658598919159e-01 2.000000000000000000e+00
1.345835908176803153e-01 2.000000000000000000e+00
1.366700912370847065e-01 2.000000000000000000e+00
1.512983894301120624e-01 2.000000000000000000e+00
1.597241212539510791e-01 2.000000000000000000e+00
1.771623065392135543e-01 2.000000000000000000e+00
1.883795208468416194e-01 2.000000000000000000e+00
1.999152055846813436e-01 2.000000000000000000e+00
2.326526992379729653e-01 2.000000000000000000e+00
2.428465101207926413e-01 2.000000000000000000e+00
2.495049589921000399e-01 2.000000000000000000e+00
2.630080841180766349e-01 2.000000000000000000e+00
2.832943705574609283e-01 2.000000000000000000e+00
2.975129770309534183e-01 2.000000000000000000e+00
3.205418256714934189e-01 2.000000000000000000e+00
3.381653036873756291e-01 2.000000000000000000e+00
3.413754562002486725e-01 2.000000000000000000e+00
3.557860749278953794e-01 2.000000000000000000e+00
3.738739595837301533e-01 2.000000000000000000e+00
3.974069761552522229e-01 2.000000000000000000e+00
4.091507835741133858e-01 2.000000000000000000e+00
4.241998206932338089e-01 2.000000000000000000e+00
4.431427609368103759e-01 2.000000000000000000e+00
4.569899298325697523e-01 2.000000000000000000e+00
4.730209318706710131e-01 2.000000000000000000e+00
4.817585550548204032e-01 2.000000000000000000e+00
4.955448897173839740e-01 2.000000000000000000e+00
5.122857410323118366e-01 2.000000000000000000e+00
5.237624962007513263e-01 2.000000000000000000e+00
5.273019071689598603e-01 2.000000000000000000e+00
5.368800591711754278e-01 2.000000000000000000e+00
5.515706366609550715e-01 2.000000000000000000e+00
5.546517690112059418e-01 2.000000000000000000e+00
5.742881532934188682e-01 2.000000000000000000e+00
5.859182901935947596e-01 2.000000000000000000e+00
6.108710149404800172e-01 2.000000000000000000e+00
6.256496571473462165e-01 2.000000000000000000e+00
6.370381497700275952e-01 2.000000000000000000e+00
6.692918342319008618e-01 2.000000000000000000e+00
6.902627582761767799e-01 2.000000000000000000e+00
7.125624897935003421e-01 2.000000000000000000e+00
7.168846236651350567e-01 2.000000000000000000e+00
7.357522685282209540e-01 2.000000000000000000e+00
7.549003717454879636e-01 2.000000000000000000e+00
7.607230875081595345e-01 2.000000000000000000e+00
7.689988086783341448e-01 2.000000000000000000e+00
7.763160627114181755e-01 2.000000000000000000e+00
7.914399440718461465e-01 2.000000000000000000e+00
7.946395470786257187e-01 2.000000000000000000e+00
8.040234928531246883e-01 2.000000000000000000e+00
8.236239459056798884e-01 2.000000000000000000e+00
8.410646527671639117e-01 2.000000000000000000e+00
8.638046913093014867e-01 2.000000000000000000e+00
8.792298210417897053e-01 2.000000000000000000e+00
8.999532706864087350e-01 2.000000000000000000e+00
9.161172963951821346e-01 2.000000000000000000e+00
9.202304631459784501e-01 2.000000000000000000e+00
9.382138100903973932e-01 2.000000000000000000e+00
9.433848912744546844e-01 2.000000000000000000e+00
9.661044870490287373e-01 2.000000000000000000e+00
1.012762214963831786e+00 2.000000000000000000e+00
1.022936035916935049e+00 2.000000000000000000e+00
1.030800702782635359e+00 2.000000000000000000e+00
1.055755962049931496e+00 2.000000000000000000e+00
1.062486381959686366e+00 2.000000000000000000e+00
1.077899505119074064e+00 2.000000000000000000e+00
1.081293348092359219e+00 2.000000000000000000e+00
1.105976146510006641e+00 2.000000000000000000e+00
1.113970095801521731e+00 2.000000000000000000e+00
1.152792386217841969e+00 2.000000000000000000e+00
1.159113166507367287e+00 2.000000000000000000e+00
1.162134275968712105e+00 2.000000000000000000e+00
1.205195821331761730e+00 2.000000000000000000e+00
1.225541507050734724e+00 2.000000000000000000e+00
1.233673302958236073e+00 2.000000000000000000e+00
1.250753792038847623e+00 2.000000000000000000e+00
1.258758853394660315e+00 2.000000000000000000e+00
1.277153155241136595e+00 2.000000000000000000e+00
1.283077777838478539e+00 2.000000000000000000e+00
1.304020468515317610e+00 2.000000000000000000e+00
1.334126700945850619e+00 2.000000000000000000e+00
1.359392298734268811e+00 2.000000000000000000e+00
1.375707668733815447e+00 2.000000000000000000e+00
1.383728103324329828e+00 2.000000000000000000e+00
1.411106466258983838e+00 2.000000000000000000e+00
1.443676719480785575e+00 2.000000000000000000e+00
1.447018457986467110e+00 2.000000000000000000e+00
1.475037390063590248e+00 2.000000000000000000e+00
1.490504289398670634e+00 2.000000000000000000e+00
1.522045731037979577e+00 2.000000000000000000e+00
1.525179924204103976e+00 2.000000000000000000e+00
1.551741799487048601e+00 2.000000000000000000e+00
1.559990195441917749e+00 2.000000000000000000e+00
1.583359622280759771e+00 2.000000000000000000e+00
1.592339199488491674e+00 2.000000000000000000e+00
1.609746578547398110e+00 2.000000000000000000e+00
1.651574234675559971e+00 2.000000000000000000e+00
1.679881016136997252e+00 2.000000000000000000e+00
1.689590517495254796e+00 2.000000000000000000e+00
1.717683751010203208e+00 2.000000000000000000e+00
1.766159328205929580e+00 2.000000000000000000e+00
1.780275009682640741e+00 2.000000000000000000e+00
1.818510442318099773e+00 2.000000000000000000e+00
1.830849394040839240e+00 2.000000000000000000e+00
1.862091999910155060e+00 2.000000000000000000e+00
1.886904129633842020e+00 2.000000000000000000e+00
1.895685237711342230e+00 2.000000000000000000e+00
1.912723657655625464e+00 2.000000000000000000e+00
1.928721232967014032e+00 2.000000000000000000e+00
1.978679154061064205e+00 2.000000000000000000e+00
1.994599843301216202e+00 2.000000000000000000e+00
2.069661170618273260e+00 2.000000000000000000e+00
2.088222126956778890e+00 2.000000000000000000e+00
2.108322278080680956e+00 2.000000000000000000e+00
2.156590058690392553e+00 2.000000000000000000e+00
2.167601558825870356e+00 2.000000000000000000e+00
2.176840098328081119e+00 2.000000000000000000e+00
2.212047620928668135e+00 2.000000000000000000e+00
2.282968598072640631e+00 2.000000000000000000e+00
2.305186760272559088e+00 2.000000000000000000e+00
2.310750071743908229e+00 2.000000000000000000e+00
2.365808493363163567e+00 2.000000000000000000e+00
2.390933530185944011e+00 2.000000000000000000e+00
2.406915909678651211e+00 2.000000000000000000e+00
2.535157393785742563e+00 2.000000000000000000e+00
2.598617486061733928e+00 2.000000000000000000e+00
2.632334687214181734e+00 2.000000000000000000e+00
2.670027997209175830e+00 2.000000000000000000e+00
2.709408111050901180e+00 2.000000000000000000e+00
2.723890589648307436e+00 2.000000000000000000e+00
2.766559985808970445e+00 2.000000000000000000e+00
2.790843287094260550e+00 2.000000000000000000e+00
2.870119687838474931e+00 2.000000000000000000e+00
3.072394234427881177e+00 2.000000000000000000e+00
3.184439741709813809e+00 2.000000000000000000e+00
3.250695580149266739e+00 2.000000000000000000e+00
3.295227798010151865e+00 2.000000000000000000e+00
3.342214183842107111e+00 2.000000000000000000e+00
3.570218346747601412e+00 2.000000000000000000e+00
3.813364929445620444e+00 2.000000000000000000e+00
4.051360982716378345e+00 2.000000000000000000e+00
-3.017614588010673504e+00 1.000000000000000000e+00
-2.855931898691843163e+00 1.000000000000000000e+00
-2.680809108208543901e+00 1.000000000000000000e+00
-2.558059956948860680e+00 1.000000000000000000e+00
-2.511866752115651025e+00 1.000000000000000000e+00
-2.413712207594084891e+00 1.000000000000000000e+00
-2.384434018034411018e+00 1.000000000000000000e+00
-2.223666090152669028e+00 1.000000000000000000e+00
-2.217360516720676245e+00 1.000000000000000000e+00
-2.142481930013126146e+00 1.000000000000000000e+00
-2.113253061510740771e+00 1.000000000000000000e+00
-2.060122363060215900e+00 1.000000000000000000e+00
-2.049829219365807642e+00 1.000000000000000000e+00
-1.951149260674877928e+00 1.000000000000000000e+00
-1.934709345944771508e+00 1.000000000000000000e+00
-1.849374550587912225e+00 1.000000000000000000e+00
-1.828468799470959194e+00 1.000000000000000000e+00
-1.826558814696418676e+00 1.000000000000000000e+00
-1.793829005919389763e+00 1.000000000000000000e+00
-1.761915422437632772e+00 1.000000000000000000e+00
-1.750272006941288483e+00 1.000000000000000000e+00
-1.699898023984798945e+00 1.000000000000000000e+00
-1.677166335544099107e+00 1.000000000000000000e+00
-1.624908902678098510e+00 1.000000000000000000e+00
-1.601164260116437754e+00 1.000000000000000000e+00
-1.588231007781379045e+00 1.000000000000000000e+00
-1.560396109548104704e+00 1.000000000000000000e+00
-1.546875386907920147e+00 1.000000000000000000e+00
-1.495658668563074389e+00 1.000000000000000000e+00
-1.480627553262988894e+00 1.000000000000000000e+00
-1.444727565035479389e+00 1.000000000000000000e+00
-1.403379865811123839e+00 1.000000000000000000e+00
-1.379818117349136397e+00 1.000000000000000000e+00
-1.369100496678900436e+00 1.000000000000000000e+00
-1.343393174520594924e+00 1.000000000000000000e+00
-1.309042619750199421e+00 1.000000000000000000e+00
-1.304947251649790196e+00 1.000000000000000000e+00
-1.267900414374645734e+00 1.000000000000000000e+00
-1.245182556996293766e+00 1.000000000000000000e+00
-1.234510984629137997e+00 1.000000000000000000e+00
-1.216209181374436676e+00 1.000000000000000000e+00
-1.208783656625724401e+00 1.000000000000000000e+00
-1.204228376358033703e+00 1.000000000000000000e+00
-1.168378213881644756e+00 1.000000000000000000e+00
-1.154913047063416354e+00 1.000000000000000000e+00
-1.116933686936500969e+00 1.000000000000000000e+00
-1.109151689510493366e+00 1.000000000000000000e+00
-1.095469152955670600e+00 1.000000000000000000e+00
-1.059392744163507594e+00 1.000000000000000000e+00
-1.018528444566938918e+00 1.000000000000000000e+00
-1.012155300395999546e+00 1.000000000000000000e+00
-9.835566261817926259e-01 1.000000000000000000e+00
-9.719787687164410661e-01 1.000000000000000000e+00
-9.589818432032597428e-01 1.000000000000000000e+00
-9.468362359393756034e-01 1.000000000000000000e+00
-9.196414332812019587e-01 1.000000000000000000e+00
-9.128620479914275609e-01 1.000000000000000000e+00
-8.856687079029618159e-01 1.000000000000000000e+00
-8.796163137229692230e-01 1.000000000000000000e+00
-8.585667241175917175e-01 1.000000000000000000e+00
-8.440946029447171650e-01 1.000000000000000000e+00
-8.236827394946211189e-01 1.000000000000000000e+00
-7.968054853238597524e-01 1.000000000000000000e+00
-7.902627109086707291e-01 1.000000000000000000e+00
-7.750046104352352749e-01 1.000000000000000000e+00
-7.597955515058464337e-01 1.000000000000000000e+00
-7.390723301662308620e-01 1.000000000000000000e+00
-7.222435714242885219e-01 1.000000000000000000e+00
-7.094410524922603045e-01 1.000000000000000000e+00
-7.007337302688922964e-01 1.000000000000000000e+00
-6.737483479031888267e-01 1.000000000000000000e+00
-6.734748340752825246e-01 1.000000000000000000e+00
-6.416693690335945055e-01 1.000000000000000000e+00
-6.209244983964226083e-01 1.000000000000000000e+00
-6.118471047722494616e-01 1.000000000000000000e+00
-5.834142364024823557e-01 1.000000000000000000e+00
-5.830857119885693995e-01 1.000000000000000000e+00
-5.746660003530025262e-01 1.000000000000000000e+00
-5.561124044766279084e-01 1.000000000000000000e+00
-5.446573342169650500e-01 1.000000000000000000e+00
-5.229631784035058129e-01 1.000000000000000000e+00
-5.057792126710720648e-01 1.000000000000000000e+00
-4.858286455108047353e-01 1.000000000000000000e+00
-4.648393188144286370e-01 1.000000000000000000e+00
-4.578645711887708303e-01 1.000000000000000000e+00
-4.244885635109783006e-01 1.000000000000000000e+00
-4.179692221346452130e-01 1.000000000000000000e+00
-4.015159111943864545e-01 1.000000000000000000e+00
-3.892510699257513140e-01 1.000000000000000000e+00
-3.772205597900166740e-01 1.000000000000000000e+00
-3.517790999115051886e-01 1.000000000000000000e+00
-3.395452960869773662e-01 1.000000000000000000e+00
-3.225009848754640251e-01 1.000000000000000000e+00
-3.121300919461547085e-01 1.000000000000000000e+00
-2.924434240244419003e-01 1.000000000000000000e+00
-2.853040803457835284e-01 1.000000000000000000e+00
-2.642580296831955611e-01 1.000000000000000000e+00
-2.557475541702994293e-01 1.000000000000000000e+00
-2.428844219251092840e-01 1.000000000000000000e+00
-2.292001056425731764e-01 1.000000000000000000e+00
-2.122937906031577004e-01 1.000000000000000000e+00
-2.053077997200364879e-01 1.000000000000000000e+00
-1.910261459537033746e-01 1.000000000000000000e+00
-1.735742770084905684e-01 1.000000000000000000e+00
-1.622175486306602354e-01 1.000000000000000000e+00
-1.562413049898984108e-01 1.000000000000000000e+00
-1.439644925218071525e-01 1.000000000000000000e+00
-1.389264702628801029e-01 1.000000000000000000e+00
-1.273969808085293198e-01 1.000000000000000000e+00
-1.132199854460980010e-01 1.000000000000000000e+00
-1.046790537104468066e-01 1.000000000000000000e+00
-7.777927237586033937e-02 1.000000000000000000e+00
-7.156315994628732746e-02 1.000000000000000000e+00
-4.746584116073861159e-02 1.000000000000000000e+00
-4.072256323162445901e-02 1.000000000000000000e+00
-1.399958051019884950e-02 1.000000000000000000e+00
1.314237681070959179e-03 1.000000000000000000e+00
1.230144887229291106e-02 1.000000000000000000e+00
1.906983626745346883e-02 1.000000000000000000e+00
2.041381184744700886e-02 1.000000000000000000e+00
3.915454199594972651e-02 1.000000000000000000e+00
4.947658663718696587e-02 1.000000000000000000e+00
5.215879821109842274e-02 1.000000000000000000e+00
7.225508776505813746e-02 1.000000000000000000e+00
9.561170716461910024e-02 1.000000000000000000e+00
1.100386067132837209e-01 1.000000000000000000e+00
1.244958340596676039e-01 1.000000000000000000e+00
1.378914645684286289e-01 1.000000000000000000e+00
1.480693273131435950e-01 1.000000000000000000e+00
1.560979984428327860e-01 1.000000000000000000e+00
1.670619106114019092e-01 1.000000000000000000e+00
1.841877901684077223e-01 1.000000000000000000e+00
2.001124290250910209e-01 1.000000000000000000e+00
2.042270530666971673e-01 1.000000000000000000e+00
2.259209186741404085e-01 1.000000000000000000e+00
2.361381990395471642e-01 1.000000000000000000e+00
2.527131436708733858e-01 1.000000000000000000e+00
2.637864480720335525e-01 1.000000000000000000e+00
2.812026493674818495e-01 1.000000000000000000e+00
2.996174279351364600e-01 1.000000000000000000e+00
3.120385952661336448e-01 1.000000000000000000e+00
3.167519605442158936e-01 1.000000000000000000e+00
3.320327080735676617e-01 1.000000000000000000e+00
3.503642008799527363e-01 1.000000000000000000e+00
3.670737981471002831e-01 1.000000000000000000e+00
3.869580935903789154e-01 1.000000000000000000e+00
4.003657744600637725e-01 1.000000000000000000e+00
4.105693720106814437e-01 1.000000000000000000e+00
4.260793395905649872e-01 1.000000000000000000e+00
4.328489105381275182e-01 1.000000000000000000e+00
4.408302954926909822e-01 1.000000000000000000e+00
4.611260760548273607e-01 1.000000000000000000e+00
4.831283593909230234e-01 1.000000000000000000e+00
4.955432195968943465e-01 1.000000000000000000e+00
5.056688605883987719e-01 1.000000000000000000e+00
5.214194975358590334e-01 1.000000000000000000e+00
5.282763560422422122e-01 1.000000000000000000e+00
5.437458320316650440e-01 1.000000000000000000e+00
5.645735151059202428e-01 1.000000000000000000e+00
5.730084639671069180e-01 1.000000000000000000e+00
5.899901507124657440e-01 1.000000000000000000e+00
5.992185895238094639e-01 1.000000000000000000e+00
6.032597361096720956e-01 1.000000000000000000e+00
6.088511127880968932e-01 1.000000000000000000e+00
6.148792521281556400e-01 1.000000000000000000e+00
6.419327489821360366e-01 1.000000000000000000e+00
6.509454236537169924e-01 1.000000000000000000e+00
6.806851815302031872e-01 1.000000000000000000e+00
6.920867268007989681e-01 1.000000000000000000e+00
7.011030950482285418e-01 1.000000000000000000e+00
7.128333046967642028e-01 1.000000000000000000e+00
7.359001088380628941e-01 1.000000000000000000e+00
7.574858570705498284e-01 1.000000000000000000e+00
7.642756551752613037e-01 1.000000000000000000e+00
7.676294206527409791e-01 1.000000000000000000e+00
7.970836677418338123e-01 1.000000000000000000e+00
8.254237144747866850e-01 1.000000000000000000e+00
8.405210276545919124e-01 1.000000000000000000e+00
8.441620227310772107e-01 1.000000000000000000e+00
8.663601963183976684e-01 1.000000000000000000e+00
8.738878697928738060e-01 1.000000000000000000e+00
8.861784364497837796e-01 1.000000000000000000e+00
8.957802294161714141e-01 1.000000000000000000e+00
9.133427290392064357e-01 1.000000000000000000e+00
9.249303098654404476e-01 1.000000000000000000e+00
9.355581023817571840e-01 1.000000000000000000e+00
9.506962256284051671e-01 1.000000000000000000e+00
9.631715926248789472e-01 1.000000000000000000e+00
9.774913432208734987e-01 1.000000000000000000e+00
9.824927142320438733e-01 1.000000000000000000e+00
1.011194765124250550e+00 1.000000000000000000e+00
1.027546107307184320e+00 1.000000000000000000e+00
1.036855634725826203e+00 1.000000000000000000e+00
1.050570438822640673e+00 1.000000000000000000e+00
1.055953773815328400e+00 1.000000000000000000e+00
1.064811609075983823e+00 1.000000000000000000e+00
1.071813628963684817e+00 1.000000000000000000e+00
1.087469720388751337e+00 1.000000000000000000e+00
1.113149584423112959e+00 1.000000000000000000e+00
1.125822528724127469e+00 1.000000000000000000e+00
1.132266500490425098e+00 1.000000000000000000e+00
1.155098731243698218e+00 1.000000000000000000e+00
1.173603211813966540e+00 1.000000000000000000e+00
1.192920122124012661e+00 1.000000000000000000e+00
1.207039317583260551e+00 1.000000000000000000e+00
1.216057717411479056e+00 1.000000000000000000e+00
1.228864611933572881e+00 1.000000000000000000e+00
1.267884036730225761e+00 1.000000000000000000e+00
1.273806539982467845e+00 1.000000000000000000e+00
1.290977456203464602e+00 1.000000000000000000e+00
1.297842929885379970e+00 1.000000000000000000e+00
1.320169575766804604e+00 1.000000000000000000e+00
1.329026452986972862e+00 1.000000000000000000e+00
1.357009442770839014e+00 1.000000000000000000e+00
1.364335802390268748e+00 1.000000000000000000e+00
1.373539460094922893e+00 1.000000000000000000e+00
1.388641751023474313e+00 1.000000000000000000e+00
1.423629418595899310e+00 1.000000000000000000e+00
1.432608140545601705e+00 1.000000000000000000e+00
1.457944363403993027e+00 1.000000000000000000e+00
1.485927793649457485e+00 1.000000000000000000e+00
1.504836043627366671e+00 1.000000000000000000e+00
1.514878330704796161e+00 1.000000000000000000e+00
1.529754205961382008e+00 1.000000000000000000e+00
1.539222319343388268e+00 1.000000000000000000e+00
1.558602909952880644e+00 1.000000000000000000e+00
1.563881844056532744e+00 1.000000000000000000e+00
1.584384682446135173e+00 1.000000000000000000e+00
1.590696480093849230e+00 1.000000000000000000e+00
1.600026318384749180e+00 1.000000000000000000e+00
1.638011159674373829e+00 1.000000000000000000e+00
1.650826509218410898e+00 1.000000000000000000e+00
1.685605848326885203e+00 1.000000000000000000e+00
1.690891727185028115e+00 1.000000000000000000e+00
1.751083220257776629e+00 1.000000000000000000e+00
1.765833872946554139e+00 1.000000000000000000e+00
1.782812528629521553e+00 1.000000000000000000e+00
1.788793153508943412e+00 1.000000000000000000e+00
1.806382802613034633e+00 1.000000000000000000e+00
1.818401651048195511e+00 1.000000000000000000e+00
1.826132909965203943e+00 1.000000000000000000e+00
1.857569887319528545e+00 1.000000000000000000e+00
1.873596635060332138e+00 1.000000000000000000e+00
1.902701309981112754e+00 1.000000000000000000e+00
1.921919742559372368e+00 1.000000000000000000e+00
1.952080169157526024e+00 1.000000000000000000e+00
1.974297104261959035e+00 1.000000000000000000e+00
2.015081645657609943e+00 1.000000000000000000e+00
2.032534830407957127e+00 1.000000000000000000e+00
2.055375484994627300e+00 1.000000000000000000e+00
2.069836035297560439e+00 1.000000000000000000e+00
2.079711496294822659e+00 1.000000000000000000e+00
2.117493542676664120e+00 1.000000000000000000e+00
2.144200857526652015e+00 1.000000000000000000e+00
2.180055795853423017e+00 1.000000000000000000e+00
2.204970442831651223e+00 1.000000000000000000e+00
2.231954825127023589e+00 1.000000000000000000e+00
2.244187755521543703e+00 1.000000000000000000e+00
2.254138558685194749e+00 1.000000000000000000e+00
2.285053613988242027e+00 1.000000000000000000e+00
2.315722354776788006e+00 1.000000000000000000e+00
2.353049230075403120e+00 1.000000000000000000e+00
2.372934078438183825e+00 1.000000000000000000e+00
2.394351726129974711e+00 1.000000000000000000e+00
2.415350214493657166e+00 1.000000000000000000e+00
2.435539103207675193e+00 1.000000000000000000e+00
2.494985556489570211e+00 1.000000000000000000e+00
2.525129807452680009e+00 1.000000000000000000e+00
2.526835606405483770e+00 1.000000000000000000e+00
2.568183109635858496e+00 1.000000000000000000e+00
2.580780437280079553e+00 1.000000000000000000e+00
2.629479998282684861e+00 1.000000000000000000e+00
2.670880035729625845e+00 1.000000000000000000e+00
2.692792886606399261e+00 1.000000000000000000e+00
2.721595703473085770e+00 1.000000000000000000e+00
2.794956861958665328e+00 1.000000000000000000e+00
2.816915993229002435e+00 1.000000000000000000e+00
2.850117642812797669e+00 1.000000000000000000e+00
2.865968267324305430e+00 1.000000000000000000e+00
2.903412384799591628e+00 1.000000000000000000e+00
2.949270666892488624e+00 1.000000000000000000e+00
3.063140068940417571e+00 1.000000000000000000e+00
3.074255140923256580e+00 1.000000000000000000e+00
3.147448614624663410e+00 1.000000000000000000e+00
3.158815003215627470e+00 1.000000000000000000e+00
3.215789300811138673e+00 1.000000000000000000e+00
3.264343207211401587e+00 1.000000000000000000e+00
3.413100123104178873e+00 1.000000000000000000e+00
3.475085090955237543e+00 1.000000000000000000e+00
3.508473218447718978e+00 1.000000000000000000e+00
3.597790083769769609e+00 1.000000000000000000e+00
3.685925666634093378e+00 1.000000000000000000e+00
3.837239074171111319e+00 1.000000000000000000e+00
3.862039284874710265e+00 1.000000000000000000e+00
4.174526127350768334e+00 1.000000000000000000e+00
4.331691630389779668e+00 1.000000000000000000e+00
4.888838490964417360e+00 1.000000000000000000e+00
-2.860048273488435822e+00 0.000000000000000000e+00
-2.517825581088637410e+00 0.000000000000000000e+00
-2.397449402463184942e+00 0.000000000000000000e+00
-2.116314513013633825e+00 0.000000000000000000e+00
-2.061040159276142258e+00 0.000000000000000000e+00
-1.893110346006546152e+00 0.000000000000000000e+00
-1.846978556224602164e+00 0.000000000000000000e+00
-1.824345192604134303e+00 0.000000000000000000e+00
-1.763462830435011730e+00 0.000000000000000000e+00
-1.620085801527241021e+00 0.000000000000000000e+00
-1.561586024419578944e+00 0.000000000000000000e+00
-1.534968548927738929e+00 0.000000000000000000e+00
-1.480028767076453367e+00 0.000000000000000000e+00
-1.322997344922292262e+00 0.000000000000000000e+00
-1.244163546729241121e+00 0.000000000000000000e+00
-1.242629355776443623e+00 0.000000000000000000e+00
-1.218586757863996173e+00 0.000000000000000000e+00
-1.150601567067556452e+00 0.000000000000000000e+00
-1.122289881099562292e+00 0.000000000000000000e+00
-1.092383564521039352e+00 0.000000000000000000e+00
-1.047153007466390839e+00 0.000000000000000000e+00
-1.014142175951675329e+00 0.000000000000000000e+00
-9.727842729538562772e-01 0.000000000000000000e+00
-9.460163398401942869e-01 0.000000000000000000e+00
-8.602524671811673240e-01 0.000000000000000000e+00
-7.699657320237519587e-01 0.000000000000000000e+00
-7.201698264130244054e-01 0.000000000000000000e+00
-6.975818248656965315e-01 0.000000000000000000e+00
-6.426585473510731950e-01 0.000000000000000000e+00
-6.140697828602620367e-01 0.000000000000000000e+00
-5.951204471977187271e-01 0.000000000000000000e+00
-5.333024680791507155e-01 0.000000000000000000e+00
-5.300590170184714678e-01 0.000000000000000000e+00
-4.986227104693427004e-01 0.000000000000000000e+00
-4.474947373132648343e-01 0.000000000000000000e+00
-4.235100042409176146e-01 0.000000000000000000e+00
-4.133040191853584733e-01 0.000000000000000000e+00
-3.569217554750861443e-01 0.000000000000000000e+00
-3.228613304974559672e-01 0.000000000000000000e+00
-2.572156779934100523e-01 0.000000000000000000e+00
-2.238367753075110322e-01 0.000000000000000000e+00
-1.979087803044648486e-01 0.000000000000000000e+00
-1.523657227083038135e-01 0.000000000000000000e+00
-1.297083895880961346e-01 0.000000000000000000e+00
-1.032993959394694211e-01 0.000000000000000000e+00
-7.732332711346720511e-02 0.000000000000000000e+00
-2.944892166839481115e-02 0.000000000000000000e+00
-2.176603784553826290e-02 0.000000000000000000e+00
1.410404259876528975e-02 0.000000000000000000e+00
3.305413459949798488e-02 0.000000000000000000e+00
7.041282672309859270e-02 0.000000000000000000e+00
8.638739926271041258e-02 0.000000000000000000e+00
1.361694814936932618e-01 0.000000000000000000e+00
1.917184549566916252e-01 0.000000000000000000e+00
2.137605898364201562e-01 0.000000000000000000e+00
2.324199614372996492e-01 0.000000000000000000e+00
2.400294105539491074e-01 0.000000000000000000e+00
2.862227395770984839e-01 0.000000000000000000e+00
3.163415664452031151e-01 0.000000000000000000e+00
3.432537444702840612e-01 0.000000000000000000e+00
4.119238259008524694e-01 0.000000000000000000e+00
4.376015042836701174e-01 0.000000000000000000e+00
4.495043719540752214e-01 0.000000000000000000e+00
4.935590444973091961e-01 0.000000000000000000e+00
5.082024592469865931e-01 0.000000000000000000e+00
5.694673025053269555e-01 0.000000000000000000e+00
6.189694348635721433e-01 0.000000000000000000e+00
6.500742246187239948e-01 0.000000000000000000e+00
6.886317077839476664e-01 0.000000000000000000e+00
7.042074049849329498e-01 0.000000000000000000e+00
7.204661694181682119e-01 0.000000000000000000e+00
7.301519932951763270e-01 0.000000000000000000e+00
7.598422378500283569e-01 0.000000000000000000e+00
7.948540507524760601e-01 0.000000000000000000e+00
8.615315251987935019e-01 0.000000000000000000e+00
8.688911920718725979e-01 0.000000000000000000e+00
9.136674764854216813e-01 0.000000000000000000e+00
9.310230524580198619e-01 0.000000000000000000e+00
9.681049116522744136e-01 0.000000000000000000e+00
9.898510362195803713e-01 0.000000000000000000e+00
1.028559150192239757e+00 0.000000000000000000e+00
1.063799598964463966e+00 0.000000000000000000e+00
1.073230903553574977e+00 0.000000000000000000e+00
1.084072987153024137e+00 0.000000000000000000e+00
1.160674594802129977e+00 0.000000000000000000e+00
1.177673509523310180e+00 0.000000000000000000e+00
1.219912415600609146e+00 0.000000000000000000e+00
1.242105864068837384e+00 0.000000000000000000e+00
1.288146655752520298e+00 0.000000000000000000e+00
1.303340072937888339e+00 0.000000000000000000e+00
1.344249084708618369e+00 0.000000000000000000e+00
1.356974980482292148e+00 0.000000000000000000e+00
1.363411832012308311e+00 0.000000000000000000e+00
1.476793595401234560e+00 0.000000000000000000e+00
1.487513431487125670e+00 0.000000000000000000e+00
1.533394123668507580e+00 0.000000000000000000e+00
1.553359119653053178e+00 0.000000000000000000e+00
1.618095808120981749e+00 0.000000000000000000e+00
1.637843951026683564e+00 0.000000000000000000e+00
1.690647810553373542e+00 0.000000000000000000e+00
1.732506368320087420e+00 0.000000000000000000e+00
1.741079633088876699e+00 0.000000000000000000e+00
1.783067947522509522e+00 0.000000000000000000e+00
1.820421921171566648e+00 0.000000000000000000e+00
1.880926290983549798e+00 0.000000000000000000e+00
1.938631647819430315e+00 0.000000000000000000e+00
1.953300200386280050e+00 0.000000000000000000e+00
2.048451644867943955e+00 0.000000000000000000e+00
2.074649485403020410e+00 0.000000000000000000e+00
2.117031605847041753e+00 0.000000000000000000e+00
2.190424052059154469e+00 0.000000000000000000e+00
2.206441222191338536e+00 0.000000000000000000e+00
2.248765212197075591e+00 0.000000000000000000e+00
2.289835312046449189e+00 0.000000000000000000e+00
2.394416726200589984e+00 0.000000000000000000e+00
2.480410036966604892e+00 0.000000000000000000e+00
2.513902963108781474e+00 0.000000000000000000e+00
2.570530570760043876e+00 0.000000000000000000e+00
2.674109938930224750e+00 0.000000000000000000e+00
2.714156772542537066e+00 0.000000000000000000e+00
2.798867822632070901e+00 0.000000000000000000e+00
2.804919798622744764e+00 0.000000000000000000e+00
2.968842449926407223e+00 0.000000000000000000e+00
3.045998065217908835e+00 0.000000000000000000e+00
3.138914896754925632e+00 0.000000000000000000e+00
3.330031830146031435e+00 0.000000000000000000e+00
3.539644255371296566e+00 0.000000000000000000e+00
3.625038666259511100e+00 0.000000000000000000e+00
3.774793228448773963e+00 0.000000000000000000e+00
4.034583836758677933e+00 0.000000000000000000e+00
4.333168283558473277e+00 0.000000000000000000e+00
4.763698055615476434e+00 0.000000000000000000e+00
