# Runtime: 9.14891791343689
-1.000000000000000222e+00 3.500000000000000000e+00
-1.669350744044260093e+00 2.500000000000000000e+00
-8.305739505366744879e-01 2.500000000000000000e+00
-5.813522340854456738e-01 2.500000000000000000e+00
-6.198601060014739123e-02 2.500000000000000000e+00
4.531467737600165524e-01 2.500000000000000000e+00
6.901161655065106704e-01 2.500000000000000000e+00
-1.743277945755232983e+00 1.500000000000000000e+00
-1.243285162983828185e+00 1.500000000000000000e+00
-8.820015372934788545e-01 1.500000000000000000e+00
-6.199953002712901284e-01 1.500000000000000000e+00
-4.098848776838348029e-01 1.500000000000000000e+00
-3.155147636169819414e-01 1.500000000000000000e+00
3.631208682853511588e-02 1.500000000000000000e+00
1.802534184183888499e-01 1.500000000000000000e+00
4.359966166227118300e-01 1.500000000000000000e+00
7.021527873130397612e-01 1.500000000000000000e+00
1.033007837781472871e+00 1.500000000000000000e+00
1.273530446903431423e+00 1.500000000000000000e+00
1.409897099164063361e+00 1.500000000000000000e+00
2.142809294573008838e+00 1.500000000000000000e+00
-1.778327623010973690e+00 5.000000000000000000e-01
-1.268105796781824557e+00 5.000000000000000000e-01
-5.097418790530059418e-01 5.000000000000000000e-01
-4.327090827272486728e-01 5.000000000000000000e-01
-2.173992540563007558e-01 5.000000000000000000e-01
1.236726600267447906e-01 5.000000000000000000e-01
2.264079051927248842e-01 5.000000000000000000e-01
5.420166421325338657e-01 5.000000000000000000e-01
8.118505025986555435e-01 5.000000000000000000e-01
9.997516259326443278e-01 5.000000000000000000e-01
1.262533492828405990e+00 5.000000000000000000e-01
1.628211727604500281e+00 5.000000000000000000e-01
1.895684224137711649e+00 5.000000000000000000e-01
2.716154855175436644e+00 5.000000000000000000e-01
