# Runtime: 21.84212303161621
-2.250000000000001776e+00 6.000000000000000000e+00
-2.916673356710868248e+00 5.000000000000000000e+00
-2.201506098121955635e+00 5.000000000000000000e+00
-2.116025403784440595e+00 5.000000000000000000e+00
-1.859780671616839909e+00 5.000000000000000000e+00
-1.750000000000000888e+00 5.000000000000000000e+00
-1.332851556207154342e+00 5.000000000000000000e+00
-1.250000000000000444e+00 5.000000000000000000e+00
-7.933724091526702660e-01 5.000000000000000000e+00
-7.500000000000007772e-01 5.000000000000000000e+00
-3.958159081905149868e-01 5.000000000000000000e+00
-3.839745962155612924e-01 5.000000000000000000e+00
-2.962991421662093394e+00 4.000000000000000000e+00
-2.776162014842257886e+00 4.000000000000000000e+00
-2.731516902375188405e+00 4.000000000000000000e+00
-2.296806048822321422e+00 4.000000000000000000e+00
-2.275170262139472932e+00 4.000000000000000000e+00
-2.147705987424099128e+00 4.000000000000000000e+00
-2.065049657540542150e+00 4.000000000000000000e+00
-1.974725611006620918e+00 4.000000000000000000e+00
-1.813944985105131247e+00 4.000000000000000000e+00
-1.760484900705176381e+00 4.000000000000000000e+00
-1.730802108033621556e+00 4.000000000000000000e+00
-1.721067986096399771e+00 4.000000000000000000e+00
-1.693803565033050074e+00 4.000000000000000000e+00
-1.634023374079148772e+00 4.000000000000000000e+00
-1.463220737802751525e+00 4.000000000000000000e+00
-1.443836752255972078e+00 4.000000000000000000e+00
-1.355793189353801331e+00 4.000000000000000000e+00
-1.273852978567742600e+00 4.000000000000000000e+00
-1.235456912889571379e+00 4.000000000000000000e+00
-1.189467788810572912e+00 4.000000000000000000e+00
-1.176183920775144998e+00 4.000000000000000000e+00
-1.161086395207295174e+00 4.000000000000000000e+00
-1.088545403385493548e+00 4.000000000000000000e+00
-9.603184253333677534e-01 4.000000000000000000e+00
-9.555209453064957836e-01 4.000000000000000000e+00
-8.256131652576086388e-01 4.000000000000000000e+00
-7.768972247053639313e-01 4.000000000000000000e+00
-7.013417307027396408e-01 4.000000000000000000e+00
-6.850330905108269475e-01 4.000000000000000000e+00
-6.038409289894620668e-01 4.000000000000000000e+00
-5.645486034403871534e-01 4.000000000000000000e+00
-3.474211544831860010e-01 4.000000000000000000e+00
-3.297736175710229145e-01 4.000000000000000000e+00
-3.157462250191518938e-01 4.000000000000000000e+00
-3.138233168621837321e-01 4.000000000000000000e+00
-3.063598775349727354e-01 4.000000000000000000e+00
-1.932705449752623317e-01 4.000000000000000000e+00
-1.816341892250615542e-01 4.000000000000000000e+00
-7.839374778107502384e-02 4.000000000000000000e+00
-4.949990128828128666e-02 4.000000000000000000e+00
5.634963907144405898e-02 4.000000000000000000e+00
6.104679331642021145e-02 4.000000000000000000e+00
1.892938925911940573e-01 4.000000000000000000e+00
2.021443194651008912e-01 4.000000000000000000e+00
3.513931026144486158e-01 4.000000000000000000e+00
3.610606427027096554e-01 4.000000000000000000e+00
5.740203184197375519e-01 4.000000000000000000e+00
5.787971597416935454e-01 4.000000000000000000e+00
7.052034905377072560e-01 4.000000000000000000e+00
9.593911382850538461e-01 4.000000000000000000e+00
9.664112941666874734e-01 4.000000000000000000e+00
1.090153925343021024e+00 4.000000000000000000e+00
1.095410574332582598e+00 4.000000000000000000e+00
1.470059302312094696e+00 4.000000000000000000e+00
-2.988879420581342483e+00 3.000000000000000000e+00
-2.787162786007101101e+00 3.000000000000000000e+00
-2.766248250918172946e+00 3.000000000000000000e+00
-2.603620506530219370e+00 3.000000000000000000e+00
-2.555019966154294497e+00 3.000000000000000000e+00
-2.530431920675353386e+00 3.000000000000000000e+00
-2.319707536271612636e+00 3.000000000000000000e+00
-2.311522186322525041e+00 3.000000000000000000e+00
-2.164922488372048814e+00 3.000000000000000000e+00
-2.162330522283069989e+00 3.000000000000000000e+00
-2.120440364310340886e+00 3.000000000000000000e+00
-2.107551605495154412e+00 3.000000000000000000e+00
-2.086066347513835684e+00 3.000000000000000000e+00
-2.005435010881414737e+00 3.000000000000000000e+00
-1.920164389005462935e+00 3.000000000000000000e+00
-1.826543525618892438e+00 3.000000000000000000e+00
-1.777107678540459812e+00 3.000000000000000000e+00
-1.761658450058761982e+00 3.000000000000000000e+00
-1.743122077787939705e+00 3.000000000000000000e+00
-1.712256268771454648e+00 3.000000000000000000e+00
-1.671381130671493631e+00 3.000000000000000000e+00
-1.646089107433299059e+00 3.000000000000000000e+00
-1.635513035860906017e+00 3.000000000000000000e+00
-1.583662494773282026e+00 3.000000000000000000e+00
-1.580028624583206920e+00 3.000000000000000000e+00
-1.544986032836046075e+00 3.000000000000000000e+00
-1.500559675145791250e+00 3.000000000000000000e+00
-1.423428935850877153e+00 3.000000000000000000e+00
-1.418407074198584805e+00 3.000000000000000000e+00
-1.396352208716866272e+00 3.000000000000000000e+00
-1.356255324688252939e+00 3.000000000000000000e+00
-1.340880806743021347e+00 3.000000000000000000e+00
-1.309315810945913761e+00 3.000000000000000000e+00
-1.260958759362262871e+00 3.000000000000000000e+00
-1.240245787807325639e+00 3.000000000000000000e+00
-1.184588772692251268e+00 3.000000000000000000e+00
-1.167218588767336973e+00 3.000000000000000000e+00
-1.125400246765189127e+00 3.000000000000000000e+00
-1.111202651617998249e+00 3.000000000000000000e+00
-1.094163676021505216e+00 3.000000000000000000e+00
-1.090147153752676790e+00 3.000000000000000000e+00
-1.051530230500799412e+00 3.000000000000000000e+00
-1.045754153574829814e+00 3.000000000000000000e+00
-1.035589770514482755e+00 3.000000000000000000e+00
-1.026622945284491495e+00 3.000000000000000000e+00
-1.001274921918043903e+00 3.000000000000000000e+00
-9.650916106084603818e-01 3.000000000000000000e+00
-9.523003910230999347e-01 3.000000000000000000e+00
-9.227487426073259780e-01 3.000000000000000000e+00
-8.874632787108455156e-01 3.000000000000000000e+00
-8.608844870725324006e-01 3.000000000000000000e+00
-8.520659565752380926e-01 3.000000000000000000e+00
-8.042666007219068103e-01 3.000000000000000000e+00
-7.598715149384466239e-01 3.000000000000000000e+00
-7.379693933107324133e-01 3.000000000000000000e+00
-7.337297100313724396e-01 3.000000000000000000e+00
-6.916185023799359399e-01 3.000000000000000000e+00
-6.630960869183228912e-01 3.000000000000000000e+00
-6.249334434273068339e-01 3.000000000000000000e+00
-6.135858281306922901e-01 3.000000000000000000e+00
-5.803921313845232799e-01 3.000000000000000000e+00
-5.795346095079350057e-01 3.000000000000000000e+00
-5.514015321602379061e-01 3.000000000000000000e+00
-5.466793016403602712e-01 3.000000000000000000e+00
-4.911701182615523242e-01 3.000000000000000000e+00
-4.837663662193975034e-01 3.000000000000000000e+00
-4.652349683519251267e-01 3.000000000000000000e+00
-4.394004402838934120e-01 3.000000000000000000e+00
-4.035464019939929425e-01 3.000000000000000000e+00
-3.819565403911036605e-01 3.000000000000000000e+00
-3.672087414636463487e-01 3.000000000000000000e+00
-2.842728986513036182e-01 3.000000000000000000e+00
-2.764079609263611625e-01 3.000000000000000000e+00
-2.564514621522016036e-01 3.000000000000000000e+00
-2.544842811230459967e-01 3.000000000000000000e+00
-2.498283548355634542e-01 3.000000000000000000e+00
-2.418443007590138638e-01 3.000000000000000000e+00
-2.276493408774295513e-01 3.000000000000000000e+00
-2.199580742059596139e-01 3.000000000000000000e+00
-1.485052406457561536e-01 3.000000000000000000e+00
-1.321296324331628635e-01 3.000000000000000000e+00
-1.215675680944852399e-01 3.000000000000000000e+00
-1.138328243391139583e-01 3.000000000000000000e+00
-1.031823825265327094e-01 3.000000000000000000e+00
-9.321955211459401203e-02 3.000000000000000000e+00
-2.732323578305262055e-02 3.000000000000000000e+00
8.785048843700628621e-03 3.000000000000000000e+00
2.529418517954163878e-02 3.000000000000000000e+00
2.980610519011493362e-02 3.000000000000000000e+00
4.668428244990826398e-02 3.000000000000000000e+00
4.713280867739483293e-02 3.000000000000000000e+00
6.901151535800148507e-02 3.000000000000000000e+00
1.037036407574406238e-01 3.000000000000000000e+00
1.113001665920246297e-01 3.000000000000000000e+00
1.124423092657609313e-01 3.000000000000000000e+00
1.209823112846113435e-01 3.000000000000000000e+00
1.421954246912219000e-01 3.000000000000000000e+00
2.309902160765162082e-01 3.000000000000000000e+00
2.560760768871249149e-01 3.000000000000000000e+00
2.835010439202153565e-01 3.000000000000000000e+00
2.901320482044419391e-01 3.000000000000000000e+00
2.935809923584298264e-01 3.000000000000000000e+00
3.359701619424703689e-01 3.000000000000000000e+00
4.101672642880472841e-01 3.000000000000000000e+00
4.192671485335685011e-01 3.000000000000000000e+00
4.224521937909231917e-01 3.000000000000000000e+00
4.373721581506599954e-01 3.000000000000000000e+00
4.454685846512519420e-01 3.000000000000000000e+00
4.601178916146693165e-01 3.000000000000000000e+00
4.677134894310892022e-01 3.000000000000000000e+00
4.784369186919650296e-01 3.000000000000000000e+00
6.214906778274976729e-01 3.000000000000000000e+00
6.324038685084444333e-01 3.000000000000000000e+00
6.513061277496920987e-01 3.000000000000000000e+00
6.731472187853714262e-01 3.000000000000000000e+00
6.745759928121907167e-01 3.000000000000000000e+00
7.031050187832502685e-01 3.000000000000000000e+00
7.963111373474391907e-01 3.000000000000000000e+00
8.137995865216869351e-01 3.000000000000000000e+00
8.205320239446722841e-01 3.000000000000000000e+00
8.393433981858332560e-01 3.000000000000000000e+00
8.848930217141219856e-01 3.000000000000000000e+00
9.008351683159371293e-01 3.000000000000000000e+00
9.396675634051495640e-01 3.000000000000000000e+00
9.452813022869729354e-01 3.000000000000000000e+00
1.008034829111333464e+00 3.000000000000000000e+00
1.064699517417536212e+00 3.000000000000000000e+00
1.070458358100768281e+00 3.000000000000000000e+00
1.203605970057824326e+00 3.000000000000000000e+00
1.205937948100248791e+00 3.000000000000000000e+00
1.284591883594608630e+00 3.000000000000000000e+00
1.296777982855337186e+00 3.000000000000000000e+00
1.333195916686068294e+00 3.000000000000000000e+00
1.333500578056892039e+00 3.000000000000000000e+00
1.363117998382115337e+00 3.000000000000000000e+00
1.376965845769559937e+00 3.000000000000000000e+00
1.392966603182224983e+00 3.000000000000000000e+00
1.458609764011582932e+00 3.000000000000000000e+00
1.460206689099401434e+00 3.000000000000000000e+00
1.462930701681438794e+00 3.000000000000000000e+00
1.589466147024024112e+00 3.000000000000000000e+00
1.725779942641215925e+00 3.000000000000000000e+00
1.766385418231024129e+00 3.000000000000000000e+00
1.766883361683030618e+00 3.000000000000000000e+00
1.863028418776464967e+00 3.000000000000000000e+00
1.871157417978546400e+00 3.000000000000000000e+00
1.936686926229374883e+00 3.000000000000000000e+00
1.939735852324532051e+00 3.000000000000000000e+00
2.167509747389988028e+00 3.000000000000000000e+00
2.272840339153599842e+00 3.000000000000000000e+00
2.433594009915392320e+00 3.000000000000000000e+00
2.455054676669361502e+00 3.000000000000000000e+00
2.801546553174772303e+00 3.000000000000000000e+00
2.851777540390930454e+00 3.000000000000000000e+00
-3.005039710273978315e+00 2.000000000000000000e+00
-2.794854790663878319e+00 2.000000000000000000e+00
-2.785702720163117263e+00 2.000000000000000000e+00
-2.594831850383024552e+00 2.000000000000000000e+00
-2.553195491439172127e+00 2.000000000000000000e+00
-2.548895984882931121e+00 2.000000000000000000e+00
-2.398316077448644723e+00 2.000000000000000000e+00
-2.352812441516455078e+00 2.000000000000000000e+00
-2.333686062410990303e+00 2.000000000000000000e+00
-2.328639493621841972e+00 2.000000000000000000e+00
-2.209868747142304635e+00 2.000000000000000000e+00
-2.208247605571305616e+00 2.000000000000000000e+00
-2.137943927452133241e+00 2.000000000000000000e+00
-2.122259827756788120e+00 2.000000000000000000e+00
-2.017108601178082328e+00 2.000000000000000000e+00
-1.990886467261688164e+00 2.000000000000000000e+00
-1.988343612704808416e+00 2.000000000000000000e+00
-1.933806051070621645e+00 2.000000000000000000e+00
-1.914109528906364766e+00 2.000000000000000000e+00
-1.901935969484126687e+00 2.000000000000000000e+00
-1.839150954754057654e+00 2.000000000000000000e+00
-1.786677522976373611e+00 2.000000000000000000e+00
-1.785431045044562515e+00 2.000000000000000000e+00
-1.735205238388226823e+00 2.000000000000000000e+00
-1.700478421684056496e+00 2.000000000000000000e+00
-1.675072151950439014e+00 2.000000000000000000e+00
-1.638187572353356991e+00 2.000000000000000000e+00
-1.627964162798047010e+00 2.000000000000000000e+00
-1.591459638537201737e+00 2.000000000000000000e+00
-1.576008388206522337e+00 2.000000000000000000e+00
-1.556606409599546881e+00 2.000000000000000000e+00
-1.537766787182906603e+00 2.000000000000000000e+00
-1.522891377587228146e+00 2.000000000000000000e+00
-1.497731695844141786e+00 2.000000000000000000e+00
-1.455309783307945803e+00 2.000000000000000000e+00
-1.447417954263706896e+00 2.000000000000000000e+00
-1.424185438241560853e+00 2.000000000000000000e+00
-1.422673510688472698e+00 2.000000000000000000e+00
-1.358990975940883583e+00 2.000000000000000000e+00
-1.343717345034780575e+00 2.000000000000000000e+00
-1.336139013145335230e+00 2.000000000000000000e+00
-1.327187013138629412e+00 2.000000000000000000e+00
-1.291718048738198288e+00 2.000000000000000000e+00
-1.280256021255316901e+00 2.000000000000000000e+00
-1.244588363711685686e+00 2.000000000000000000e+00
-1.241278619410838724e+00 2.000000000000000000e+00
-1.234279126083849709e+00 2.000000000000000000e+00
-1.224571560599590381e+00 2.000000000000000000e+00
-1.205207358536025009e+00 2.000000000000000000e+00
-1.173028698507964984e+00 2.000000000000000000e+00
-1.109380280914400663e+00 2.000000000000000000e+00
-1.105946761822759417e+00 2.000000000000000000e+00
-1.088772181288589547e+00 2.000000000000000000e+00
-1.066507634725054832e+00 2.000000000000000000e+00
-1.058241922066439411e+00 2.000000000000000000e+00
-1.029048053641525406e+00 2.000000000000000000e+00
-1.019762834621115388e+00 2.000000000000000000e+00
-9.815157155189687677e-01 2.000000000000000000e+00
-9.765084232822052179e-01 2.000000000000000000e+00
-9.661546967072494052e-01 2.000000000000000000e+00
-9.599992738738288844e-01 2.000000000000000000e+00
-9.396654132660642311e-01 2.000000000000000000e+00
-9.386812125609598212e-01 2.000000000000000000e+00
-9.273202861739361369e-01 2.000000000000000000e+00
-8.830142933236396763e-01 2.000000000000000000e+00
-8.803780071780075156e-01 2.000000000000000000e+00
-8.653132350342406243e-01 2.000000000000000000e+00
-8.533602242067260812e-01 2.000000000000000000e+00
-8.480657962881344991e-01 2.000000000000000000e+00
-8.181562854098656246e-01 2.000000000000000000e+00
-8.180820120513692117e-01 2.000000000000000000e+00
-8.013919565733172989e-01 2.000000000000000000e+00
-7.911465669270212331e-01 2.000000000000000000e+00
-7.855623774066873288e-01 2.000000000000000000e+00
-7.334437295961216963e-01 2.000000000000000000e+00
-7.175328189073313379e-01 2.000000000000000000e+00
-7.158372749417474257e-01 2.000000000000000000e+00
-6.930318037668099507e-01 2.000000000000000000e+00
-6.814693559686668678e-01 2.000000000000000000e+00
-6.768486594275759938e-01 2.000000000000000000e+00
-6.388980468751137565e-01 2.000000000000000000e+00
-6.337155259398972174e-01 2.000000000000000000e+00
-6.257908198583882475e-01 2.000000000000000000e+00
-5.871094982659809114e-01 2.000000000000000000e+00
-5.788994113567873523e-01 2.000000000000000000e+00
-5.768459141563789805e-01 2.000000000000000000e+00
-5.573714350137624063e-01 2.000000000000000000e+00
-5.448277654193632857e-01 2.000000000000000000e+00
-5.304858007787321972e-01 2.000000000000000000e+00
-5.159811844867253638e-01 2.000000000000000000e+00
-5.046036250451785277e-01 2.000000000000000000e+00
-4.629040666133946713e-01 2.000000000000000000e+00
-4.556848048635115944e-01 2.000000000000000000e+00
-4.370082005089656607e-01 2.000000000000000000e+00
-4.323117206648400268e-01 2.000000000000000000e+00
-4.130595781761188245e-01 2.000000000000000000e+00
-3.989224170164035743e-01 2.000000000000000000e+00
-3.953265000657375516e-01 2.000000000000000000e+00
-3.764345472153244887e-01 2.000000000000000000e+00
-3.762054668103895216e-01 2.000000000000000000e+00
-3.537362891675218668e-01 2.000000000000000000e+00
-3.135405164032127323e-01 2.000000000000000000e+00
-3.099934485762942948e-01 2.000000000000000000e+00
-2.936863341183729714e-01 2.000000000000000000e+00
-2.571088975514708719e-01 2.000000000000000000e+00
-2.447327524084185746e-01 2.000000000000000000e+00
-2.399200666317778674e-01 2.000000000000000000e+00
-2.396222465673968904e-01 2.000000000000000000e+00
-2.285405079971065123e-01 2.000000000000000000e+00
-2.099647781721582784e-01 2.000000000000000000e+00
-1.970093089077100956e-01 2.000000000000000000e+00
-1.818335679068890098e-01 2.000000000000000000e+00
-1.692788087388608365e-01 2.000000000000000000e+00
-1.678722115820351357e-01 2.000000000000000000e+00
-1.461100826177753054e-01 2.000000000000000000e+00
-1.446220636104408597e-01 2.000000000000000000e+00
-1.214420016154527104e-01 2.000000000000000000e+00
-1.153372049288615975e-01 2.000000000000000000e+00
-8.823943741698110632e-02 2.000000000000000000e+00
-8.535298879703163977e-02 2.000000000000000000e+00
-7.116279957116403154e-02 2.000000000000000000e+00
-6.131811177894880283e-02 2.000000000000000000e+00
-3.000487833559760051e-02 2.000000000000000000e+00
-2.047406601936951204e-02 2.000000000000000000e+00
-1.887733889991974334e-02 2.000000000000000000e+00
-1.710292218330812866e-02 2.000000000000000000e+00
-1.076783118127553826e-02 2.000000000000000000e+00
-5.436758880564595067e-03 2.000000000000000000e+00
-1.359546280366208219e-03 2.000000000000000000e+00
6.464204559126297822e-02 2.000000000000000000e+00
8.729710366748888450e-02 2.000000000000000000e+00
8.804851065974536595e-02 2.000000000000000000e+00
9.094131357783168113e-02 2.000000000000000000e+00
1.084578254778274936e-01 2.000000000000000000e+00
1.296447859698857119e-01 2.000000000000000000e+00
1.311321252561863937e-01 2.000000000000000000e+00
1.339621279639207074e-01 2.000000000000000000e+00
1.690911888450663814e-01 2.000000000000000000e+00
1.810974777790952672e-01 2.000000000000000000e+00
1.816673157452763365e-01 2.000000000000000000e+00
1.842905315705297142e-01 2.000000000000000000e+00
1.906408536984719460e-01 2.000000000000000000e+00
2.150373005845782892e-01 2.000000000000000000e+00
2.244070672471518146e-01 2.000000000000000000e+00
2.335997784411625311e-01 2.000000000000000000e+00
2.529360567258276404e-01 2.000000000000000000e+00
2.736970609240527708e-01 2.000000000000000000e+00
2.984249488913363058e-01 2.000000000000000000e+00
3.246489163157392777e-01 2.000000000000000000e+00
3.382548668725426366e-01 2.000000000000000000e+00
3.490798477430397950e-01 2.000000000000000000e+00
3.497203786582664398e-01 2.000000000000000000e+00
3.792608796359785428e-01 2.000000000000000000e+00
3.866057529807826465e-01 2.000000000000000000e+00
3.986143258951235224e-01 2.000000000000000000e+00
4.040454225514744646e-01 2.000000000000000000e+00
4.141653430972500605e-01 2.000000000000000000e+00
4.373684711551682480e-01 2.000000000000000000e+00
4.683048554198454005e-01 2.000000000000000000e+00
4.706730781433686728e-01 2.000000000000000000e+00
4.871362391211636611e-01 2.000000000000000000e+00
5.017109715917956736e-01 2.000000000000000000e+00
5.052290369638112733e-01 2.000000000000000000e+00
5.352497343580225886e-01 2.000000000000000000e+00
5.367175047651062680e-01 2.000000000000000000e+00
5.463883878635393820e-01 2.000000000000000000e+00
5.508622903889611733e-01 2.000000000000000000e+00
5.782059416466761581e-01 2.000000000000000000e+00
5.871561927597874764e-01 2.000000000000000000e+00
5.999951067381750214e-01 2.000000000000000000e+00
6.002525576892695502e-01 2.000000000000000000e+00
6.126415878185154096e-01 2.000000000000000000e+00
6.409443882712980711e-01 2.000000000000000000e+00
6.482943422115559073e-01 2.000000000000000000e+00
6.531983338364500957e-01 2.000000000000000000e+00
6.971841440937381895e-01 2.000000000000000000e+00
7.025535356141224819e-01 2.000000000000000000e+00
7.101808506512371499e-01 2.000000000000000000e+00
7.283399647837445201e-01 2.000000000000000000e+00
7.539505595795168436e-01 2.000000000000000000e+00
7.715229656344619880e-01 2.000000000000000000e+00
7.726781432548953665e-01 2.000000000000000000e+00
8.149049407137881618e-01 2.000000000000000000e+00
8.243357598813803033e-01 2.000000000000000000e+00
8.310521566273979532e-01 2.000000000000000000e+00
8.442908174661809539e-01 2.000000000000000000e+00
8.562436088160526593e-01 2.000000000000000000e+00
8.610937577415587185e-01 2.000000000000000000e+00
8.983845676298917171e-01 2.000000000000000000e+00
9.020821281319370000e-01 2.000000000000000000e+00
9.483777176577988799e-01 2.000000000000000000e+00
9.569265708924084013e-01 2.000000000000000000e+00
9.630558578884969023e-01 2.000000000000000000e+00
9.692170239599720016e-01 2.000000000000000000e+00
9.965751408524121668e-01 2.000000000000000000e+00
1.001185509321230072e+00 2.000000000000000000e+00
1.013039266647545622e+00 2.000000000000000000e+00
1.048474230406057695e+00 2.000000000000000000e+00
1.049166428609680901e+00 2.000000000000000000e+00
1.062194942942503495e+00 2.000000000000000000e+00
1.110550673167786551e+00 2.000000000000000000e+00
1.126411089831749868e+00 2.000000000000000000e+00
1.135479003309727952e+00 2.000000000000000000e+00
1.146102707480479044e+00 2.000000000000000000e+00
1.154060236634324665e+00 2.000000000000000000e+00
1.162166422437469704e+00 2.000000000000000000e+00
1.178082837526616578e+00 2.000000000000000000e+00
1.178900605490624587e+00 2.000000000000000000e+00
1.193052810116284501e+00 2.000000000000000000e+00
1.220679051301440943e+00 2.000000000000000000e+00
1.278445311643427340e+00 2.000000000000000000e+00
1.332693160747759675e+00 2.000000000000000000e+00
1.335462022238445678e+00 2.000000000000000000e+00
1.341920923077432048e+00 2.000000000000000000e+00
1.352485548646124025e+00 2.000000000000000000e+00
1.368853779821261885e+00 2.000000000000000000e+00
1.370785024901725491e+00 2.000000000000000000e+00
1.446350397397143439e+00 2.000000000000000000e+00
1.453025021650377502e+00 2.000000000000000000e+00
1.474573694660674450e+00 2.000000000000000000e+00
1.482252195907253212e+00 2.000000000000000000e+00
1.499144126297484725e+00 2.000000000000000000e+00
1.504475968315732493e+00 2.000000000000000000e+00
1.527032412765582547e+00 2.000000000000000000e+00
1.551856357640389872e+00 2.000000000000000000e+00
1.560320622468689855e+00 2.000000000000000000e+00
1.561431157986824969e+00 2.000000000000000000e+00
1.594922730189424209e+00 2.000000000000000000e+00
1.598067251870554095e+00 2.000000000000000000e+00
1.617165382079974956e+00 2.000000000000000000e+00
1.631525576569777591e+00 2.000000000000000000e+00
1.646326909349453693e+00 2.000000000000000000e+00
1.688639876409969931e+00 2.000000000000000000e+00
1.735338906007644511e+00 2.000000000000000000e+00
1.748775200293491761e+00 2.000000000000000000e+00
1.754218416945477976e+00 2.000000000000000000e+00
1.796136056267126246e+00 2.000000000000000000e+00
1.819161636388697545e+00 2.000000000000000000e+00
1.856003534176177583e+00 2.000000000000000000e+00
1.879566059351559071e+00 2.000000000000000000e+00
1.890600511548522489e+00 2.000000000000000000e+00
1.911117386364938220e+00 2.000000000000000000e+00
1.970778814058548489e+00 2.000000000000000000e+00
2.006373608512854290e+00 2.000000000000000000e+00
2.020123381286681674e+00 2.000000000000000000e+00
2.021593123733702146e+00 2.000000000000000000e+00
2.045234191043883154e+00 2.000000000000000000e+00
2.057281583247207113e+00 2.000000000000000000e+00
2.101909750322366044e+00 2.000000000000000000e+00
2.111767798159180032e+00 2.000000000000000000e+00
2.134018178039363001e+00 2.000000000000000000e+00
2.204324255285329048e+00 2.000000000000000000e+00
2.240176856096857350e+00 2.000000000000000000e+00
2.334387953113187031e+00 2.000000000000000000e+00
2.350163562809608919e+00 2.000000000000000000e+00
2.379264157179447725e+00 2.000000000000000000e+00
2.428822774347279445e+00 2.000000000000000000e+00
2.497148391543501322e+00 2.000000000000000000e+00
2.556375706092101741e+00 2.000000000000000000e+00
2.576495087814751450e+00 2.000000000000000000e+00
2.604171782772134236e+00 2.000000000000000000e+00
2.629333069452246097e+00 2.000000000000000000e+00
2.643695375652241442e+00 2.000000000000000000e+00
2.858600117262070750e+00 2.000000000000000000e+00
2.871194957048016416e+00 2.000000000000000000e+00
2.956835386793272402e+00 2.000000000000000000e+00
3.017993746233138541e+00 2.000000000000000000e+00
3.033982218482010662e+00 2.000000000000000000e+00
3.159786517258324157e+00 2.000000000000000000e+00
3.163284298607937473e+00 2.000000000000000000e+00
3.228268473607259992e+00 2.000000000000000000e+00
3.266940924969737203e+00 2.000000000000000000e+00
3.586672604099243600e+00 2.000000000000000000e+00
3.593898991882344518e+00 2.000000000000000000e+00
4.182831345302561843e+00 2.000000000000000000e+00
-3.014731491375821193e+00 1.000000000000000000e+00
-2.799712908799708799e+00 1.000000000000000000e+00
-2.796882247920614351e+00 1.000000000000000000e+00
-2.596094204214640211e+00 1.000000000000000000e+00
-2.381013825302857878e+00 1.000000000000000000e+00
-2.367146389822353036e+00 1.000000000000000000e+00
-2.340533798591528214e+00 1.000000000000000000e+00
-2.337866823335378985e+00 1.000000000000000000e+00
-2.171592444077044437e+00 1.000000000000000000e+00
-2.141381013691034507e+00 1.000000000000000000e+00
-2.124676800940499266e+00 1.000000000000000000e+00
-2.016872711489437808e+00 1.000000000000000000e+00
-2.010263042227669494e+00 1.000000000000000000e+00
-1.932028827066218257e+00 1.000000000000000000e+00
-1.911028826918194978e+00 1.000000000000000000e+00
-1.906925266032186261e+00 1.000000000000000000e+00
-1.830699590470757254e+00 1.000000000000000000e+00
-1.796542345987262701e+00 1.000000000000000000e+00
-1.790649312320998776e+00 1.000000000000000000e+00
-1.781811594195917614e+00 1.000000000000000000e+00
-1.779331167921921253e+00 1.000000000000000000e+00
-1.712426572238790135e+00 1.000000000000000000e+00
-1.678096748722578635e+00 1.000000000000000000e+00
-1.612765372190094970e+00 1.000000000000000000e+00
-1.587191590755166581e+00 1.000000000000000000e+00
-1.564255390804016876e+00 1.000000000000000000e+00
-1.562695131135655613e+00 1.000000000000000000e+00
-1.550111059312604178e+00 1.000000000000000000e+00
-1.507494828157517786e+00 1.000000000000000000e+00
-1.488883199525053991e+00 1.000000000000000000e+00
-1.431152033373090937e+00 1.000000000000000000e+00
-1.401936044588199870e+00 1.000000000000000000e+00
-1.391084445721775920e+00 1.000000000000000000e+00
-1.359898970062516144e+00 1.000000000000000000e+00
-1.346719312311340122e+00 1.000000000000000000e+00
-1.343315755009043100e+00 1.000000000000000000e+00
-1.299284331336346243e+00 1.000000000000000000e+00
-1.281405153988970369e+00 1.000000000000000000e+00
-1.262792395378364629e+00 1.000000000000000000e+00
-1.251429546736683829e+00 1.000000000000000000e+00
-1.236929354032651140e+00 1.000000000000000000e+00
-1.215893006133666354e+00 1.000000000000000000e+00
-1.178709088823422846e+00 1.000000000000000000e+00
-1.145708346227789276e+00 1.000000000000000000e+00
-1.135516384771384057e+00 1.000000000000000000e+00
-1.116264591543139728e+00 1.000000000000000000e+00
-1.092067078410487113e+00 1.000000000000000000e+00
-1.089208358757384865e+00 1.000000000000000000e+00
-1.056648575322817418e+00 1.000000000000000000e+00
-1.035949341548743963e+00 1.000000000000000000e+00
-1.031934179411094332e+00 1.000000000000000000e+00
-1.019900161333589184e+00 1.000000000000000000e+00
-9.964352736700279323e-01 1.000000000000000000e+00
-9.940153820084444147e-01 1.000000000000000000e+00
-9.592055457862930234e-01 1.000000000000000000e+00
-9.424853506657715485e-01 1.000000000000000000e+00
-9.195742262138658640e-01 1.000000000000000000e+00
-8.994934302332625586e-01 1.000000000000000000e+00
-8.835966427636079423e-01 1.000000000000000000e+00
-8.780462217983057149e-01 1.000000000000000000e+00
-8.559218605893165188e-01 1.000000000000000000e+00
-8.369165793551341936e-01 1.000000000000000000e+00
-8.208993599558855880e-01 1.000000000000000000e+00
-8.083024267366705207e-01 1.000000000000000000e+00
-8.035830173551810063e-01 1.000000000000000000e+00
-7.929254097241575927e-01 1.000000000000000000e+00
-7.620698185911403133e-01 1.000000000000000000e+00
-7.244915370581308522e-01 1.000000000000000000e+00
-7.114973873594204745e-01 1.000000000000000000e+00
-6.999544255370530044e-01 1.000000000000000000e+00
-6.855774285463752671e-01 1.000000000000000000e+00
-6.801528401704778348e-01 1.000000000000000000e+00
-6.711085427759413413e-01 1.000000000000000000e+00
-6.408098112626222642e-01 1.000000000000000000e+00
-6.201246864568310535e-01 1.000000000000000000e+00
-5.954591943284658351e-01 1.000000000000000000e+00
-5.909329818942067325e-01 1.000000000000000000e+00
-5.723664110341045719e-01 1.000000000000000000e+00
-5.644002260415600380e-01 1.000000000000000000e+00
-5.548951640088287673e-01 1.000000000000000000e+00
-5.544466278980043628e-01 1.000000000000000000e+00
-5.174575208943678062e-01 1.000000000000000000e+00
-4.857287200857741127e-01 1.000000000000000000e+00
-4.795926495273496459e-01 1.000000000000000000e+00
-4.720902188409741851e-01 1.000000000000000000e+00
-4.441960847789561684e-01 1.000000000000000000e+00
-4.208624446966803823e-01 1.000000000000000000e+00
-4.190452506685398149e-01 1.000000000000000000e+00
-4.080906233390046989e-01 1.000000000000000000e+00
-3.984607940858705399e-01 1.000000000000000000e+00
-3.804350524543447798e-01 1.000000000000000000e+00
-3.529477250746108075e-01 1.000000000000000000e+00
-3.260442800786618744e-01 1.000000000000000000e+00
-3.229822017098246123e-01 1.000000000000000000e+00
-2.997589383412030961e-01 1.000000000000000000e+00
-2.846943562239878101e-01 1.000000000000000000e+00
-2.758555839276662924e-01 1.000000000000000000e+00
-2.699317075980348646e-01 1.000000000000000000e+00
-2.439153392087411998e-01 1.000000000000000000e+00
-2.214259759027094321e-01 1.000000000000000000e+00
-1.984878616976858134e-01 1.000000000000000000e+00
-1.840535932558119703e-01 1.000000000000000000e+00
-1.573636428413484334e-01 1.000000000000000000e+00
-1.553953500221326445e-01 1.000000000000000000e+00
-1.542662474149710528e-01 1.000000000000000000e+00
-1.238454373801787800e-01 1.000000000000000000e+00
-1.152649157031639393e-01 1.000000000000000000e+00
-1.132485510603018358e-01 1.000000000000000000e+00
-8.754802575286986521e-02 1.000000000000000000e+00
-7.460867254906755619e-02 1.000000000000000000e+00
-5.831273537115316125e-02 1.000000000000000000e+00
-5.556250307245300807e-02 1.000000000000000000e+00
-4.325474915082972577e-02 1.000000000000000000e+00
-3.961771938530245230e-02 1.000000000000000000e+00
-2.672391241660558234e-02 1.000000000000000000e+00
-1.362174761087335713e-02 1.000000000000000000e+00
-7.402934655969506915e-03 1.000000000000000000e+00
5.167519051890708502e-03 1.000000000000000000e+00
4.283587988869680396e-02 1.000000000000000000e+00
5.031831733202624113e-02 1.000000000000000000e+00
5.898525194732757299e-02 1.000000000000000000e+00
6.958533591330569312e-02 1.000000000000000000e+00
7.622588321230155950e-02 1.000000000000000000e+00
1.005656940803796862e-01 1.000000000000000000e+00
1.166841143506912593e-01 1.000000000000000000e+00
1.173945969752990676e-01 1.000000000000000000e+00
1.339175198626280650e-01 1.000000000000000000e+00
1.425524381731281542e-01 1.000000000000000000e+00
1.658582736901154375e-01 1.000000000000000000e+00
1.873474309530220594e-01 1.000000000000000000e+00
1.934556457200716784e-01 1.000000000000000000e+00
2.183085411406676668e-01 1.000000000000000000e+00
2.224890756404243053e-01 1.000000000000000000e+00
2.374613880148492007e-01 1.000000000000000000e+00
2.565694772439565674e-01 1.000000000000000000e+00
2.633243749794663136e-01 1.000000000000000000e+00
2.655031639736071258e-01 1.000000000000000000e+00
2.964848816268551568e-01 1.000000000000000000e+00
3.010171505097034572e-01 1.000000000000000000e+00
3.061928291370176192e-01 1.000000000000000000e+00
3.089952531545783199e-01 1.000000000000000000e+00
3.259748225438390823e-01 1.000000000000000000e+00
3.385215668450884952e-01 1.000000000000000000e+00
3.501067549125509992e-01 1.000000000000000000e+00
3.826747022542967835e-01 1.000000000000000000e+00
3.938859742255217400e-01 1.000000000000000000e+00
4.027661657977862353e-01 1.000000000000000000e+00
4.231764092926276200e-01 1.000000000000000000e+00
4.353160562704168068e-01 1.000000000000000000e+00
4.427569296595210702e-01 1.000000000000000000e+00
4.429191443598810007e-01 1.000000000000000000e+00
4.502415259770981559e-01 1.000000000000000000e+00
4.781738441527605965e-01 1.000000000000000000e+00
4.786242538319394613e-01 1.000000000000000000e+00
4.868013695924802153e-01 1.000000000000000000e+00
4.869207753574215092e-01 1.000000000000000000e+00
5.362326627406486246e-01 1.000000000000000000e+00
5.372117275119566715e-01 1.000000000000000000e+00
5.558967571815708331e-01 1.000000000000000000e+00
5.597208684217900299e-01 1.000000000000000000e+00
5.618013479044869918e-01 1.000000000000000000e+00
5.892497991331634433e-01 1.000000000000000000e+00
5.975385695842649891e-01 1.000000000000000000e+00
6.053501879514250339e-01 1.000000000000000000e+00
6.406889392249693893e-01 1.000000000000000000e+00
6.419183323177523048e-01 1.000000000000000000e+00
6.661596330067326432e-01 1.000000000000000000e+00
6.723899340073773434e-01 1.000000000000000000e+00
7.132548523947990216e-01 1.000000000000000000e+00
7.135967489047135848e-01 1.000000000000000000e+00
7.239565108475065625e-01 1.000000000000000000e+00
7.419354016082165826e-01 1.000000000000000000e+00
7.541495343439350574e-01 1.000000000000000000e+00
7.665891394850233853e-01 1.000000000000000000e+00
7.819646865056488760e-01 1.000000000000000000e+00
7.820954299949165467e-01 1.000000000000000000e+00
7.975022446724593372e-01 1.000000000000000000e+00
8.015028335426716000e-01 1.000000000000000000e+00
8.233426065752268430e-01 1.000000000000000000e+00
8.245293621561765596e-01 1.000000000000000000e+00
8.502407984079580761e-01 1.000000000000000000e+00
8.588736472922766652e-01 1.000000000000000000e+00
8.745030468643441024e-01 1.000000000000000000e+00
8.801887366833109905e-01 1.000000000000000000e+00
8.921942022426128105e-01 1.000000000000000000e+00
9.388843486320237464e-01 1.000000000000000000e+00
9.465951748584230385e-01 1.000000000000000000e+00
9.591508871402517622e-01 1.000000000000000000e+00
9.596653169681490514e-01 1.000000000000000000e+00
9.884339495952854104e-01 1.000000000000000000e+00
9.949076439147710449e-01 1.000000000000000000e+00
1.020730484627612178e+00 1.000000000000000000e+00
1.021634204187129136e+00 1.000000000000000000e+00
1.057721754779994860e+00 1.000000000000000000e+00
1.067897089711842273e+00 1.000000000000000000e+00
1.075075972323139784e+00 1.000000000000000000e+00
1.083114929581663333e+00 1.000000000000000000e+00
1.089105952636005625e+00 1.000000000000000000e+00
1.113723828065193988e+00 1.000000000000000000e+00
1.135637977504641016e+00 1.000000000000000000e+00
1.148897937550194648e+00 1.000000000000000000e+00
1.178547992447644521e+00 1.000000000000000000e+00
1.184789368714223912e+00 1.000000000000000000e+00
1.208390668742803431e+00 1.000000000000000000e+00
1.211456045813662730e+00 1.000000000000000000e+00
1.255801970525857847e+00 1.000000000000000000e+00
1.285621698893971043e+00 1.000000000000000000e+00
1.286884084962005570e+00 1.000000000000000000e+00
1.292847080277436556e+00 1.000000000000000000e+00
1.299902826867932903e+00 1.000000000000000000e+00
1.318838391869419979e+00 1.000000000000000000e+00
1.338689530823186979e+00 1.000000000000000000e+00
1.351718959567844047e+00 1.000000000000000000e+00
1.351793775595288238e+00 1.000000000000000000e+00
1.395815256328822862e+00 1.000000000000000000e+00
1.402221617065072534e+00 1.000000000000000000e+00
1.404952760472504059e+00 1.000000000000000000e+00
1.412489632503858505e+00 1.000000000000000000e+00
1.444873030078156484e+00 1.000000000000000000e+00
1.493045143707408817e+00 1.000000000000000000e+00
1.513254568617754980e+00 1.000000000000000000e+00
1.517073921024668870e+00 1.000000000000000000e+00
1.523664162543624245e+00 1.000000000000000000e+00
1.543974696716520878e+00 1.000000000000000000e+00
1.547933598544952050e+00 1.000000000000000000e+00
1.567935509983791054e+00 1.000000000000000000e+00
1.588737369313195646e+00 1.000000000000000000e+00
1.591937397899825246e+00 1.000000000000000000e+00
1.619261884028894816e+00 1.000000000000000000e+00
1.620315486693999496e+00 1.000000000000000000e+00
1.654190599434944620e+00 1.000000000000000000e+00
1.663433762971256558e+00 1.000000000000000000e+00
1.670054091726457024e+00 1.000000000000000000e+00
1.693251623452208365e+00 1.000000000000000000e+00
1.705216003021962079e+00 1.000000000000000000e+00
1.737405864548322798e+00 1.000000000000000000e+00
1.750108197766366613e+00 1.000000000000000000e+00
1.806575715113412306e+00 1.000000000000000000e+00
1.806772971254079430e+00 1.000000000000000000e+00
1.825236875600216635e+00 1.000000000000000000e+00
1.851231721399306585e+00 1.000000000000000000e+00
1.871351136920019975e+00 1.000000000000000000e+00
1.886050345933925954e+00 1.000000000000000000e+00
1.894118255661350947e+00 1.000000000000000000e+00
1.949078872832133769e+00 1.000000000000000000e+00
1.952888537139013225e+00 1.000000000000000000e+00
1.966855266436771110e+00 1.000000000000000000e+00
1.981775096287122340e+00 1.000000000000000000e+00
1.992955000065927962e+00 1.000000000000000000e+00
2.019551064711093691e+00 1.000000000000000000e+00
2.073432878474945174e+00 1.000000000000000000e+00
2.100114918442055334e+00 1.000000000000000000e+00
2.108044795667039395e+00 1.000000000000000000e+00
2.131870779278751016e+00 1.000000000000000000e+00
2.146212519170542343e+00 1.000000000000000000e+00
2.182522819757096055e+00 1.000000000000000000e+00
2.188476085676668514e+00 1.000000000000000000e+00
2.214404876698877533e+00 1.000000000000000000e+00
2.215716550812083518e+00 1.000000000000000000e+00
2.226605787680474347e+00 1.000000000000000000e+00
2.227045426128106964e+00 1.000000000000000000e+00
2.320355873245568024e+00 1.000000000000000000e+00
2.323618785260841424e+00 1.000000000000000000e+00
2.360076431233011807e+00 1.000000000000000000e+00
2.396911113019150275e+00 1.000000000000000000e+00
2.404847355000032216e+00 1.000000000000000000e+00
2.432218423834644039e+00 1.000000000000000000e+00
2.454278958146086431e+00 1.000000000000000000e+00
2.482731011316842817e+00 1.000000000000000000e+00
2.541929531039916146e+00 1.000000000000000000e+00
2.547799943545873802e+00 1.000000000000000000e+00
2.583448826962246425e+00 1.000000000000000000e+00
2.602217108700849657e+00 1.000000000000000000e+00
2.660264443765036901e+00 1.000000000000000000e+00
2.705659742980049742e+00 1.000000000000000000e+00
2.741888568008221228e+00 1.000000000000000000e+00
2.820078751866906597e+00 1.000000000000000000e+00
2.839705879966452962e+00 1.000000000000000000e+00
2.865557892262183159e+00 1.000000000000000000e+00
2.966798889236798242e+00 1.000000000000000000e+00
3.034210052710426542e+00 1.000000000000000000e+00
3.048763831163531446e+00 1.000000000000000000e+00
3.085310148847064227e+00 1.000000000000000000e+00
3.171607359025832906e+00 1.000000000000000000e+00
3.251224326292696531e+00 1.000000000000000000e+00
3.253461415273925628e+00 1.000000000000000000e+00
3.316873551482066418e+00 1.000000000000000000e+00
3.446137638626271649e+00 1.000000000000000000e+00
3.493424431564382093e+00 1.000000000000000000e+00
3.588174871814992173e+00 1.000000000000000000e+00
3.611921060382693227e+00 1.000000000000000000e+00
3.616546706196205996e+00 1.000000000000000000e+00
3.889271696819790680e+00 1.000000000000000000e+00
4.042280220246226463e+00 1.000000000000000000e+00
4.063986399403410665e+00 1.000000000000000000e+00
4.547524782366375362e+00 1.000000000000000000e+00
4.658953639440408523e+00 1.000000000000000000e+00
-3.019311521967914747e+00 0.000000000000000000e+00
-2.598574253519138288e+00 0.000000000000000000e+00
-2.177730149374746293e+00 0.000000000000000000e+00
-2.137120248632301767e+00 0.000000000000000000e+00
-2.125864872942894390e+00 0.000000000000000000e+00
-1.838874831855062508e+00 0.000000000000000000e+00
-1.791939496059764991e+00 0.000000000000000000e+00
-1.751960254465899203e+00 0.000000000000000000e+00
-1.707972286917233573e+00 0.000000000000000000e+00
-1.595216333854635904e+00 0.000000000000000000e+00
-1.581931412387443059e+00 0.000000000000000000e+00
-1.477415190421039970e+00 0.000000000000000000e+00
-1.420754157461663780e+00 0.000000000000000000e+00
-1.400406491186057867e+00 0.000000000000000000e+00
-1.252898590093187048e+00 0.000000000000000000e+00
-1.158386138577750968e+00 0.000000000000000000e+00
-1.134801763222169857e+00 0.000000000000000000e+00
-1.119752774901097592e+00 0.000000000000000000e+00
-1.095801746838068746e+00 0.000000000000000000e+00
-1.047518402401491633e+00 0.000000000000000000e+00
-1.029976458447737109e+00 0.000000000000000000e+00
-9.966034778905854541e-01 0.000000000000000000e+00
-9.955077889992031137e-01 0.000000000000000000e+00
-8.779588586331660283e-01 0.000000000000000000e+00
-8.490126165348272913e-01 0.000000000000000000e+00
-8.045726316931647304e-01 0.000000000000000000e+00
-7.894542755924701671e-01 0.000000000000000000e+00
-7.183999961694870207e-01 0.000000000000000000e+00
-6.770915841173522631e-01 0.000000000000000000e+00
-6.412285536993151958e-01 0.000000000000000000e+00
-6.308317772671196977e-01 0.000000000000000000e+00
-6.047852597936014263e-01 0.000000000000000000e+00
-5.223253223151576030e-01 0.000000000000000000e+00
-5.194034070886095478e-01 0.000000000000000000e+00
-4.845391923366782483e-01 0.000000000000000000e+00
-4.708904466448765591e-01 0.000000000000000000e+00
-4.465708558534365324e-01 0.000000000000000000e+00
-3.278636912085207689e-01 0.000000000000000000e+00
-2.905576364505457754e-01 0.000000000000000000e+00
-2.835921877310481065e-01 0.000000000000000000e+00
-2.095280664886959021e-01 0.000000000000000000e+00
-1.907372997776133061e-01 0.000000000000000000e+00
-1.838194977530732965e-01 0.000000000000000000e+00
-1.270655293388489870e-01 0.000000000000000000e+00
-9.211766184983453953e-02 0.000000000000000000e+00
-7.810421540387393891e-02 0.000000000000000000e+00
-2.575035240231668063e-02 0.000000000000000000e+00
4.234835999949185248e-02 0.000000000000000000e+00
6.055138565293050057e-02 0.000000000000000000e+00
6.109210583298970570e-02 0.000000000000000000e+00
9.900503077391932527e-02 0.000000000000000000e+00
1.055879630425591159e-01 0.000000000000000000e+00
1.277978443898052374e-01 0.000000000000000000e+00
1.305376328433734134e-01 0.000000000000000000e+00
1.615128353266235273e-01 0.000000000000000000e+00
1.827225642020845198e-01 0.000000000000000000e+00
2.454751218340892049e-01 0.000000000000000000e+00
2.764190697060910917e-01 0.000000000000000000e+00
3.072000312621035456e-01 0.000000000000000000e+00
3.657496349289347526e-01 0.000000000000000000e+00
3.666608369881593221e-01 0.000000000000000000e+00
4.265623303176278025e-01 0.000000000000000000e+00
4.546958815332691750e-01 0.000000000000000000e+00
4.854335057554386990e-01 0.000000000000000000e+00
4.942013312611344689e-01 0.000000000000000000e+00
5.099482380365861767e-01 0.000000000000000000e+00
5.232419475194091119e-01 0.000000000000000000e+00
5.481534020487557335e-01 0.000000000000000000e+00
5.949275916335907688e-01 0.000000000000000000e+00
6.344727554074618414e-01 0.000000000000000000e+00
6.770679080434971464e-01 0.000000000000000000e+00
7.320271417984097750e-01 0.000000000000000000e+00
7.354893798541815020e-01 0.000000000000000000e+00
7.519045201508115506e-01 0.000000000000000000e+00
7.662473705607549812e-01 0.000000000000000000e+00
8.036004118367655602e-01 0.000000000000000000e+00
8.055778985811440362e-01 0.000000000000000000e+00
8.729002515532793272e-01 0.000000000000000000e+00
9.344200783030074398e-01 0.000000000000000000e+00
9.729524700579328389e-01 0.000000000000000000e+00
1.007842822750703471e+00 0.000000000000000000e+00
1.031161934132808433e+00 0.000000000000000000e+00
1.078648676327528477e+00 0.000000000000000000e+00
1.089125531407773462e+00 0.000000000000000000e+00
1.123627459155940311e+00 0.000000000000000000e+00
1.210112421345159062e+00 0.000000000000000000e+00
1.224144325432611202e+00 0.000000000000000000e+00
1.253317072956068534e+00 0.000000000000000000e+00
1.258088184716826374e+00 0.000000000000000000e+00
1.351776855768207719e+00 0.000000000000000000e+00
1.394211602649738202e+00 0.000000000000000000e+00
1.407962127248508777e+00 0.000000000000000000e+00
1.447522497912528294e+00 0.000000000000000000e+00
1.457992914124022432e+00 0.000000000000000000e+00
1.479058530434735008e+00 0.000000000000000000e+00
1.564551806591304439e+00 0.000000000000000000e+00
1.627093771783886478e+00 0.000000000000000000e+00
1.647041436360829891e+00 0.000000000000000000e+00
1.668947901336732542e+00 0.000000000000000000e+00
1.764663736209749478e+00 0.000000000000000000e+00
1.783146471892469442e+00 0.000000000000000000e+00
1.802961215915638737e+00 0.000000000000000000e+00
1.844400510498856116e+00 0.000000000000000000e+00
1.864019543355871944e+00 0.000000000000000000e+00
1.874650841738520590e+00 0.000000000000000000e+00
1.968266831310395260e+00 0.000000000000000000e+00
1.989628961309931610e+00 0.000000000000000000e+00
2.091430791976430559e+00 0.000000000000000000e+00
2.128473841564132218e+00 0.000000000000000000e+00
2.136424404063935967e+00 0.000000000000000000e+00
2.151331984419241561e+00 0.000000000000000000e+00
2.271317904995748371e+00 0.000000000000000000e+00
2.304520329014781765e+00 0.000000000000000000e+00
2.369522790772201404e+00 0.000000000000000000e+00
2.424862656719126708e+00 0.000000000000000000e+00
2.541761219308379616e+00 0.000000000000000000e+00
2.577048830462211004e+00 0.000000000000000000e+00
2.636578221051338211e+00 0.000000000000000000e+00
2.718792985690050124e+00 0.000000000000000000e+00
2.771637395727229336e+00 0.000000000000000000e+00
2.833978807828733348e+00 0.000000000000000000e+00
2.838338669418374316e+00 0.000000000000000000e+00
3.027338537024492293e+00 0.000000000000000000e+00
3.039413996465220258e+00 0.000000000000000000e+00
3.174727936106155113e+00 0.000000000000000000e+00
3.368744371446554808e+00 0.000000000000000000e+00
3.412718268244526953e+00 0.000000000000000000e+00
3.423527637407761226e+00 0.000000000000000000e+00
3.687195444931510746e+00 0.000000000000000000e+00
3.840372851811019395e+00 0.000000000000000000e+00
3.990211969388503643e+00 0.000000000000000000e+00
5.071796897019645201e+00 0.000000000000000000e+00
