# Runtime: 14.912307262420654
-2.000000000000000888e+00 5.500000000000000000e+00
-2.666937647915816889e+00 4.500000000000000000e+00
-1.945813991440702440e+00 4.500000000000000000e+00
-1.800770011191055175e+00 4.500000000000000000e+00
-1.646307785384979683e+00 4.500000000000000000e+00
-1.274697360838607185e+00 4.500000000000000000e+00
-1.058322718506292670e+00 4.500000000000000000e+00
-8.010714210950883318e-01 4.500000000000000000e+00
-3.939789032966853899e-01 4.500000000000000000e+00
-3.094936110716322020e-01 4.500000000000000000e+00
-1.026065492591480000e-01 4.500000000000000000e+00
-2.720909399870337086e+00 3.500000000000000000e+00
-2.554651933651050477e+00 3.500000000000000000e+00
-2.246611085588313461e+00 3.500000000000000000e+00
-2.197666813370434458e+00 3.500000000000000000e+00
-1.886581364895285162e+00 3.500000000000000000e+00
-1.750692840022764596e+00 3.500000000000000000e+00
-1.734277121468546845e+00 3.500000000000000000e+00
-1.605687534411809336e+00 3.500000000000000000e+00
-1.572081055390763371e+00 3.500000000000000000e+00
-1.454793069134979744e+00 3.500000000000000000e+00
-1.376654942212107047e+00 3.500000000000000000e+00
-1.319915883342646090e+00 3.500000000000000000e+00
-1.266753994781795845e+00 3.500000000000000000e+00
-1.196357992635316281e+00 3.500000000000000000e+00
-1.124268911109179925e+00 3.500000000000000000e+00
-1.040054089966500062e+00 3.500000000000000000e+00
-9.908755001926859984e-01 3.500000000000000000e+00
-8.889644348742944402e-01 3.500000000000000000e+00
-8.043988945556741488e-01 3.500000000000000000e+00
-7.352443757163713567e-01 3.500000000000000000e+00
-7.179413123765350235e-01 3.500000000000000000e+00
-6.239948601214156954e-01 3.500000000000000000e+00
-5.480836808350486589e-01 3.500000000000000000e+00
-3.633120164651776340e-01 3.500000000000000000e+00
-3.059978383126321644e-01 3.500000000000000000e+00
-2.622399362478558538e-01 3.500000000000000000e+00
-2.382587470520242390e-01 3.500000000000000000e+00
-1.522262304289270507e-01 3.500000000000000000e+00
-1.276472896114351843e-02 3.500000000000000000e+00
3.839951975137344004e-03 3.500000000000000000e+00
1.170204146186721444e-01 3.500000000000000000e+00
1.366623676308178770e-01 3.500000000000000000e+00
1.401743873946540431e-01 3.500000000000000000e+00
2.455169637981696185e-01 3.500000000000000000e+00
4.321646397141391538e-01 3.500000000000000000e+00
4.475047364491372415e-01 3.500000000000000000e+00
5.369556108471180700e-01 3.500000000000000000e+00
6.477833844216550618e-01 3.500000000000000000e+00
8.218706111173638140e-01 3.500000000000000000e+00
8.843455475314941916e-01 3.500000000000000000e+00
9.684128942856347066e-01 3.500000000000000000e+00
1.295600033397444228e+00 3.500000000000000000e+00
1.428171237500503565e+00 3.500000000000000000e+00
1.586237807309665460e+00 3.500000000000000000e+00
-2.750449620134649109e+00 2.500000000000000000e+00
-2.585527430492092549e+00 2.500000000000000000e+00
-2.421578636199970713e+00 2.500000000000000000e+00
-2.263664849777409227e+00 2.500000000000000000e+00
-2.238189933642484419e+00 2.500000000000000000e+00
-2.123232995785513832e+00 2.500000000000000000e+00
-2.099578531136045090e+00 2.500000000000000000e+00
-1.823908848497404422e+00 2.500000000000000000e+00
-1.820551342009359530e+00 2.500000000000000000e+00
-1.793126143754832702e+00 2.500000000000000000e+00
-1.762795412608648693e+00 2.500000000000000000e+00
-1.679348147831224880e+00 2.500000000000000000e+00
-1.562823423540747658e+00 2.500000000000000000e+00
-1.556578161203501676e+00 2.500000000000000000e+00
-1.507892599168879855e+00 2.500000000000000000e+00
-1.444419943280524699e+00 2.500000000000000000e+00
-1.407879143757731377e+00 2.500000000000000000e+00
-1.347381869730095882e+00 2.500000000000000000e+00
-1.328237470843457668e+00 2.500000000000000000e+00
-1.292957560131112738e+00 2.500000000000000000e+00
-1.274610992640679674e+00 2.500000000000000000e+00
-1.234546858237188571e+00 2.500000000000000000e+00
-1.157966317578183579e+00 2.500000000000000000e+00
-1.123755024183685558e+00 2.500000000000000000e+00
-1.068940024984386561e+00 2.500000000000000000e+00
-1.013204574755932175e+00 2.500000000000000000e+00
-9.773021079942099121e-01 2.500000000000000000e+00
-9.463092264326203873e-01 2.500000000000000000e+00
-9.319376006803037349e-01 2.500000000000000000e+00
-9.062678187554298326e-01 2.500000000000000000e+00
-8.889287087979049762e-01 2.500000000000000000e+00
-8.586735107025609270e-01 2.500000000000000000e+00
-8.256461764672843318e-01 2.500000000000000000e+00
-7.582326675539806660e-01 2.500000000000000000e+00
-7.239144391741776374e-01 2.500000000000000000e+00
-6.854773311922304213e-01 2.500000000000000000e+00
-6.730506714894637366e-01 2.500000000000000000e+00
-6.414331151444545576e-01 2.500000000000000000e+00
-6.048495514896973235e-01 2.500000000000000000e+00
-5.808417985226492775e-01 2.500000000000000000e+00
-5.604905742531998136e-01 2.500000000000000000e+00
-5.122140503838562564e-01 2.500000000000000000e+00
-4.619032441486344287e-01 2.500000000000000000e+00
-4.229824383640791163e-01 2.500000000000000000e+00
-4.173004352728713062e-01 2.500000000000000000e+00
-3.469299928706158775e-01 2.500000000000000000e+00
-3.364567279059357263e-01 2.500000000000000000e+00
-2.736191849485398175e-01 2.500000000000000000e+00
-2.378375583476813326e-01 2.500000000000000000e+00
-2.241102614460957765e-01 2.500000000000000000e+00
-2.019846975267129419e-01 2.500000000000000000e+00
-1.642498248716016962e-01 2.500000000000000000e+00
-1.578425090914193640e-01 2.500000000000000000e+00
-1.277769124455378769e-01 2.500000000000000000e+00
-8.878163850280768044e-02 2.500000000000000000e+00
-7.222468633339443334e-02 2.500000000000000000e+00
-3.141634793768070810e-02 2.500000000000000000e+00
5.602176737362483255e-02 2.500000000000000000e+00
6.977901219523631460e-02 2.500000000000000000e+00
9.424674323608278614e-02 2.500000000000000000e+00
1.146225041547489776e-01 2.500000000000000000e+00
1.388914811267171479e-01 2.500000000000000000e+00
1.914459182857052300e-01 2.500000000000000000e+00
2.366554623969913118e-01 2.500000000000000000e+00
2.468426974674528818e-01 2.500000000000000000e+00
2.751721776128857599e-01 2.500000000000000000e+00
3.130621474007116434e-01 2.500000000000000000e+00
3.441539017528824629e-01 2.500000000000000000e+00
3.613772214044860820e-01 2.500000000000000000e+00
3.995149790374953325e-01 2.500000000000000000e+00
4.128998089086306500e-01 2.500000000000000000e+00
4.971284263625569966e-01 2.500000000000000000e+00
5.046681369949154172e-01 2.500000000000000000e+00
5.270404525161347387e-01 2.500000000000000000e+00
5.478305733873504169e-01 2.500000000000000000e+00
5.782636121495059456e-01 2.500000000000000000e+00
6.055417978810671009e-01 2.500000000000000000e+00
6.426029826980297344e-01 2.500000000000000000e+00
6.526804945228351640e-01 2.500000000000000000e+00
6.840542943179470647e-01 2.500000000000000000e+00
7.319106016073380072e-01 2.500000000000000000e+00
8.057586018119056170e-01 2.500000000000000000e+00
8.740304421837634674e-01 2.500000000000000000e+00
9.314682609231262900e-01 2.500000000000000000e+00
9.437590188411587588e-01 2.500000000000000000e+00
9.838932045091608458e-01 2.500000000000000000e+00
1.019962420357784616e+00 2.500000000000000000e+00
1.051550822289177844e+00 2.500000000000000000e+00
1.101692855217917710e+00 2.500000000000000000e+00
1.127914126883286627e+00 2.500000000000000000e+00
1.154743670406515932e+00 2.500000000000000000e+00
1.267015411280805637e+00 2.500000000000000000e+00
1.352433176432448425e+00 2.500000000000000000e+00
1.410899478738953716e+00 2.500000000000000000e+00
1.421434850429900365e+00 2.500000000000000000e+00
1.472391038021900522e+00 2.500000000000000000e+00
1.577771062530627155e+00 2.500000000000000000e+00
1.597233197106802782e+00 2.500000000000000000e+00
1.708842751409308969e+00 2.500000000000000000e+00
1.737032295175427787e+00 2.500000000000000000e+00
1.775382546665650985e+00 2.500000000000000000e+00
1.889670442773735193e+00 2.500000000000000000e+00
1.902526894532402091e+00 2.500000000000000000e+00
2.068858358399932484e+00 2.500000000000000000e+00
2.196173339400689706e+00 2.500000000000000000e+00
2.249004794103794502e+00 2.500000000000000000e+00
2.325347244587111284e+00 2.500000000000000000e+00
2.389774790847940089e+00 2.500000000000000000e+00
2.645061994814593920e+00 2.500000000000000000e+00
3.116097379486235663e+00 2.500000000000000000e+00
-2.768066678554253368e+00 1.500000000000000000e+00
-2.602025184356696830e+00 1.500000000000000000e+00
-2.428344350978577815e+00 1.500000000000000000e+00
-2.258266794378624986e+00 1.500000000000000000e+00
-2.250261636874799631e+00 1.500000000000000000e+00
-2.137968049798780967e+00 1.500000000000000000e+00
-2.123457506378156001e+00 1.500000000000000000e+00
-1.965563357139626488e+00 1.500000000000000000e+00
-1.874505404757905058e+00 1.500000000000000000e+00
-1.809400309249020067e+00 1.500000000000000000e+00
-1.785218521711110728e+00 1.500000000000000000e+00
-1.743774623921325206e+00 1.500000000000000000e+00
-1.672490216497130699e+00 1.500000000000000000e+00
-1.608630444085961342e+00 1.500000000000000000e+00
-1.572351610526890431e+00 1.500000000000000000e+00
-1.487006016535319830e+00 1.500000000000000000e+00
-1.440616145599897369e+00 1.500000000000000000e+00
-1.416043382669905704e+00 1.500000000000000000e+00
-1.386225945926329306e+00 1.500000000000000000e+00
-1.359110676596172684e+00 1.500000000000000000e+00
-1.345963372151419701e+00 1.500000000000000000e+00
-1.281437393049582596e+00 1.500000000000000000e+00
-1.257977217588757357e+00 1.500000000000000000e+00
-1.234110459599332632e+00 1.500000000000000000e+00
-1.163429240863471881e+00 1.500000000000000000e+00
-1.131670319337106267e+00 1.500000000000000000e+00
-1.106798314060795319e+00 1.500000000000000000e+00
-1.085852324051416185e+00 1.500000000000000000e+00
-1.041037429888748145e+00 1.500000000000000000e+00
-1.027193449934310054e+00 1.500000000000000000e+00
-9.717700550081783684e-01 1.500000000000000000e+00
-9.199525745846773850e-01 1.500000000000000000e+00
-8.906017518256318377e-01 1.500000000000000000e+00
-8.715676156898120031e-01 1.500000000000000000e+00
-8.410979946252690187e-01 1.500000000000000000e+00
-8.364640722856192534e-01 1.500000000000000000e+00
-8.188719171608312974e-01 1.500000000000000000e+00
-7.886908076268513978e-01 1.500000000000000000e+00
-7.766613048440959011e-01 1.500000000000000000e+00
-7.440775078071092397e-01 1.500000000000000000e+00
-6.906753169914641166e-01 1.500000000000000000e+00
-6.816385863830805025e-01 1.500000000000000000e+00
-6.530874338904705256e-01 1.500000000000000000e+00
-6.346182214095797969e-01 1.500000000000000000e+00
-6.063723001525038736e-01 1.500000000000000000e+00
-5.885557670358581017e-01 1.500000000000000000e+00
-5.727855001713837435e-01 1.500000000000000000e+00
-5.383910163295841933e-01 1.500000000000000000e+00
-5.244867023682088236e-01 1.500000000000000000e+00
-5.119388857584680208e-01 1.500000000000000000e+00
-4.827364383145978932e-01 1.500000000000000000e+00
-4.523455823631098438e-01 1.500000000000000000e+00
-4.157928240679626408e-01 1.500000000000000000e+00
-3.906583946682565811e-01 1.500000000000000000e+00
-3.735009617608373023e-01 1.500000000000000000e+00
-3.659425835552137518e-01 1.500000000000000000e+00
-3.468273616762470590e-01 1.500000000000000000e+00
-3.086388709057161228e-01 1.500000000000000000e+00
-2.581509463452664188e-01 1.500000000000000000e+00
-2.295033205868003412e-01 1.500000000000000000e+00
-1.948346834082688439e-01 1.500000000000000000e+00
-1.932094515254079714e-01 1.500000000000000000e+00
-1.747661692598700689e-01 1.500000000000000000e+00
-1.530941586699005319e-01 1.500000000000000000e+00
-1.191871866329301116e-01 1.500000000000000000e+00
-1.130680154557906353e-01 1.500000000000000000e+00
-8.432209848705174426e-02 1.500000000000000000e+00
-7.429516932429555687e-02 1.500000000000000000e+00
-6.252509735794023471e-02 1.500000000000000000e+00
-5.433871016141282595e-02 1.500000000000000000e+00
9.280003423746492966e-03 1.500000000000000000e+00
1.363611807434521664e-02 1.500000000000000000e+00
5.090609455265410893e-02 1.500000000000000000e+00
7.967183842403302574e-02 1.500000000000000000e+00
1.084001586466429162e-01 1.500000000000000000e+00
1.277913323222525654e-01 1.500000000000000000e+00
1.555477220721825649e-01 1.500000000000000000e+00
1.786219179916837818e-01 1.500000000000000000e+00
2.069969907985889090e-01 1.500000000000000000e+00
2.268931053977213674e-01 1.500000000000000000e+00
2.333628965902251606e-01 1.500000000000000000e+00
2.754260097585382594e-01 1.500000000000000000e+00
2.881839279819377042e-01 1.500000000000000000e+00
3.104655865753406796e-01 1.500000000000000000e+00
3.358346395550472208e-01 1.500000000000000000e+00
3.750815124689211855e-01 1.500000000000000000e+00
3.827941254235044388e-01 1.500000000000000000e+00
4.120231764964727983e-01 1.500000000000000000e+00
4.261396730291167056e-01 1.500000000000000000e+00
4.439097321253274719e-01 1.500000000000000000e+00
4.556318737332567537e-01 1.500000000000000000e+00
4.911974831216756598e-01 1.500000000000000000e+00
5.313587860509018101e-01 1.500000000000000000e+00
5.426261950567499159e-01 1.500000000000000000e+00
5.558994350562528330e-01 1.500000000000000000e+00
5.847084299703600996e-01 1.500000000000000000e+00
5.960016417281074341e-01 1.500000000000000000e+00
6.256387483349153955e-01 1.500000000000000000e+00
6.679975035388110438e-01 1.500000000000000000e+00
6.876319412344541471e-01 1.500000000000000000e+00
7.091540209585029952e-01 1.500000000000000000e+00
7.238937841366431813e-01 1.500000000000000000e+00
7.578876446260107702e-01 1.500000000000000000e+00
7.689005923723586378e-01 1.500000000000000000e+00
7.860259937943842035e-01 1.500000000000000000e+00
7.982812413565717469e-01 1.500000000000000000e+00
8.290768658357025034e-01 1.500000000000000000e+00
8.470734477997626799e-01 1.500000000000000000e+00
8.903078318022483728e-01 1.500000000000000000e+00
9.236539776102274946e-01 1.500000000000000000e+00
9.376391726597319565e-01 1.500000000000000000e+00
9.707781988721748689e-01 1.500000000000000000e+00
9.975921091053814305e-01 1.500000000000000000e+00
1.015917831443730490e+00 1.500000000000000000e+00
1.054267021485770561e+00 1.500000000000000000e+00
1.059161942183918015e+00 1.500000000000000000e+00
1.089117639545177374e+00 1.500000000000000000e+00
1.107121449495905408e+00 1.500000000000000000e+00
1.112804751750431143e+00 1.500000000000000000e+00
1.151285368213463833e+00 1.500000000000000000e+00
1.176770138088879758e+00 1.500000000000000000e+00
1.191126570005875296e+00 1.500000000000000000e+00
1.217293941600629648e+00 1.500000000000000000e+00
1.241114211770915521e+00 1.500000000000000000e+00
1.267985592456409849e+00 1.500000000000000000e+00
1.335192691446431157e+00 1.500000000000000000e+00
1.366897202742139106e+00 1.500000000000000000e+00
1.381199135622209084e+00 1.500000000000000000e+00
1.411299330015396869e+00 1.500000000000000000e+00
1.448977347579712083e+00 1.500000000000000000e+00
1.485749204331181073e+00 1.500000000000000000e+00
1.544144472990134354e+00 1.500000000000000000e+00
1.565043364475415366e+00 1.500000000000000000e+00
1.590693470690273559e+00 1.500000000000000000e+00
1.618048139854074030e+00 1.500000000000000000e+00
1.650014261458140119e+00 1.500000000000000000e+00
1.695801619062614840e+00 1.500000000000000000e+00
1.792804075263321195e+00 1.500000000000000000e+00
1.826250609245080092e+00 1.500000000000000000e+00
1.852697597129864926e+00 1.500000000000000000e+00
1.866924861680728798e+00 1.500000000000000000e+00
1.890458115313631948e+00 1.500000000000000000e+00
1.958677128115878574e+00 1.500000000000000000e+00
1.982754738468551325e+00 1.500000000000000000e+00
2.025072324155691383e+00 1.500000000000000000e+00
2.054369943134568999e+00 1.500000000000000000e+00
2.106322962642877439e+00 1.500000000000000000e+00
2.175119920996873457e+00 1.500000000000000000e+00
2.197937613550273728e+00 1.500000000000000000e+00
2.236091674494410153e+00 1.500000000000000000e+00
2.325391328438219940e+00 1.500000000000000000e+00
2.394195153506442963e+00 1.500000000000000000e+00
2.414922084786562007e+00 1.500000000000000000e+00
2.536075641405109327e+00 1.500000000000000000e+00
2.551230575385025290e+00 1.500000000000000000e+00
2.610261318458987567e+00 1.500000000000000000e+00
2.714250532244074421e+00 1.500000000000000000e+00
2.818937846880556375e+00 1.500000000000000000e+00
2.896095684180310048e+00 1.500000000000000000e+00
2.907592625520154961e+00 1.500000000000000000e+00
3.184390736595725357e+00 1.500000000000000000e+00
3.248899430046974235e+00 1.500000000000000000e+00
3.365670438677820009e+00 1.500000000000000000e+00
3.682973945273150473e+00 1.500000000000000000e+00
3.961520649173918329e+00 1.500000000000000000e+00
-2.610682380051524643e+00 5.000000000000000000e-01
-2.431774227911413178e+00 5.000000000000000000e-01
-2.267494699980612261e+00 5.000000000000000000e-01
-2.153041526383630444e+00 5.000000000000000000e-01
-1.971429863683605843e+00 5.000000000000000000e-01
-1.903313116791356840e+00 5.000000000000000000e-01
-1.816476933394227666e+00 5.000000000000000000e-01
-1.786714830626172201e+00 5.000000000000000000e-01
-1.682069412603902192e+00 5.000000000000000000e-01
-1.641837856351571867e+00 5.000000000000000000e-01
-1.577962380754874605e+00 5.000000000000000000e-01
-1.484488074368174093e+00 5.000000000000000000e-01
-1.407133518646299208e+00 5.000000000000000000e-01
-1.362848374205334778e+00 5.000000000000000000e-01
-1.337266435258464670e+00 5.000000000000000000e-01
-1.186587429114949854e+00 5.000000000000000000e-01
-1.134265227813360921e+00 5.000000000000000000e-01
-1.107832521833552519e+00 5.000000000000000000e-01
-1.098408295984531380e+00 5.000000000000000000e-01
-1.041131567612957332e+00 5.000000000000000000e-01
-9.777949351243948595e-01 5.000000000000000000e-01
-9.522918725591493772e-01 5.000000000000000000e-01
-9.297840329755761024e-01 5.000000000000000000e-01
-8.630030729091664465e-01 5.000000000000000000e-01
-8.480184767400170687e-01 5.000000000000000000e-01
-8.013250379573443327e-01 5.000000000000000000e-01
-7.428692062809195695e-01 5.000000000000000000e-01
-7.113178333565195466e-01 5.000000000000000000e-01
-6.781448318444677215e-01 5.000000000000000000e-01
-6.401950816389012644e-01 5.000000000000000000e-01
-6.234143777441619738e-01 5.000000000000000000e-01
-6.144967177078927145e-01 5.000000000000000000e-01
-5.372089572979087402e-01 5.000000000000000000e-01
-5.230223600299770403e-01 5.000000000000000000e-01
-4.841066028494601658e-01 5.000000000000000000e-01
-4.365774084303741254e-01 5.000000000000000000e-01
-4.267149494926619768e-01 5.000000000000000000e-01
-3.725786299329092999e-01 5.000000000000000000e-01
-3.315254000390648326e-01 5.000000000000000000e-01
-3.079752113973320826e-01 5.000000000000000000e-01
-2.905386407371003954e-01 5.000000000000000000e-01
-2.170983455893186198e-01 5.000000000000000000e-01
-1.980289730361344813e-01 5.000000000000000000e-01
-1.920293052868442818e-01 5.000000000000000000e-01
-1.683031596918575512e-01 5.000000000000000000e-01
-8.453962566133013667e-02 5.000000000000000000e-01
-6.692978468022584004e-02 5.000000000000000000e-01
-4.578861272464876397e-02 5.000000000000000000e-01
7.122310149439156114e-03 5.000000000000000000e-01
1.352341374465734075e-02 5.000000000000000000e-01
3.669427539890809248e-02 5.000000000000000000e-01
5.911811723229459803e-02 5.000000000000000000e-01
1.003427282499394779e-01 5.000000000000000000e-01
1.297321267439874581e-01 5.000000000000000000e-01
1.490239973272954876e-01 5.000000000000000000e-01
1.944901815024764058e-01 5.000000000000000000e-01
2.029665727799560004e-01 5.000000000000000000e-01
2.402808833334631744e-01 5.000000000000000000e-01
2.955896986504482071e-01 5.000000000000000000e-01
3.024023217407018072e-01 5.000000000000000000e-01
3.484378604359739673e-01 5.000000000000000000e-01
3.862749295046543629e-01 5.000000000000000000e-01
4.117856595412265897e-01 5.000000000000000000e-01
4.326325851632765729e-01 5.000000000000000000e-01
4.482578233210782748e-01 5.000000000000000000e-01
4.865974129633090506e-01 5.000000000000000000e-01
5.222661937159309709e-01 5.000000000000000000e-01
5.480555273799986304e-01 5.000000000000000000e-01
5.668624447939335509e-01 5.000000000000000000e-01
6.125214528773865741e-01 5.000000000000000000e-01
6.495455501920027741e-01 5.000000000000000000e-01
6.791598372654162885e-01 5.000000000000000000e-01
6.893911314643377253e-01 5.000000000000000000e-01
7.226613344075449863e-01 5.000000000000000000e-01
7.670358316411095556e-01 5.000000000000000000e-01
7.795877691228700890e-01 5.000000000000000000e-01
7.975994085491202590e-01 5.000000000000000000e-01
8.493415573172384825e-01 5.000000000000000000e-01
8.711655144514791616e-01 5.000000000000000000e-01
8.964484763185893712e-01 5.000000000000000000e-01
9.301945048624300494e-01 5.000000000000000000e-01
9.764513697802115200e-01 5.000000000000000000e-01
9.996840956853155769e-01 5.000000000000000000e-01
1.040983146956175664e+00 5.000000000000000000e-01
1.078177523399489690e+00 5.000000000000000000e-01
1.081170105013155247e+00 5.000000000000000000e-01
1.122423834037583834e+00 5.000000000000000000e-01
1.145860641708707384e+00 5.000000000000000000e-01
1.185929419660232131e+00 5.000000000000000000e-01
1.210024234697339107e+00 5.000000000000000000e-01
1.266582715068894416e+00 5.000000000000000000e-01
1.313869003686606085e+00 5.000000000000000000e-01
1.335657111467519531e+00 5.000000000000000000e-01
1.345144508933493244e+00 5.000000000000000000e-01
1.364270406143530900e+00 5.000000000000000000e-01
1.380342022700966398e+00 5.000000000000000000e-01
1.446517972693808218e+00 5.000000000000000000e-01
1.465978910432256033e+00 5.000000000000000000e-01
1.543457049374573398e+00 5.000000000000000000e-01
1.593400882175501687e+00 5.000000000000000000e-01
1.638177696937970218e+00 5.000000000000000000e-01
1.663350471751897874e+00 5.000000000000000000e-01
1.680149302258135524e+00 5.000000000000000000e-01
1.703111023039813654e+00 5.000000000000000000e-01
1.785523212570557128e+00 5.000000000000000000e-01
1.791819517123558470e+00 5.000000000000000000e-01
1.860638916615273031e+00 5.000000000000000000e-01
1.906584337726903167e+00 5.000000000000000000e-01
1.980761181707451302e+00 5.000000000000000000e-01
2.015174691549643349e+00 5.000000000000000000e-01
2.032233147477774171e+00 5.000000000000000000e-01
2.058000536213241638e+00 5.000000000000000000e-01
2.105582737755219647e+00 5.000000000000000000e-01
2.176667310392379040e+00 5.000000000000000000e-01
2.250452274287895627e+00 5.000000000000000000e-01
2.311018268228007599e+00 5.000000000000000000e-01
2.417871052618443706e+00 5.000000000000000000e-01
2.438617580155061582e+00 5.000000000000000000e-01
2.493370627118169480e+00 5.000000000000000000e-01
2.542583270729174227e+00 5.000000000000000000e-01
2.637723807008669930e+00 5.000000000000000000e-01
2.665109669569549311e+00 5.000000000000000000e-01
2.744740384286349588e+00 5.000000000000000000e-01
2.905826282816817319e+00 5.000000000000000000e-01
2.918867069276599224e+00 5.000000000000000000e-01
3.052289088996894328e+00 5.000000000000000000e-01
3.178033382899574821e+00 5.000000000000000000e-01
3.270861177906239980e+00 5.000000000000000000e-01
3.496688602511588417e+00 5.000000000000000000e-01
3.749797606803258354e+00 5.000000000000000000e-01
4.031904670761286447e+00 5.000000000000000000e-01
4.541816832235054946e+00 5.000000000000000000e-01
