# Runtime: 11.499895095825195
-1.500000000000000888e+00 4.500000000000000000e+00
-2.169089302789245721e+00 3.500000000000000000e+00
-1.418262406998739511e+00 3.500000000000000000e+00
-1.164643559100233317e+00 3.500000000000000000e+00
-1.000000000000000666e+00 3.500000000000000000e+00
-5.411866622771918101e-01 3.500000000000000000e+00
-6.710027880752750251e-02 3.500000000000000000e+00
3.829735333947844084e-16 3.500000000000000000e+00
3.602822099729350303e-01 3.500000000000000000e+00
-2.236322554803550133e+00 2.500000000000000000e+00
-2.004052785423805716e+00 2.500000000000000000e+00
-1.540203891088360422e+00 2.500000000000000000e+00
-1.380833391661966836e+00 2.500000000000000000e+00
-1.327366798772075862e+00 2.500000000000000000e+00
-1.082124386601217569e+00 2.500000000000000000e+00
-9.801071290789961088e-01 2.500000000000000000e+00
-9.208888460066051440e-01 2.500000000000000000e+00
-7.656286562028234988e-01 2.500000000000000000e+00
-6.568923269207541660e-01 2.500000000000000000e+00
-4.902794696369496275e-01 2.500000000000000000e+00
-4.422539549785150514e-01 2.500000000000000000e+00
-3.681319215280765000e-01 2.500000000000000000e+00
-2.180884304772286453e-01 2.500000000000000000e+00
-6.461542591368141242e-02 2.500000000000000000e+00
6.351548699128922726e-02 2.500000000000000000e+00
1.322038354451827713e-01 2.500000000000000000e+00
3.882699569234037140e-01 2.500000000000000000e+00
4.178904098890842134e-01 2.500000000000000000e+00
5.173663500399071635e-01 2.500000000000000000e+00
6.871919490959086385e-01 2.500000000000000000e+00
7.656554299339024539e-01 2.500000000000000000e+00
9.228071333226748330e-01 2.500000000000000000e+00
1.119219105583525664e+00 2.500000000000000000e+00
1.432195897594590983e+00 2.500000000000000000e+00
1.705926835568927213e+00 2.500000000000000000e+00
1.825547578706215424e+00 2.500000000000000000e+00
-2.271080454728252818e+00 1.500000000000000000e+00
-2.038610544918072698e+00 1.500000000000000000e+00
-1.803868620685338264e+00 1.500000000000000000e+00
-1.580285369714602650e+00 1.500000000000000000e+00
-1.414123568633591566e+00 1.500000000000000000e+00
-1.225753840470315659e+00 1.500000000000000000e+00
-1.202700294948887638e+00 1.500000000000000000e+00
-1.037133733929410662e+00 1.500000000000000000e+00
-9.862308783176819693e-01 1.500000000000000000e+00
-8.313131695573048319e-01 1.500000000000000000e+00
-7.972518499767516920e-01 1.500000000000000000e+00
-6.816994053601184156e-01 1.500000000000000000e+00
-6.599222081436998399e-01 1.500000000000000000e+00
-5.211589288580056323e-01 1.500000000000000000e+00
-3.947372649055986282e-01 1.500000000000000000e+00
-3.674526976221367813e-01 1.500000000000000000e+00
-2.902728434177575534e-01 1.500000000000000000e+00
-2.382036774556954839e-01 1.500000000000000000e+00
-2.020993355698475769e-01 1.500000000000000000e+00
-1.246650275963351734e-01 1.500000000000000000e+00
-1.238217180132231317e-02 1.500000000000000000e+00
5.869816745445839007e-02 1.500000000000000000e+00
1.639127199338405450e-01 1.500000000000000000e+00
2.192649864766574030e-01 1.500000000000000000e+00
2.778720289716270497e-01 1.500000000000000000e+00
3.508745701652370430e-01 1.500000000000000000e+00
4.564997835416502725e-01 1.500000000000000000e+00
4.808063714773805897e-01 1.500000000000000000e+00
5.078460177511714413e-01 1.500000000000000000e+00
5.819122836320309577e-01 1.500000000000000000e+00
7.073938712041183408e-01 1.500000000000000000e+00
7.433917365580353653e-01 1.500000000000000000e+00
7.835000231760554934e-01 1.500000000000000000e+00
8.334849194910691761e-01 1.500000000000000000e+00
9.685544221199565706e-01 1.500000000000000000e+00
1.070910088888634037e+00 1.500000000000000000e+00
1.095747666034194490e+00 1.500000000000000000e+00
1.205701247243234020e+00 1.500000000000000000e+00
1.349928590500280023e+00 1.500000000000000000e+00
1.392136244271440448e+00 1.500000000000000000e+00
1.618336973712883875e+00 1.500000000000000000e+00
1.642863706655241396e+00 1.500000000000000000e+00
2.025339739064794031e+00 1.500000000000000000e+00
2.042446322574619888e+00 1.500000000000000000e+00
2.149231602869999147e+00 1.500000000000000000e+00
2.206988264951888823e+00 1.500000000000000000e+00
2.575586783388688072e+00 1.500000000000000000e+00
3.171716754501558988e+00 1.500000000000000000e+00
-2.054513842807577984e+00 5.000000000000000000e-01
-1.804883000746703381e+00 5.000000000000000000e-01
-1.599872829040825950e+00 5.000000000000000000e-01
-1.471121548900378162e+00 5.000000000000000000e-01
-1.092214509127179323e+00 5.000000000000000000e-01
-1.061223029573510113e+00 5.000000000000000000e-01
-9.886570352491311775e-01 5.000000000000000000e-01
-7.809847011623494151e-01 5.000000000000000000e-01
-7.055191208454879570e-01 5.000000000000000000e-01
-6.487923576774393686e-01 5.000000000000000000e-01
-5.859399173833454988e-01 5.000000000000000000e-01
-5.106502279588635007e-01 5.000000000000000000e-01
-2.657074536923187957e-01 5.000000000000000000e-01
-1.817890948094539327e-01 5.000000000000000000e-01
-1.062875208370991087e-01 5.000000000000000000e-01
1.640344494075889753e-02 5.000000000000000000e-01
5.046781551037449187e-02 5.000000000000000000e-01
1.824437469626143116e-01 5.000000000000000000e-01
3.224355562794815611e-01 5.000000000000000000e-01
3.618647518033435984e-01 5.000000000000000000e-01
4.232913331326624840e-01 5.000000000000000000e-01
4.951342664139672389e-01 5.000000000000000000e-01
5.951386708999013564e-01 5.000000000000000000e-01
6.579183551710470201e-01 5.000000000000000000e-01
7.477667287029776677e-01 5.000000000000000000e-01
8.650965639212769842e-01 5.000000000000000000e-01
9.438442198674427130e-01 5.000000000000000000e-01
1.057759034784628183e+00 5.000000000000000000e-01
1.167573536056698780e+00 5.000000000000000000e-01
1.233009900874549425e+00 5.000000000000000000e-01
1.372436292846997086e+00 5.000000000000000000e-01
1.409965861269358189e+00 5.000000000000000000e-01
1.515718832074056666e+00 5.000000000000000000e-01
1.732426092619824276e+00 5.000000000000000000e-01
1.850615545910803128e+00 5.000000000000000000e-01
1.920619732743304553e+00 5.000000000000000000e-01
2.119970519438914458e+00 5.000000000000000000e-01
2.292988316107376079e+00 5.000000000000000000e-01
2.372329040318360782e+00 5.000000000000000000e-01
2.627526868386753645e+00 5.000000000000000000e-01
2.926321204130598375e+00 5.000000000000000000e-01
3.597089958643616470e+00 5.000000000000000000e-01
