# Runtime: 37.66544508934021
-2.500000000000001776e+00 6.500000000000000000e+00
-3.166696809073846097e+00 5.500000000000000000e+00
-2.462004763058186274e+00 5.500000000000000000e+00
-2.367492761321878803e+00 5.500000000000000000e+00
-2.234430620389678879e+00 5.500000000000000000e+00
-1.951849458187023156e+00 5.500000000000000000e+00
-1.842523481661075380e+00 5.500000000000000000e+00
-1.530374226248748082e+00 5.500000000000000000e+00
-1.232130356551035977e+00 5.500000000000000000e+00
-1.130293423121448537e+00 5.500000000000000000e+00
-8.032013209167112588e-01 5.500000000000000000e+00
-7.005033520600831842e-01 5.500000000000000000e+00
-5.784994274102979173e-01 5.500000000000000000e+00
-3.213716925516040934e+00 4.500000000000000000e+00
-3.086842682777164892e+00 4.500000000000000000e+00
-2.915022629898829098e+00 4.500000000000000000e+00
-2.813821065224102025e+00 4.500000000000000000e+00
-2.439405192325592608e+00 4.500000000000000000e+00
-2.420838710566884711e+00 4.500000000000000000e+00
-2.327877923944546623e+00 4.500000000000000000e+00
-2.275019331646768173e+00 4.500000000000000000e+00
-2.228143839876290944e+00 4.500000000000000000e+00
-2.198037581787951833e+00 4.500000000000000000e+00
-2.105427807723257771e+00 4.500000000000000000e+00
-2.023938876750495552e+00 4.500000000000000000e+00
-1.980959487746434267e+00 4.500000000000000000e+00
-1.904909629872021615e+00 4.500000000000000000e+00
-1.829796104136176771e+00 4.500000000000000000e+00
-1.796469958900569486e+00 4.500000000000000000e+00
-1.790706512645316995e+00 4.500000000000000000e+00
-1.729055760352212978e+00 4.500000000000000000e+00
-1.653886019223436143e+00 4.500000000000000000e+00
-1.632888537051250921e+00 4.500000000000000000e+00
-1.596423870486641583e+00 4.500000000000000000e+00
-1.552742862148434044e+00 4.500000000000000000e+00
-1.479857398501332133e+00 4.500000000000000000e+00
-1.388185317947340236e+00 4.500000000000000000e+00
-1.355412770242246046e+00 4.500000000000000000e+00
-1.311176091427713741e+00 4.500000000000000000e+00
-1.209699988705097207e+00 4.500000000000000000e+00
-1.189819839403770674e+00 4.500000000000000000e+00
-1.174813182592607808e+00 4.500000000000000000e+00
-1.121601797371882592e+00 4.500000000000000000e+00
-1.078280212824300088e+00 4.500000000000000000e+00
-1.018535636431991520e+00 4.500000000000000000e+00
-9.726176732628213362e-01 4.500000000000000000e+00
-9.170678094786085532e-01 4.500000000000000000e+00
-8.688244367805522117e-01 4.500000000000000000e+00
-7.685589893214223034e-01 4.500000000000000000e+00
-7.469002144231783324e-01 4.500000000000000000e+00
-6.523135546865228562e-01 4.500000000000000000e+00
-6.449126160729896640e-01 4.500000000000000000e+00
-6.308476567352234721e-01 4.500000000000000000e+00
-5.212054053355724692e-01 4.500000000000000000e+00
-5.071485697812578852e-01 4.500000000000000000e+00
-4.822342548098653703e-01 4.500000000000000000e+00
-4.197879267381476875e-01 4.500000000000000000e+00
-4.184258446581518021e-01 4.500000000000000000e+00
-3.630546851261103880e-01 4.500000000000000000e+00
-3.562082631697388591e-01 4.500000000000000000e+00
-2.455355568327692861e-01 4.500000000000000000e+00
-1.854554525508993468e-01 4.500000000000000000e+00
-1.712643209028754943e-01 4.500000000000000000e+00
-1.142707768746856895e-01 4.500000000000000000e+00
1.222628970759364123e-02 4.500000000000000000e+00
5.023882061414309402e-02 4.500000000000000000e+00
1.347394223227134091e-01 4.500000000000000000e+00
2.508016835174568526e-01 4.500000000000000000e+00
2.620090267526663519e-01 4.500000000000000000e+00
3.735378680395032847e-01 4.500000000000000000e+00
4.276484831862871205e-01 4.500000000000000000e+00
4.874070930141584101e-01 4.500000000000000000e+00
6.594506167653770845e-01 4.500000000000000000e+00
6.674129692596950658e-01 4.500000000000000000e+00
7.210493237859645355e-01 4.500000000000000000e+00
9.956279732412152139e-01 4.500000000000000000e+00
1.067157656993432902e+00 4.500000000000000000e+00
1.220640326389826225e+00 4.500000000000000000e+00
-3.239651180000899799e+00 3.500000000000000000e+00
-3.115705940689408759e+00 3.500000000000000000e+00
-2.993882897588898029e+00 3.500000000000000000e+00
-2.934282466056760796e+00 3.500000000000000000e+00
-2.850338601110098402e+00 3.500000000000000000e+00
-2.819087477800084507e+00 3.500000000000000000e+00
-2.744048084492266781e+00 3.500000000000000000e+00
-2.596216110585951142e+00 3.500000000000000000e+00
-2.554570310098940755e+00 3.500000000000000000e+00
-2.494921567892317338e+00 3.500000000000000000e+00
-2.469958793474351211e+00 3.500000000000000000e+00
-2.376072112534347358e+00 3.500000000000000000e+00
-2.325798877534842379e+00 3.500000000000000000e+00
-2.310211423925171204e+00 3.500000000000000000e+00
-2.283235763255744732e+00 3.500000000000000000e+00
-2.271178376975460989e+00 3.500000000000000000e+00
-2.193503756788681258e+00 3.500000000000000000e+00
-2.185773510615808490e+00 3.500000000000000000e+00
-2.177464704838757203e+00 3.500000000000000000e+00
-2.156420833416834881e+00 3.500000000000000000e+00
-2.086662253023496394e+00 3.500000000000000000e+00
-2.062452717294934956e+00 3.500000000000000000e+00
-2.051025630738505079e+00 3.500000000000000000e+00
-1.984809439761351157e+00 3.500000000000000000e+00
-1.947143083607090208e+00 3.500000000000000000e+00
-1.926971090915059470e+00 3.500000000000000000e+00
-1.898874628824635646e+00 3.500000000000000000e+00
-1.886140179799572048e+00 3.500000000000000000e+00
-1.853150530497164716e+00 3.500000000000000000e+00
-1.802860891467514826e+00 3.500000000000000000e+00
-1.789374133431301139e+00 3.500000000000000000e+00
-1.763201546641358419e+00 3.500000000000000000e+00
-1.745628049627977463e+00 3.500000000000000000e+00
-1.717202216323926001e+00 3.500000000000000000e+00
-1.693434132433630390e+00 3.500000000000000000e+00
-1.672515712675839872e+00 3.500000000000000000e+00
-1.667864574292597268e+00 3.500000000000000000e+00
-1.627746473479769085e+00 3.500000000000000000e+00
-1.596789878299682552e+00 3.500000000000000000e+00
-1.576462528585045764e+00 3.500000000000000000e+00
-1.569322250154387088e+00 3.500000000000000000e+00
-1.537152785549406042e+00 3.500000000000000000e+00
-1.524471257373246180e+00 3.500000000000000000e+00
-1.515408083329168987e+00 3.500000000000000000e+00
-1.506400591698668245e+00 3.500000000000000000e+00
-1.484312625935966468e+00 3.500000000000000000e+00
-1.431681412745535953e+00 3.500000000000000000e+00
-1.421000925130541326e+00 3.500000000000000000e+00
-1.395334369703370880e+00 3.500000000000000000e+00
-1.380907302653111346e+00 3.500000000000000000e+00
-1.367848760405779629e+00 3.500000000000000000e+00
-1.332415036892291127e+00 3.500000000000000000e+00
-1.311432478695175874e+00 3.500000000000000000e+00
-1.294598332724746337e+00 3.500000000000000000e+00
-1.275657754335747462e+00 3.500000000000000000e+00
-1.234521182042076060e+00 3.500000000000000000e+00
-1.221255855874718632e+00 3.500000000000000000e+00
-1.202584198038042063e+00 3.500000000000000000e+00
-1.194732720664595238e+00 3.500000000000000000e+00
-1.162338586066551827e+00 3.500000000000000000e+00
-1.149315077082610825e+00 3.500000000000000000e+00
-1.138541069278806050e+00 3.500000000000000000e+00
-1.130297959995396173e+00 3.500000000000000000e+00
-1.112737837988584610e+00 3.500000000000000000e+00
-1.088364765903825582e+00 3.500000000000000000e+00
-1.077919148356259127e+00 3.500000000000000000e+00
-1.054988932158694492e+00 3.500000000000000000e+00
-1.041436664416610869e+00 3.500000000000000000e+00
-1.024198889294225978e+00 3.500000000000000000e+00
-1.015877749179568301e+00 3.500000000000000000e+00
-1.013509976698358850e+00 3.500000000000000000e+00
-9.745336382038566336e-01 3.500000000000000000e+00
-9.625060780746409472e-01 3.500000000000000000e+00
-9.294395228291174593e-01 3.500000000000000000e+00
-9.192063256238228730e-01 3.500000000000000000e+00
-8.799932589708593378e-01 3.500000000000000000e+00
-8.699872138271393940e-01 3.500000000000000000e+00
-8.614329671297944468e-01 3.500000000000000000e+00
-8.344684957548994531e-01 3.500000000000000000e+00
-8.122586646278995293e-01 3.500000000000000000e+00
-7.962342959526997888e-01 3.500000000000000000e+00
-7.919402037429852381e-01 3.500000000000000000e+00
-7.680222821456799132e-01 3.500000000000000000e+00
-7.359593338935984663e-01 3.500000000000000000e+00
-7.275321578693672020e-01 3.500000000000000000e+00
-6.863531962643092399e-01 3.500000000000000000e+00
-6.841036578204713337e-01 3.500000000000000000e+00
-6.700966253043896259e-01 3.500000000000000000e+00
-6.497138799412429666e-01 3.500000000000000000e+00
-6.331765738003168886e-01 3.500000000000000000e+00
-6.136864499761218728e-01 3.500000000000000000e+00
-6.001750374670352661e-01 3.500000000000000000e+00
-5.969998794595964275e-01 3.500000000000000000e+00
-5.839417217224769363e-01 3.500000000000000000e+00
-5.699997621798374992e-01 3.500000000000000000e+00
-5.378495968013037309e-01 3.500000000000000000e+00
-5.092283671895082575e-01 3.500000000000000000e+00
-4.846542290214187476e-01 3.500000000000000000e+00
-4.756853731939095220e-01 3.500000000000000000e+00
-4.637799604847142598e-01 3.500000000000000000e+00
-4.559719676312410930e-01 3.500000000000000000e+00
-4.402752811726406978e-01 3.500000000000000000e+00
-4.293448184942051382e-01 3.500000000000000000e+00
-4.169966393069812205e-01 3.500000000000000000e+00
-3.909439965256257810e-01 3.500000000000000000e+00
-3.706373786097693634e-01 3.500000000000000000e+00
-3.652827463846476386e-01 3.500000000000000000e+00
-3.542907219058879509e-01 3.500000000000000000e+00
-3.403487410071125430e-01 3.500000000000000000e+00
-3.183250950596772100e-01 3.500000000000000000e+00
-3.034167119595179707e-01 3.500000000000000000e+00
-2.878595010388565467e-01 3.500000000000000000e+00
-2.736293586908414288e-01 3.500000000000000000e+00
-2.709366202086164188e-01 3.500000000000000000e+00
-2.473628711497764809e-01 3.500000000000000000e+00
-2.463075110183576000e-01 3.500000000000000000e+00
-2.108128725199816811e-01 3.500000000000000000e+00
-1.874143678867447871e-01 3.500000000000000000e+00
-1.595060355239005245e-01 3.500000000000000000e+00
-1.454313104826359948e-01 3.500000000000000000e+00
-1.336384046367722622e-01 3.500000000000000000e+00
-1.280632646328279389e-01 3.500000000000000000e+00
-1.263605775920696450e-01 3.500000000000000000e+00
-1.074416539987712305e-01 3.500000000000000000e+00
-8.866653601397397888e-02 3.500000000000000000e+00
-5.704892841836609746e-02 3.500000000000000000e+00
-4.496549166886281562e-02 3.500000000000000000e+00
-3.409395721625692321e-02 3.500000000000000000e+00
-2.293154816287385281e-02 3.500000000000000000e+00
7.790305238989789736e-03 3.500000000000000000e+00
2.972997413163143421e-02 3.500000000000000000e+00
7.844933973380796566e-02 3.500000000000000000e+00
8.306045743871814935e-02 3.500000000000000000e+00
9.031630638224205643e-02 3.500000000000000000e+00
1.082148616112694334e-01 3.500000000000000000e+00
1.242231021339617464e-01 3.500000000000000000e+00
1.433170248415399639e-01 3.500000000000000000e+00
1.486995121062826553e-01 3.500000000000000000e+00
1.821111309097266651e-01 3.500000000000000000e+00
1.934775410924539640e-01 3.500000000000000000e+00
2.025451555754489430e-01 3.500000000000000000e+00
2.165302283666486194e-01 3.500000000000000000e+00
2.255970081017909246e-01 3.500000000000000000e+00
2.424871625037400835e-01 3.500000000000000000e+00
2.815999798673774479e-01 3.500000000000000000e+00
2.844870528037039548e-01 3.500000000000000000e+00
3.156807155029557332e-01 3.500000000000000000e+00
3.254459114596143232e-01 3.500000000000000000e+00
3.338801715857635521e-01 3.500000000000000000e+00
3.666177044944067820e-01 3.500000000000000000e+00
4.136798341937523160e-01 3.500000000000000000e+00
4.265390635426789534e-01 3.500000000000000000e+00
4.419350188917886002e-01 3.500000000000000000e+00
4.733605794400478350e-01 3.500000000000000000e+00
5.068017875371928493e-01 3.500000000000000000e+00
5.245620086808813198e-01 3.500000000000000000e+00
5.414875942828066835e-01 3.500000000000000000e+00
5.621714031178297599e-01 3.500000000000000000e+00
5.902678765261994975e-01 3.500000000000000000e+00
6.205852546736433384e-01 3.500000000000000000e+00
6.284757715484236007e-01 3.500000000000000000e+00
6.316252188204681817e-01 3.500000000000000000e+00
6.676681909941105664e-01 3.500000000000000000e+00
6.806905811526825500e-01 3.500000000000000000e+00
7.282056764947463234e-01 3.500000000000000000e+00
7.392120802203386853e-01 3.500000000000000000e+00
7.511811026610226705e-01 3.500000000000000000e+00
7.692944993377299756e-01 3.500000000000000000e+00
7.983045887730296775e-01 3.500000000000000000e+00
8.741518091980338134e-01 3.500000000000000000e+00
8.854362136044525711e-01 3.500000000000000000e+00
9.072133925381319353e-01 3.500000000000000000e+00
9.109935812340966832e-01 3.500000000000000000e+00
9.359279886744011900e-01 3.500000000000000000e+00
9.746738802404207869e-01 3.500000000000000000e+00
9.787763665995535822e-01 3.500000000000000000e+00
1.002584785232274234e+00 3.500000000000000000e+00
1.068814927831493344e+00 3.500000000000000000e+00
1.074112669328376679e+00 3.500000000000000000e+00
1.103532478737012212e+00 3.500000000000000000e+00
1.120991348230453655e+00 3.500000000000000000e+00
1.159990565355313974e+00 3.500000000000000000e+00
1.254346518306537650e+00 3.500000000000000000e+00
1.268365210456144032e+00 3.500000000000000000e+00
1.275269199406505960e+00 3.500000000000000000e+00
1.294001748925813100e+00 3.500000000000000000e+00
1.300192790231013529e+00 3.500000000000000000e+00
1.332144993243072228e+00 3.500000000000000000e+00
1.354055803547174364e+00 3.500000000000000000e+00
1.417371084959294647e+00 3.500000000000000000e+00
1.452836502639463179e+00 3.500000000000000000e+00
1.501569583345309544e+00 3.500000000000000000e+00
1.532179100559352580e+00 3.500000000000000000e+00
1.640545250772304620e+00 3.500000000000000000e+00
1.656324325470315273e+00 3.500000000000000000e+00
1.702726839217201027e+00 3.500000000000000000e+00
1.741242977459241059e+00 3.500000000000000000e+00
1.746482796614437838e+00 3.500000000000000000e+00
1.803338667599915457e+00 3.500000000000000000e+00
1.959550113170973829e+00 3.500000000000000000e+00
2.042949960936585541e+00 3.500000000000000000e+00
2.064262257719268412e+00 3.500000000000000000e+00
2.181299288927239566e+00 3.500000000000000000e+00
2.244367857231865493e+00 3.500000000000000000e+00
2.285094501183978721e+00 3.500000000000000000e+00
2.348824477796370047e+00 3.500000000000000000e+00
2.492061465553359056e+00 3.500000000000000000e+00
2.865548621104687221e+00 3.500000000000000000e+00
-3.256086454261747587e+00 2.500000000000000000e+00
-3.131865719577806129e+00 2.500000000000000000e+00
-3.003786868903597806e+00 2.500000000000000000e+00
-2.946677623401313451e+00 2.500000000000000000e+00
-2.879403661660660418e+00 2.500000000000000000e+00
-2.866906872841142651e+00 2.500000000000000000e+00
-2.831640212547728908e+00 2.500000000000000000e+00
-2.768069740915684473e+00 2.500000000000000000e+00
-2.713513083237831136e+00 2.500000000000000000e+00
-2.656952067393456129e+00 2.500000000000000000e+00
-2.573711159182328068e+00 2.500000000000000000e+00
-2.529061400005489180e+00 2.500000000000000000e+00
-2.497153766021504850e+00 2.500000000000000000e+00
-2.492690789174282440e+00 2.500000000000000000e+00
-2.466527502066061306e+00 2.500000000000000000e+00
-2.339233967369183542e+00 2.500000000000000000e+00
-2.331950536734282320e+00 2.500000000000000000e+00
-2.325704963183394813e+00 2.500000000000000000e+00
-2.318322589840464687e+00 2.500000000000000000e+00
-2.245033084257070932e+00 2.500000000000000000e+00
-2.238486993626105370e+00 2.500000000000000000e+00
-2.229464334008596449e+00 2.500000000000000000e+00
-2.211201832301424641e+00 2.500000000000000000e+00
-2.209840312928979422e+00 2.500000000000000000e+00
-2.189845582698840332e+00 2.500000000000000000e+00
-2.143923326149678843e+00 2.500000000000000000e+00
-2.109922933997422589e+00 2.500000000000000000e+00
-2.092020850620562200e+00 2.500000000000000000e+00
-2.079429835390664394e+00 2.500000000000000000e+00
-2.058957283773204860e+00 2.500000000000000000e+00
-2.048394172752936893e+00 2.500000000000000000e+00
-2.029148208572262746e+00 2.500000000000000000e+00
-2.000515276435042455e+00 2.500000000000000000e+00
-1.987668162974761232e+00 2.500000000000000000e+00
-1.959016492971750178e+00 2.500000000000000000e+00
-1.936796473422439213e+00 2.500000000000000000e+00
-1.918738310635231592e+00 2.500000000000000000e+00
-1.903230742482108218e+00 2.500000000000000000e+00
-1.878807067397598951e+00 2.500000000000000000e+00
-1.861514209229601091e+00 2.500000000000000000e+00
-1.838096122523664500e+00 2.500000000000000000e+00
-1.808946110886557213e+00 2.500000000000000000e+00
-1.799388815724591861e+00 2.500000000000000000e+00
-1.778941151358882422e+00 2.500000000000000000e+00
-1.766486316994650085e+00 2.500000000000000000e+00
-1.749058249482462690e+00 2.500000000000000000e+00
-1.734908531181446723e+00 2.500000000000000000e+00
-1.709228484830082939e+00 2.500000000000000000e+00
-1.700324017536899213e+00 2.500000000000000000e+00
-1.689129515939849169e+00 2.500000000000000000e+00
-1.670659460970168153e+00 2.500000000000000000e+00
-1.646147469215382353e+00 2.500000000000000000e+00
-1.627637151806041960e+00 2.500000000000000000e+00
-1.621371033470361489e+00 2.500000000000000000e+00
-1.602095792344201630e+00 2.500000000000000000e+00
-1.597408108408893801e+00 2.500000000000000000e+00
-1.579034420585322618e+00 2.500000000000000000e+00
-1.562429394749752287e+00 2.500000000000000000e+00
-1.550419115327037023e+00 2.500000000000000000e+00
-1.546894052503198003e+00 2.500000000000000000e+00
-1.519657010211032500e+00 2.500000000000000000e+00
-1.517659862154200789e+00 2.500000000000000000e+00
-1.498371496892831889e+00 2.500000000000000000e+00
-1.490245260366398483e+00 2.500000000000000000e+00
-1.484765248668939330e+00 2.500000000000000000e+00
-1.461748773726422312e+00 2.500000000000000000e+00
-1.441636439186623209e+00 2.500000000000000000e+00
-1.438861765020093886e+00 2.500000000000000000e+00
-1.418872797478530678e+00 2.500000000000000000e+00
-1.412936456238841787e+00 2.500000000000000000e+00
-1.403070310134072463e+00 2.500000000000000000e+00
-1.387052669477935929e+00 2.500000000000000000e+00
-1.379485081957475989e+00 2.500000000000000000e+00
-1.369531103847623443e+00 2.500000000000000000e+00
-1.363619906326529074e+00 2.500000000000000000e+00
-1.353888900812742380e+00 2.500000000000000000e+00
-1.329374055245168940e+00 2.500000000000000000e+00
-1.309565754529916859e+00 2.500000000000000000e+00
-1.295960332670499149e+00 2.500000000000000000e+00
-1.282664045930521413e+00 2.500000000000000000e+00
-1.277844586414577321e+00 2.500000000000000000e+00
-1.270373657414573643e+00 2.500000000000000000e+00
-1.256159000128652892e+00 2.500000000000000000e+00
-1.245776005369064743e+00 2.500000000000000000e+00
-1.233492128182421377e+00 2.500000000000000000e+00
-1.229073672667831074e+00 2.500000000000000000e+00
-1.209255937934238245e+00 2.500000000000000000e+00
-1.205102915452474388e+00 2.500000000000000000e+00
-1.188424044972562044e+00 2.500000000000000000e+00
-1.177261238885356498e+00 2.500000000000000000e+00
-1.167579418993766938e+00 2.500000000000000000e+00
-1.158917813087713800e+00 2.500000000000000000e+00
-1.138319279528847261e+00 2.500000000000000000e+00
-1.129677920348175491e+00 2.500000000000000000e+00
-1.116192619594831070e+00 2.500000000000000000e+00
-1.102065429920404016e+00 2.500000000000000000e+00
-1.092454933010230889e+00 2.500000000000000000e+00
-1.082166252858253630e+00 2.500000000000000000e+00
-1.065185709474127496e+00 2.500000000000000000e+00
-1.062918716004915387e+00 2.500000000000000000e+00
-1.057940305672832038e+00 2.500000000000000000e+00
-1.033581070013345649e+00 2.500000000000000000e+00
-1.019966341018549105e+00 2.500000000000000000e+00
-1.012489783093748930e+00 2.500000000000000000e+00
-1.007843790241582216e+00 2.500000000000000000e+00
-9.973415698078924585e-01 2.500000000000000000e+00
-9.834353499337190607e-01 2.500000000000000000e+00
-9.748928817596748120e-01 2.500000000000000000e+00
-9.672091262103684750e-01 2.500000000000000000e+00
-9.560928491142647312e-01 2.500000000000000000e+00
-9.523612500552125493e-01 2.500000000000000000e+00
-9.410301853488610702e-01 2.500000000000000000e+00
-9.305508260435280121e-01 2.500000000000000000e+00
-9.108572013484326213e-01 2.500000000000000000e+00
-9.093865985132979501e-01 2.500000000000000000e+00
-9.021366574983771258e-01 2.500000000000000000e+00
-8.823154195639130171e-01 2.500000000000000000e+00
-8.646914942509020818e-01 2.500000000000000000e+00
-8.544904636751631255e-01 2.500000000000000000e+00
-8.506862073654090084e-01 2.500000000000000000e+00
-8.411366360318617286e-01 2.500000000000000000e+00
-8.374952379093362209e-01 2.500000000000000000e+00
-8.194583635003340749e-01 2.500000000000000000e+00
-8.160307482242988852e-01 2.500000000000000000e+00
-8.043095343872601610e-01 2.500000000000000000e+00
-7.875219305659154623e-01 2.500000000000000000e+00
-7.823825249109230828e-01 2.500000000000000000e+00
-7.664266381102110559e-01 2.500000000000000000e+00
-7.633334686210421216e-01 2.500000000000000000e+00
-7.564771477097258501e-01 2.500000000000000000e+00
-7.467248708823547299e-01 2.500000000000000000e+00
-7.296525831943577733e-01 2.500000000000000000e+00
-7.181613616772973829e-01 2.500000000000000000e+00
-7.074025603353639724e-01 2.500000000000000000e+00
-7.004301729928957831e-01 2.500000000000000000e+00
-6.964881222692038687e-01 2.500000000000000000e+00
-6.870432404714379437e-01 2.500000000000000000e+00
-6.821712073287452549e-01 2.500000000000000000e+00
-6.698714080803472859e-01 2.500000000000000000e+00
-6.650306114370174715e-01 2.500000000000000000e+00
-6.509676924749447924e-01 2.500000000000000000e+00
-6.418853641769018958e-01 2.500000000000000000e+00
-6.343834013027755958e-01 2.500000000000000000e+00
-6.289514938443542258e-01 2.500000000000000000e+00
-6.113680178182717695e-01 2.500000000000000000e+00
-6.000922388501447324e-01 2.500000000000000000e+00
-5.884445952300841887e-01 2.500000000000000000e+00
-5.771478291700307128e-01 2.500000000000000000e+00
-5.667648349021777721e-01 2.500000000000000000e+00
-5.560126322863083725e-01 2.500000000000000000e+00
-5.445998771072056988e-01 2.500000000000000000e+00
-5.370365767116536126e-01 2.500000000000000000e+00
-5.298340665893562784e-01 2.500000000000000000e+00
-5.142495771351727196e-01 2.500000000000000000e+00
-5.126048381132871645e-01 2.500000000000000000e+00
-5.040414089258379304e-01 2.500000000000000000e+00
-4.925769881315236187e-01 2.500000000000000000e+00
-4.862989757381102063e-01 2.500000000000000000e+00
-4.826185774008601714e-01 2.500000000000000000e+00
-4.616391355574320232e-01 2.500000000000000000e+00
-4.524811533540544772e-01 2.500000000000000000e+00
-4.414271262824132624e-01 2.500000000000000000e+00
-4.389408441714354181e-01 2.500000000000000000e+00
-4.188657298812307750e-01 2.500000000000000000e+00
-4.079003898921170213e-01 2.500000000000000000e+00
-4.007386892057462346e-01 2.500000000000000000e+00
-3.958410998556238791e-01 2.500000000000000000e+00
-3.937094386010828728e-01 2.500000000000000000e+00
-3.887845834069684758e-01 2.500000000000000000e+00
-3.851616558589632255e-01 2.500000000000000000e+00
-3.800210387283226021e-01 2.500000000000000000e+00
-3.655460853307349600e-01 2.500000000000000000e+00
-3.631635211900586246e-01 2.500000000000000000e+00
-3.438569033692854271e-01 2.500000000000000000e+00
-3.308943735398982566e-01 2.500000000000000000e+00
-3.292429784942270676e-01 2.500000000000000000e+00
-3.139657944567068593e-01 2.500000000000000000e+00
-3.098430398554029019e-01 2.500000000000000000e+00
-2.952753725169992016e-01 2.500000000000000000e+00
-2.939161801510394856e-01 2.500000000000000000e+00
-2.822852277097422369e-01 2.500000000000000000e+00
-2.786881941919956973e-01 2.500000000000000000e+00
-2.690521707811923124e-01 2.500000000000000000e+00
-2.594654686591386095e-01 2.500000000000000000e+00
-2.511721556998670057e-01 2.500000000000000000e+00
-2.332543892039653788e-01 2.500000000000000000e+00
-2.272045355633297015e-01 2.500000000000000000e+00
-2.176497127796703235e-01 2.500000000000000000e+00
-2.139220918167911156e-01 2.500000000000000000e+00
-2.098811725063706168e-01 2.500000000000000000e+00
-2.007262252993474716e-01 2.500000000000000000e+00
-1.772693030499122580e-01 2.500000000000000000e+00
-1.730378174328615626e-01 2.500000000000000000e+00
-1.682955559551982117e-01 2.500000000000000000e+00
-1.633092828193080381e-01 2.500000000000000000e+00
-1.492828255635076373e-01 2.500000000000000000e+00
-1.328499694412317855e-01 2.500000000000000000e+00
-1.295173278573444609e-01 2.500000000000000000e+00
-1.165140787370646386e-01 2.500000000000000000e+00
-1.125405917906261294e-01 2.500000000000000000e+00
-1.016485383237223095e-01 2.500000000000000000e+00
-9.021503798271848784e-02 2.500000000000000000e+00
-8.516058089414724197e-02 2.500000000000000000e+00
-7.388830247568814458e-02 2.500000000000000000e+00
-6.503766352476941792e-02 2.500000000000000000e+00
-6.157001617610931982e-02 2.500000000000000000e+00
-5.246380754737259289e-02 2.500000000000000000e+00
-4.911521183263865831e-02 2.500000000000000000e+00
-4.330433951005680654e-02 2.500000000000000000e+00
-2.656458581358696336e-02 2.500000000000000000e+00
-1.423661743734207057e-02 2.500000000000000000e+00
-3.491380495596366988e-03 2.500000000000000000e+00
2.175763616095355551e-03 2.500000000000000000e+00
1.060864647942466078e-02 2.500000000000000000e+00
1.563231278189864890e-02 2.500000000000000000e+00
2.262313239501375847e-02 2.500000000000000000e+00
2.621119798321643740e-02 2.500000000000000000e+00
3.169075157069628501e-02 2.500000000000000000e+00
5.370837105928279176e-02 2.500000000000000000e+00
5.800928901330224680e-02 2.500000000000000000e+00
7.359233566286647876e-02 2.500000000000000000e+00
7.671843312521847702e-02 2.500000000000000000e+00
8.879859900782018090e-02 2.500000000000000000e+00
1.008103651844807630e-01 2.500000000000000000e+00
1.067475274153963510e-01 2.500000000000000000e+00
1.264409219886057922e-01 2.500000000000000000e+00
1.315471091768531664e-01 2.500000000000000000e+00
1.447184267978483263e-01 2.500000000000000000e+00
1.511288347382337971e-01 2.500000000000000000e+00
1.557977429201764519e-01 2.500000000000000000e+00
1.677095980911435802e-01 2.500000000000000000e+00
1.729787880850867654e-01 2.500000000000000000e+00
1.773390720101061246e-01 2.500000000000000000e+00
1.898629065681025352e-01 2.500000000000000000e+00
1.959812637128615642e-01 2.500000000000000000e+00
2.066925153929763392e-01 2.500000000000000000e+00
2.154560684010483895e-01 2.500000000000000000e+00
2.417892673021123373e-01 2.500000000000000000e+00
2.502140654688423949e-01 2.500000000000000000e+00
2.585610638763627400e-01 2.500000000000000000e+00
2.651434854734252000e-01 2.500000000000000000e+00
2.689122776502483880e-01 2.500000000000000000e+00
2.761651741304660401e-01 2.500000000000000000e+00
2.837739347479809604e-01 2.500000000000000000e+00
3.003860721362812680e-01 2.500000000000000000e+00
3.077110059644898032e-01 2.500000000000000000e+00
3.086917151531826109e-01 2.500000000000000000e+00
3.170048559127534582e-01 2.500000000000000000e+00
3.251583610082600662e-01 2.500000000000000000e+00
3.325790816763498636e-01 2.500000000000000000e+00
3.405619754239714858e-01 2.500000000000000000e+00
3.525748299185917922e-01 2.500000000000000000e+00
3.620592063144832395e-01 2.500000000000000000e+00
3.646927637883934925e-01 2.500000000000000000e+00
3.846873347658701925e-01 2.500000000000000000e+00
3.964725387538819423e-01 2.500000000000000000e+00
4.068263051518254958e-01 2.500000000000000000e+00
4.096572549888437553e-01 2.500000000000000000e+00
4.184958814355552725e-01 2.500000000000000000e+00
4.188207158591539803e-01 2.500000000000000000e+00
4.316288094709815892e-01 2.500000000000000000e+00
4.527794302547658023e-01 2.500000000000000000e+00
4.610286325617777292e-01 2.500000000000000000e+00
4.709070234066730087e-01 2.500000000000000000e+00
4.828717162760806092e-01 2.500000000000000000e+00
4.881371980255261867e-01 2.500000000000000000e+00
4.985504977206198229e-01 2.500000000000000000e+00
5.068262157730983875e-01 2.500000000000000000e+00
5.211779968699536969e-01 2.500000000000000000e+00
5.241291811529594780e-01 2.500000000000000000e+00
5.266484012982557417e-01 2.500000000000000000e+00
5.304965918655822898e-01 2.500000000000000000e+00
5.570251748395309566e-01 2.500000000000000000e+00
5.757445240954229826e-01 2.500000000000000000e+00
5.801018114426516048e-01 2.500000000000000000e+00
6.028580683660148543e-01 2.500000000000000000e+00
6.054823447073188758e-01 2.500000000000000000e+00
6.093086581942339652e-01 2.500000000000000000e+00
6.161582581234124056e-01 2.500000000000000000e+00
6.283421943747022897e-01 2.500000000000000000e+00
6.331143742566757160e-01 2.500000000000000000e+00
6.394704853147825663e-01 2.500000000000000000e+00
6.464132021885194979e-01 2.500000000000000000e+00
6.610147739711144110e-01 2.500000000000000000e+00
6.720982693692151289e-01 2.500000000000000000e+00
6.848949807220996444e-01 2.500000000000000000e+00
6.862340823724389915e-01 2.500000000000000000e+00
7.046869943353792909e-01 2.500000000000000000e+00
7.104079544883165065e-01 2.500000000000000000e+00
7.278460229025225381e-01 2.500000000000000000e+00
7.315577014407707024e-01 2.500000000000000000e+00
7.488998502240445942e-01 2.500000000000000000e+00
7.674792449437074504e-01 2.500000000000000000e+00
7.773014087954692730e-01 2.500000000000000000e+00
7.834229257688307690e-01 2.500000000000000000e+00
8.017380656646443393e-01 2.500000000000000000e+00
8.078684449126631861e-01 2.500000000000000000e+00
8.143632218744405460e-01 2.500000000000000000e+00
8.218568379667645640e-01 2.500000000000000000e+00
8.300701689057027322e-01 2.500000000000000000e+00
8.325711082451958678e-01 2.500000000000000000e+00
8.393166438269372698e-01 2.500000000000000000e+00
8.488889790435170113e-01 2.500000000000000000e+00
8.598427956177355780e-01 2.500000000000000000e+00
8.652469757059363387e-01 2.500000000000000000e+00
8.861107883621324177e-01 2.500000000000000000e+00
8.934297083420005281e-01 2.500000000000000000e+00
9.049862833271752338e-01 2.500000000000000000e+00
9.089554196784361828e-01 2.500000000000000000e+00
9.203098039078936310e-01 2.500000000000000000e+00
9.275615668376315792e-01 2.500000000000000000e+00
9.438699067381381980e-01 2.500000000000000000e+00
9.633950972196891893e-01 2.500000000000000000e+00
9.678326435913556791e-01 2.500000000000000000e+00
9.748799474723317537e-01 2.500000000000000000e+00
1.002591066248447849e+00 2.500000000000000000e+00
1.015802496270337585e+00 2.500000000000000000e+00
1.027326371635290947e+00 2.500000000000000000e+00
1.036296802651291982e+00 2.500000000000000000e+00
1.047258181933367727e+00 2.500000000000000000e+00
1.051969770581628660e+00 2.500000000000000000e+00
1.060197317431872399e+00 2.500000000000000000e+00
1.069387561681242271e+00 2.500000000000000000e+00
1.078754449219716083e+00 2.500000000000000000e+00
1.094271163011560910e+00 2.500000000000000000e+00
1.102019485437096158e+00 2.500000000000000000e+00
1.105706347126915290e+00 2.500000000000000000e+00
1.123592562955946228e+00 2.500000000000000000e+00
1.133410166880384207e+00 2.500000000000000000e+00
1.147622418554613999e+00 2.500000000000000000e+00
1.156102085572384919e+00 2.500000000000000000e+00
1.162310732054386619e+00 2.500000000000000000e+00
1.184286793741780697e+00 2.500000000000000000e+00
1.189649640594031998e+00 2.500000000000000000e+00
1.199692186096418256e+00 2.500000000000000000e+00
1.208363165237147152e+00 2.500000000000000000e+00
1.236278193372008394e+00 2.500000000000000000e+00
1.242121842507198481e+00 2.500000000000000000e+00
1.255013269603760806e+00 2.500000000000000000e+00
1.261971506656202946e+00 2.500000000000000000e+00
1.265591317100766888e+00 2.500000000000000000e+00
1.277110866766853592e+00 2.500000000000000000e+00
1.303102630580496024e+00 2.500000000000000000e+00
1.311200676234418827e+00 2.500000000000000000e+00
1.339079440469521654e+00 2.500000000000000000e+00
1.350246984978572540e+00 2.500000000000000000e+00
1.353380558871252415e+00 2.500000000000000000e+00
1.362360314159711594e+00 2.500000000000000000e+00
1.381789061359996351e+00 2.500000000000000000e+00
1.383110405694206513e+00 2.500000000000000000e+00
1.391442359459835965e+00 2.500000000000000000e+00
1.409142855120815829e+00 2.500000000000000000e+00
1.423175671983845092e+00 2.500000000000000000e+00
1.425029552878203543e+00 2.500000000000000000e+00
1.445968593226006238e+00 2.500000000000000000e+00
1.473245554647220290e+00 2.500000000000000000e+00
1.486755341062451885e+00 2.500000000000000000e+00
1.502353940104253605e+00 2.500000000000000000e+00
1.510253779557028553e+00 2.500000000000000000e+00
1.518117315001479062e+00 2.500000000000000000e+00
1.525153266689610376e+00 2.500000000000000000e+00
1.528890271769781206e+00 2.500000000000000000e+00
1.553723017592339772e+00 2.500000000000000000e+00
1.577730965786831252e+00 2.500000000000000000e+00
1.595185799110207192e+00 2.500000000000000000e+00
1.612251850170442591e+00 2.500000000000000000e+00
1.638444579977203608e+00 2.500000000000000000e+00
1.644335769283960413e+00 2.500000000000000000e+00
1.689297879425838644e+00 2.500000000000000000e+00
1.699067868154832128e+00 2.500000000000000000e+00
1.714942540983104724e+00 2.500000000000000000e+00
1.727030976261256345e+00 2.500000000000000000e+00
1.737864570111675500e+00 2.500000000000000000e+00
1.751190932236601494e+00 2.500000000000000000e+00
1.757553990562655821e+00 2.500000000000000000e+00
1.796541843919033266e+00 2.500000000000000000e+00
1.815360260942609383e+00 2.500000000000000000e+00
1.821561604627280451e+00 2.500000000000000000e+00
1.828072044282219144e+00 2.500000000000000000e+00
1.845949165253912394e+00 2.500000000000000000e+00
1.860330392899132823e+00 2.500000000000000000e+00
1.867176780867375596e+00 2.500000000000000000e+00
1.873237663961989652e+00 2.500000000000000000e+00
1.929828334596223272e+00 2.500000000000000000e+00
1.936761373914892559e+00 2.500000000000000000e+00
1.962064805484027286e+00 2.500000000000000000e+00
1.988138111327695023e+00 2.500000000000000000e+00
2.002286815564935818e+00 2.500000000000000000e+00
2.013879253125720581e+00 2.500000000000000000e+00
2.050279432274046965e+00 2.500000000000000000e+00
2.078617931195033908e+00 2.500000000000000000e+00
2.116790742213055854e+00 2.500000000000000000e+00
2.124010206219339114e+00 2.500000000000000000e+00
2.148062850558505321e+00 2.500000000000000000e+00
2.164847896748811173e+00 2.500000000000000000e+00
2.184756474777448609e+00 2.500000000000000000e+00
2.209574967951708047e+00 2.500000000000000000e+00
2.257808414045159306e+00 2.500000000000000000e+00
2.291531502585013591e+00 2.500000000000000000e+00
2.305434143566594152e+00 2.500000000000000000e+00
2.335090587995805045e+00 2.500000000000000000e+00
2.366370527843076221e+00 2.500000000000000000e+00
2.382171570716616227e+00 2.500000000000000000e+00
2.409720305896340342e+00 2.500000000000000000e+00
2.464322995545033645e+00 2.500000000000000000e+00
2.490333358210235826e+00 2.500000000000000000e+00
2.502521928469984225e+00 2.500000000000000000e+00
2.517394851101818709e+00 2.500000000000000000e+00
2.530982160943775039e+00 2.500000000000000000e+00
2.573713669444340546e+00 2.500000000000000000e+00
2.578572561472189051e+00 2.500000000000000000e+00
2.618858410144833559e+00 2.500000000000000000e+00
2.638001550891566183e+00 2.500000000000000000e+00
2.720726868332697723e+00 2.500000000000000000e+00
2.803778030954827916e+00 2.500000000000000000e+00
2.817751495502361703e+00 2.500000000000000000e+00
2.844444552020511274e+00 2.500000000000000000e+00
2.894377633980460551e+00 2.500000000000000000e+00
2.972601620177496518e+00 2.500000000000000000e+00
3.008539967856856734e+00 2.500000000000000000e+00
3.061812247555516731e+00 2.500000000000000000e+00
3.147563478519634028e+00 2.500000000000000000e+00
3.196465136342343527e+00 2.500000000000000000e+00
3.308841600501602365e+00 2.500000000000000000e+00
3.456410236876140019e+00 2.500000000000000000e+00
3.493390275010560764e+00 2.500000000000000000e+00
3.560964915128674857e+00 2.500000000000000000e+00
3.920135376499880309e+00 2.500000000000000000e+00
3.999645821055044959e+00 2.500000000000000000e+00
-3.266478296039900808e+00 1.500000000000000000e+00
-3.141681327145539271e+00 1.500000000000000000e+00
-3.009673957081894891e+00 1.500000000000000000e+00
-2.876243895207569512e+00 1.500000000000000000e+00
-2.869029352750160466e+00 1.500000000000000000e+00
-2.840357914931361361e+00 1.500000000000000000e+00
-2.780000824061674702e+00 1.500000000000000000e+00
-2.720113610168817253e+00 1.500000000000000000e+00
-2.705575709991412836e+00 1.500000000000000000e+00
-2.592839762394101299e+00 1.500000000000000000e+00
-2.578775428521146829e+00 1.500000000000000000e+00
-2.544940401518823503e+00 1.500000000000000000e+00
-2.508180296034310253e+00 1.500000000000000000e+00
-2.482734385201345262e+00 1.500000000000000000e+00
-2.394878298209537348e+00 1.500000000000000000e+00
-2.379745203346762317e+00 1.500000000000000000e+00
-2.346589280479494555e+00 1.500000000000000000e+00
-2.339032126217627905e+00 1.500000000000000000e+00
-2.268332715309243852e+00 1.500000000000000000e+00
-2.251202028781102982e+00 1.500000000000000000e+00
-2.231175802938968111e+00 1.500000000000000000e+00
-2.212018016559930800e+00 1.500000000000000000e+00
-2.202152776642086973e+00 1.500000000000000000e+00
-2.179119220737385287e+00 1.500000000000000000e+00
-2.147516279056802091e+00 1.500000000000000000e+00
-2.099644628441026839e+00 1.500000000000000000e+00
-2.091810813214413756e+00 1.500000000000000000e+00
-2.080077570409425647e+00 1.500000000000000000e+00
-2.063189766730018082e+00 1.500000000000000000e+00
-2.055520229162785206e+00 1.500000000000000000e+00
-2.038198550228923711e+00 1.500000000000000000e+00
-2.021376990227366832e+00 1.500000000000000000e+00
-1.977824303220323321e+00 1.500000000000000000e+00
-1.965842207529940655e+00 1.500000000000000000e+00
-1.954463847098456775e+00 1.500000000000000000e+00
-1.941899387246308173e+00 1.500000000000000000e+00
-1.936230245087664503e+00 1.500000000000000000e+00
-1.920914751392293951e+00 1.500000000000000000e+00
-1.901560070347338316e+00 1.500000000000000000e+00
-1.866613659303940187e+00 1.500000000000000000e+00
-1.855356100531235564e+00 1.500000000000000000e+00
-1.820480641542500999e+00 1.500000000000000000e+00
-1.787999221177376752e+00 1.500000000000000000e+00
-1.764675373393156388e+00 1.500000000000000000e+00
-1.752445400044340351e+00 1.500000000000000000e+00
-1.743500523714871298e+00 1.500000000000000000e+00
-1.738229466626012742e+00 1.500000000000000000e+00
-1.733194742359075669e+00 1.500000000000000000e+00
-1.727049525501785920e+00 1.500000000000000000e+00
-1.701325993371526568e+00 1.500000000000000000e+00
-1.686116554340160834e+00 1.500000000000000000e+00
-1.676296970681188991e+00 1.500000000000000000e+00
-1.658983355313992325e+00 1.500000000000000000e+00
-1.639133933769554297e+00 1.500000000000000000e+00
-1.632020526201787280e+00 1.500000000000000000e+00
-1.622775886622704222e+00 1.500000000000000000e+00
-1.618035964778739011e+00 1.500000000000000000e+00
-1.598708873988426982e+00 1.500000000000000000e+00
-1.577051776214605683e+00 1.500000000000000000e+00
-1.563487089550103626e+00 1.500000000000000000e+00
-1.558738557101782218e+00 1.500000000000000000e+00
-1.531311778474261809e+00 1.500000000000000000e+00
-1.529998847994612943e+00 1.500000000000000000e+00
-1.523593356243982955e+00 1.500000000000000000e+00
-1.509753677652092119e+00 1.500000000000000000e+00
-1.483258419598156630e+00 1.500000000000000000e+00
-1.476251235296595299e+00 1.500000000000000000e+00
-1.464692274961197693e+00 1.500000000000000000e+00
-1.452987589490707609e+00 1.500000000000000000e+00
-1.444133249143474629e+00 1.500000000000000000e+00
-1.436462233435034541e+00 1.500000000000000000e+00
-1.431632032827054868e+00 1.500000000000000000e+00
-1.411525137318625722e+00 1.500000000000000000e+00
-1.400226138333307002e+00 1.500000000000000000e+00
-1.370010204928611142e+00 1.500000000000000000e+00
-1.361765552583490635e+00 1.500000000000000000e+00
-1.353486936695539988e+00 1.500000000000000000e+00
-1.332775737496839863e+00 1.500000000000000000e+00
-1.326002875841707063e+00 1.500000000000000000e+00
-1.313175894609196259e+00 1.500000000000000000e+00
-1.304570597777957364e+00 1.500000000000000000e+00
-1.297363004222563676e+00 1.500000000000000000e+00
-1.289265759918432286e+00 1.500000000000000000e+00
-1.282443840721430917e+00 1.500000000000000000e+00
-1.275341147824382126e+00 1.500000000000000000e+00
-1.271334883832315299e+00 1.500000000000000000e+00
-1.259353386553641263e+00 1.500000000000000000e+00
-1.240354814314203358e+00 1.500000000000000000e+00
-1.238031653005981836e+00 1.500000000000000000e+00
-1.224941811148991366e+00 1.500000000000000000e+00
-1.216175156563199522e+00 1.500000000000000000e+00
-1.207363996692077279e+00 1.500000000000000000e+00
-1.190618317892166989e+00 1.500000000000000000e+00
-1.185161580431231654e+00 1.500000000000000000e+00
-1.172073722987263089e+00 1.500000000000000000e+00
-1.158688171994263882e+00 1.500000000000000000e+00
-1.151998042678871847e+00 1.500000000000000000e+00
-1.144209523419467356e+00 1.500000000000000000e+00
-1.118537050029692059e+00 1.500000000000000000e+00
-1.117017040178644338e+00 1.500000000000000000e+00
-1.102760587906455925e+00 1.500000000000000000e+00
-1.094844874329755413e+00 1.500000000000000000e+00
-1.079328555762825825e+00 1.500000000000000000e+00
-1.077473748291607469e+00 1.500000000000000000e+00
-1.073629922039696094e+00 1.500000000000000000e+00
-1.059635441132220635e+00 1.500000000000000000e+00
-1.041329292368033510e+00 1.500000000000000000e+00
-1.039544729762713615e+00 1.500000000000000000e+00
-1.031794532103141426e+00 1.500000000000000000e+00
-1.018925130028304649e+00 1.500000000000000000e+00
-1.013242306394902537e+00 1.500000000000000000e+00
-1.002723147401146209e+00 1.500000000000000000e+00
-9.965221455310355747e-01 1.500000000000000000e+00
-9.863560714573529342e-01 1.500000000000000000e+00
-9.772742306443141791e-01 1.500000000000000000e+00
-9.597935978808127544e-01 1.500000000000000000e+00
-9.498561435268784159e-01 1.500000000000000000e+00
-9.369002752376153209e-01 1.500000000000000000e+00
-9.303076698187424665e-01 1.500000000000000000e+00
-9.251793720840802981e-01 1.500000000000000000e+00
-9.195677369210827345e-01 1.500000000000000000e+00
-9.061768148818841739e-01 1.500000000000000000e+00
-8.953998548440561533e-01 1.500000000000000000e+00
-8.937287694321901510e-01 1.500000000000000000e+00
-8.804310746596674120e-01 1.500000000000000000e+00
-8.753615863912805883e-01 1.500000000000000000e+00
-8.638485773308670623e-01 1.500000000000000000e+00
-8.538844528130320466e-01 1.500000000000000000e+00
-8.508274964100726034e-01 1.500000000000000000e+00
-8.459141054966853313e-01 1.500000000000000000e+00
-8.351422907961970621e-01 1.500000000000000000e+00
-8.296220583890422384e-01 1.500000000000000000e+00
-8.214567352178411275e-01 1.500000000000000000e+00
-8.120700716632158755e-01 1.500000000000000000e+00
-7.942001001365772694e-01 1.500000000000000000e+00
-7.758198972125082138e-01 1.500000000000000000e+00
-7.709154398618456305e-01 1.500000000000000000e+00
-7.670164871017427499e-01 1.500000000000000000e+00
-7.587280819952745281e-01 1.500000000000000000e+00
-7.499227133807675472e-01 1.500000000000000000e+00
-7.407136954725516143e-01 1.500000000000000000e+00
-7.382054266129287612e-01 1.500000000000000000e+00
-7.261960869627555049e-01 1.500000000000000000e+00
-7.219576973847512402e-01 1.500000000000000000e+00
-7.173903104949233001e-01 1.500000000000000000e+00
-7.089951948947398330e-01 1.500000000000000000e+00
-6.992998926722768793e-01 1.500000000000000000e+00
-6.948856163620580340e-01 1.500000000000000000e+00
-6.810531633134966345e-01 1.500000000000000000e+00
-6.801670027320338985e-01 1.500000000000000000e+00
-6.751092988369467029e-01 1.500000000000000000e+00
-6.704195776524199957e-01 1.500000000000000000e+00
-6.610117926769654151e-01 1.500000000000000000e+00
-6.500306140465975657e-01 1.500000000000000000e+00
-6.450578437672024323e-01 1.500000000000000000e+00
-6.391260094404879188e-01 1.500000000000000000e+00
-6.248004737325076885e-01 1.500000000000000000e+00
-6.105668339813528078e-01 1.500000000000000000e+00
-6.008782898360284230e-01 1.500000000000000000e+00
-5.857498966878659230e-01 1.500000000000000000e+00
-5.786044316184109082e-01 1.500000000000000000e+00
-5.690704713629296529e-01 1.500000000000000000e+00
-5.629207777058826689e-01 1.500000000000000000e+00
-5.520883411413132213e-01 1.500000000000000000e+00
-5.446946624287416494e-01 1.500000000000000000e+00
-5.371777202384013794e-01 1.500000000000000000e+00
-5.259049252855033663e-01 1.500000000000000000e+00
-5.167095968977137854e-01 1.500000000000000000e+00
-5.109196450590137717e-01 1.500000000000000000e+00
-5.090281662785699490e-01 1.500000000000000000e+00
-4.903086380460279226e-01 1.500000000000000000e+00
-4.850131622094071560e-01 1.500000000000000000e+00
-4.796096254794910418e-01 1.500000000000000000e+00
-4.754013585013124321e-01 1.500000000000000000e+00
-4.724023924047679457e-01 1.500000000000000000e+00
-4.646169094282842082e-01 1.500000000000000000e+00
-4.571158188064696759e-01 1.500000000000000000e+00
-4.444444870351613730e-01 1.500000000000000000e+00
-4.415829028705159365e-01 1.500000000000000000e+00
-4.327458483979309545e-01 1.500000000000000000e+00
-4.262739583803153987e-01 1.500000000000000000e+00
-4.209893149524462919e-01 1.500000000000000000e+00
-4.133384558052239366e-01 1.500000000000000000e+00
-4.087338464173593811e-01 1.500000000000000000e+00
-4.015393789249169232e-01 1.500000000000000000e+00
-3.966671945183398162e-01 1.500000000000000000e+00
-3.934520474401352885e-01 1.500000000000000000e+00
-3.772573064146507171e-01 1.500000000000000000e+00
-3.733296617216624869e-01 1.500000000000000000e+00
-3.603326270403724441e-01 1.500000000000000000e+00
-3.577303606871021224e-01 1.500000000000000000e+00
-3.527492307889112944e-01 1.500000000000000000e+00
-3.338096825121217859e-01 1.500000000000000000e+00
-3.331156472614945074e-01 1.500000000000000000e+00
-3.289107983559372284e-01 1.500000000000000000e+00
-3.175598535700127623e-01 1.500000000000000000e+00
-3.104711443763039092e-01 1.500000000000000000e+00
-3.022588536509147605e-01 1.500000000000000000e+00
-2.949327803071259968e-01 1.500000000000000000e+00
-2.907175685540939192e-01 1.500000000000000000e+00
-2.839443291202906061e-01 1.500000000000000000e+00
-2.761518358538234685e-01 1.500000000000000000e+00
-2.679570827715678782e-01 1.500000000000000000e+00
-2.616581585623755091e-01 1.500000000000000000e+00
-2.528176115460074591e-01 1.500000000000000000e+00
-2.382826128079785777e-01 1.500000000000000000e+00
-2.265726257040631408e-01 1.500000000000000000e+00
-2.177164136383504534e-01 1.500000000000000000e+00
-2.111290504505626831e-01 1.500000000000000000e+00
-2.102438771922196248e-01 1.500000000000000000e+00
-2.042361992774014978e-01 1.500000000000000000e+00
-1.979395462960244767e-01 1.500000000000000000e+00
-1.957511958572990818e-01 1.500000000000000000e+00
-1.862978708710565368e-01 1.500000000000000000e+00
-1.783328692084454048e-01 1.500000000000000000e+00
-1.752760858564396951e-01 1.500000000000000000e+00
-1.587831916031365309e-01 1.500000000000000000e+00
-1.580796248283665995e-01 1.500000000000000000e+00
-1.493181814549490449e-01 1.500000000000000000e+00
-1.428444823493110472e-01 1.500000000000000000e+00
-1.417551579705387810e-01 1.500000000000000000e+00
-1.388112978392813945e-01 1.500000000000000000e+00
-1.325086873979755830e-01 1.500000000000000000e+00
-1.227446206085511804e-01 1.500000000000000000e+00
-1.144524181762889697e-01 1.500000000000000000e+00
-1.091593910851757498e-01 1.500000000000000000e+00
-8.382371813247815884e-02 1.500000000000000000e+00
-7.239911840701751533e-02 1.500000000000000000e+00
-7.111062717864062577e-02 1.500000000000000000e+00
-6.932310332479897641e-02 1.500000000000000000e+00
-6.584198921122655368e-02 1.500000000000000000e+00
-5.679598828732845828e-02 1.500000000000000000e+00
-4.472216382984743610e-02 1.500000000000000000e+00
-3.658961515457066077e-02 1.500000000000000000e+00
-2.957192019591971949e-02 1.500000000000000000e+00
-2.581834464927831516e-02 1.500000000000000000e+00
-1.781857564194488930e-02 1.500000000000000000e+00
-1.217319801678087843e-02 1.500000000000000000e+00
-5.541911251840213673e-03 1.500000000000000000e+00
3.905114963050332517e-03 1.500000000000000000e+00
6.422251369303188205e-03 1.500000000000000000e+00
1.755691548026446641e-02 1.500000000000000000e+00
2.182853250528070388e-02 1.500000000000000000e+00
2.717141487640140074e-02 1.500000000000000000e+00
3.438758459179571542e-02 1.500000000000000000e+00
3.864674874548806177e-02 1.500000000000000000e+00
4.975218841933324448e-02 1.500000000000000000e+00
5.985043241129512498e-02 1.500000000000000000e+00
6.092387308430238096e-02 1.500000000000000000e+00
6.630029953213245619e-02 1.500000000000000000e+00
7.026672782504309045e-02 1.500000000000000000e+00
8.128240827649660383e-02 1.500000000000000000e+00
9.168452492200356019e-02 1.500000000000000000e+00
9.456458537238368600e-02 1.500000000000000000e+00
1.022548659710514340e-01 1.500000000000000000e+00
1.049432235365972688e-01 1.500000000000000000e+00
1.144272223676666145e-01 1.500000000000000000e+00
1.243835921932382321e-01 1.500000000000000000e+00
1.363793685276608325e-01 1.500000000000000000e+00
1.468393321464166457e-01 1.500000000000000000e+00
1.501196727761067440e-01 1.500000000000000000e+00
1.540658795351615151e-01 1.500000000000000000e+00
1.593964466399479529e-01 1.500000000000000000e+00
1.612534419134453723e-01 1.500000000000000000e+00
1.751118282761843226e-01 1.500000000000000000e+00
1.843513822346426745e-01 1.500000000000000000e+00
1.880673667967938389e-01 1.500000000000000000e+00
1.919417774484364347e-01 1.500000000000000000e+00
2.043924452060415509e-01 1.500000000000000000e+00
2.103479376975496695e-01 1.500000000000000000e+00
2.151032868627162087e-01 1.500000000000000000e+00
2.262471547847706710e-01 1.500000000000000000e+00
2.325905041128844553e-01 1.500000000000000000e+00
2.343624965232349033e-01 1.500000000000000000e+00
2.439875884399425321e-01 1.500000000000000000e+00
2.504434401003373667e-01 1.500000000000000000e+00
2.557150958206461100e-01 1.500000000000000000e+00
2.626893732551523475e-01 1.500000000000000000e+00
2.669500165365715771e-01 1.500000000000000000e+00
2.771354311320782249e-01 1.500000000000000000e+00
2.955860821684113682e-01 1.500000000000000000e+00
2.988088681897891896e-01 1.500000000000000000e+00
3.040346642911789798e-01 1.500000000000000000e+00
3.119971370434727609e-01 1.500000000000000000e+00
3.188865333120898815e-01 1.500000000000000000e+00
3.233771322016975591e-01 1.500000000000000000e+00
3.330440791538891165e-01 1.500000000000000000e+00
3.373153441562293242e-01 1.500000000000000000e+00
3.441780338274562090e-01 1.500000000000000000e+00
3.520731079302538147e-01 1.500000000000000000e+00
3.625235165743079246e-01 1.500000000000000000e+00
3.688039862616337983e-01 1.500000000000000000e+00
3.791922174180378247e-01 1.500000000000000000e+00
3.822043560259438255e-01 1.500000000000000000e+00
3.855697217401936050e-01 1.500000000000000000e+00
3.924236415777206388e-01 1.500000000000000000e+00
4.049294773071313580e-01 1.500000000000000000e+00
4.116361702631894381e-01 1.500000000000000000e+00
4.131258215135907852e-01 1.500000000000000000e+00
4.241069319065948195e-01 1.500000000000000000e+00
4.272272130444092486e-01 1.500000000000000000e+00
4.334373437362255554e-01 1.500000000000000000e+00
4.468219162231011898e-01 1.500000000000000000e+00
4.510445836692522636e-01 1.500000000000000000e+00
4.633178428492215062e-01 1.500000000000000000e+00
4.667853039743471433e-01 1.500000000000000000e+00
4.775367074160143388e-01 1.500000000000000000e+00
4.798385580847587262e-01 1.500000000000000000e+00
4.908283644457893113e-01 1.500000000000000000e+00
4.988251343186992925e-01 1.500000000000000000e+00
5.042832809953712303e-01 1.500000000000000000e+00
5.117830490197976534e-01 1.500000000000000000e+00
5.184096510883560160e-01 1.500000000000000000e+00
5.236952826750163048e-01 1.500000000000000000e+00
5.259838125295343003e-01 1.500000000000000000e+00
5.391274039576439137e-01 1.500000000000000000e+00
5.466219941681583760e-01 1.500000000000000000e+00
5.587548788295184643e-01 1.500000000000000000e+00
5.647789107001236486e-01 1.500000000000000000e+00
5.786933315985719473e-01 1.500000000000000000e+00
5.835133932502345466e-01 1.500000000000000000e+00
5.880041809107793283e-01 1.500000000000000000e+00
5.894206909712036424e-01 1.500000000000000000e+00
5.971232533665192799e-01 1.500000000000000000e+00
6.087827854891946222e-01 1.500000000000000000e+00
6.162914249088603524e-01 1.500000000000000000e+00
6.342352082433548865e-01 1.500000000000000000e+00
6.349136323097467338e-01 1.500000000000000000e+00
6.403526173199203253e-01 1.500000000000000000e+00
6.454537121548559186e-01 1.500000000000000000e+00
6.531916511365436495e-01 1.500000000000000000e+00
6.610523509587703517e-01 1.500000000000000000e+00
6.673106681003522223e-01 1.500000000000000000e+00
6.709012909673147673e-01 1.500000000000000000e+00
6.747841332076118803e-01 1.500000000000000000e+00
6.873281874041643480e-01 1.500000000000000000e+00
6.912924901617387707e-01 1.500000000000000000e+00
7.028995871255546701e-01 1.500000000000000000e+00
7.124454355252063387e-01 1.500000000000000000e+00
7.228376685383185452e-01 1.500000000000000000e+00
7.335525777541278547e-01 1.500000000000000000e+00
7.446928475814456050e-01 1.500000000000000000e+00
7.474588327704900781e-01 1.500000000000000000e+00
7.491394219471063654e-01 1.500000000000000000e+00
7.602604191756868746e-01 1.500000000000000000e+00
7.626151548958173265e-01 1.500000000000000000e+00
7.669971428077242415e-01 1.500000000000000000e+00
7.807027002906955504e-01 1.500000000000000000e+00
7.866279057830797283e-01 1.500000000000000000e+00
7.933832125041890837e-01 1.500000000000000000e+00
7.973501087752641325e-01 1.500000000000000000e+00
8.077926552176717401e-01 1.500000000000000000e+00
8.130718037936758291e-01 1.500000000000000000e+00
8.205193299205406632e-01 1.500000000000000000e+00
8.300144648718396079e-01 1.500000000000000000e+00
8.453834890923977996e-01 1.500000000000000000e+00
8.525643852237037024e-01 1.500000000000000000e+00
8.535827202826744564e-01 1.500000000000000000e+00
8.712946918676622854e-01 1.500000000000000000e+00
8.813303823154284844e-01 1.500000000000000000e+00
8.870459634986632702e-01 1.500000000000000000e+00
8.901197934676520207e-01 1.500000000000000000e+00
8.975095822679272084e-01 1.500000000000000000e+00
9.095882121674272458e-01 1.500000000000000000e+00
9.109902557486051489e-01 1.500000000000000000e+00
9.173600243434085755e-01 1.500000000000000000e+00
9.265273584084500191e-01 1.500000000000000000e+00
9.278033914333898569e-01 1.500000000000000000e+00
9.308716381070675228e-01 1.500000000000000000e+00
9.408272731976599079e-01 1.500000000000000000e+00
9.493635470206523985e-01 1.500000000000000000e+00
9.630153161370368364e-01 1.500000000000000000e+00
9.712717280433703637e-01 1.500000000000000000e+00
9.752120391904932628e-01 1.500000000000000000e+00
9.875108895020097144e-01 1.500000000000000000e+00
9.922774235544740140e-01 1.500000000000000000e+00
1.000654725046601579e+00 1.500000000000000000e+00
1.005894469404094549e+00 1.500000000000000000e+00
1.017543978108907954e+00 1.500000000000000000e+00
1.021663508178554558e+00 1.500000000000000000e+00
1.031401245118241716e+00 1.500000000000000000e+00
1.049143834961066002e+00 1.500000000000000000e+00
1.049946626711842468e+00 1.500000000000000000e+00
1.054494144341605377e+00 1.500000000000000000e+00
1.059134786735070888e+00 1.500000000000000000e+00
1.069882190469533700e+00 1.500000000000000000e+00
1.071879879008033276e+00 1.500000000000000000e+00
1.079300493978113229e+00 1.500000000000000000e+00
1.087757857688581797e+00 1.500000000000000000e+00
1.097137953080828954e+00 1.500000000000000000e+00
1.107075496787357061e+00 1.500000000000000000e+00
1.115349899722821947e+00 1.500000000000000000e+00
1.116767275587463581e+00 1.500000000000000000e+00
1.124708521779788306e+00 1.500000000000000000e+00
1.129001772497557621e+00 1.500000000000000000e+00
1.138291804312609568e+00 1.500000000000000000e+00
1.153347068991386948e+00 1.500000000000000000e+00
1.162256509820227102e+00 1.500000000000000000e+00
1.164612984298254883e+00 1.500000000000000000e+00
1.175942856021403582e+00 1.500000000000000000e+00
1.187676452076041445e+00 1.500000000000000000e+00
1.199322609503469916e+00 1.500000000000000000e+00
1.207404968986865113e+00 1.500000000000000000e+00
1.210376967097076761e+00 1.500000000000000000e+00
1.218487468426641795e+00 1.500000000000000000e+00
1.230648897081236370e+00 1.500000000000000000e+00
1.251745169774964861e+00 1.500000000000000000e+00
1.253816816146642088e+00 1.500000000000000000e+00
1.261459905812646776e+00 1.500000000000000000e+00
1.263463900193993350e+00 1.500000000000000000e+00
1.284797073193112649e+00 1.500000000000000000e+00
1.286200533344262542e+00 1.500000000000000000e+00
1.297369955176649992e+00 1.500000000000000000e+00
1.301475046347660980e+00 1.500000000000000000e+00
1.302497430649102172e+00 1.500000000000000000e+00
1.315593617193429266e+00 1.500000000000000000e+00
1.322239526235024609e+00 1.500000000000000000e+00
1.327663887329308068e+00 1.500000000000000000e+00
1.341167766873630152e+00 1.500000000000000000e+00
1.359347025849143575e+00 1.500000000000000000e+00
1.368781306059772440e+00 1.500000000000000000e+00
1.372136181726698823e+00 1.500000000000000000e+00
1.381003645421696513e+00 1.500000000000000000e+00
1.394782177129191281e+00 1.500000000000000000e+00
1.396617983115741035e+00 1.500000000000000000e+00
1.404260426126646699e+00 1.500000000000000000e+00
1.410698594953312845e+00 1.500000000000000000e+00
1.426857903510586167e+00 1.500000000000000000e+00
1.434584675168705470e+00 1.500000000000000000e+00
1.444017892747489151e+00 1.500000000000000000e+00
1.446826484773201971e+00 1.500000000000000000e+00
1.464781020479087870e+00 1.500000000000000000e+00
1.472913053335275668e+00 1.500000000000000000e+00
1.487029984029301977e+00 1.500000000000000000e+00
1.492947829498112666e+00 1.500000000000000000e+00
1.499015350863950768e+00 1.500000000000000000e+00
1.511915441861554354e+00 1.500000000000000000e+00
1.517048518871316976e+00 1.500000000000000000e+00
1.519648562213018916e+00 1.500000000000000000e+00
1.529869480909982205e+00 1.500000000000000000e+00
1.537774237941168298e+00 1.500000000000000000e+00
1.548766649081668501e+00 1.500000000000000000e+00
1.555588573893272430e+00 1.500000000000000000e+00
1.560034218675685702e+00 1.500000000000000000e+00
1.576197650855773347e+00 1.500000000000000000e+00
1.593657211477053082e+00 1.500000000000000000e+00
1.603811124883068429e+00 1.500000000000000000e+00
1.613155514574727167e+00 1.500000000000000000e+00
1.624710865787766245e+00 1.500000000000000000e+00
1.628249182936057027e+00 1.500000000000000000e+00
1.641884282484138424e+00 1.500000000000000000e+00
1.655540924742735509e+00 1.500000000000000000e+00
1.656921694295175218e+00 1.500000000000000000e+00
1.672234525695182494e+00 1.500000000000000000e+00
1.674505486674918942e+00 1.500000000000000000e+00
1.683811489684103657e+00 1.500000000000000000e+00
1.692446251298318716e+00 1.500000000000000000e+00
1.713140864905063454e+00 1.500000000000000000e+00
1.724026909533575402e+00 1.500000000000000000e+00
1.736439732867174568e+00 1.500000000000000000e+00
1.739451130286304048e+00 1.500000000000000000e+00
1.748767814340463467e+00 1.500000000000000000e+00
1.760308890459280740e+00 1.500000000000000000e+00
1.766108299411929039e+00 1.500000000000000000e+00
1.784900029418555079e+00 1.500000000000000000e+00
1.802262769651691743e+00 1.500000000000000000e+00
1.808224454191807995e+00 1.500000000000000000e+00
1.824468973836783636e+00 1.500000000000000000e+00
1.826037228528810674e+00 1.500000000000000000e+00
1.834817087443211703e+00 1.500000000000000000e+00
1.860652976975155415e+00 1.500000000000000000e+00
1.868801594438840530e+00 1.500000000000000000e+00
1.874360860512147120e+00 1.500000000000000000e+00
1.896522918499939481e+00 1.500000000000000000e+00
1.907802294938004461e+00 1.500000000000000000e+00
1.915070684718828131e+00 1.500000000000000000e+00
1.923766869718132710e+00 1.500000000000000000e+00
1.931734661651208107e+00 1.500000000000000000e+00
1.936794789640881698e+00 1.500000000000000000e+00
1.949773275011795315e+00 1.500000000000000000e+00
1.964170877836791673e+00 1.500000000000000000e+00
1.972355982361069460e+00 1.500000000000000000e+00
1.982182755852532896e+00 1.500000000000000000e+00
2.002844991131820684e+00 1.500000000000000000e+00
2.009556507336212494e+00 1.500000000000000000e+00
2.024516603997472686e+00 1.500000000000000000e+00
2.043554256090450494e+00 1.500000000000000000e+00
2.053520039249023377e+00 1.500000000000000000e+00
2.075980830616975581e+00 1.500000000000000000e+00
2.084022357303140893e+00 1.500000000000000000e+00
2.086145501764499421e+00 1.500000000000000000e+00
2.102800150338980600e+00 1.500000000000000000e+00
2.116977464233557704e+00 1.500000000000000000e+00
2.123750976989192019e+00 1.500000000000000000e+00
2.148491611477025831e+00 1.500000000000000000e+00
2.160333405809497620e+00 1.500000000000000000e+00
2.171138113956173843e+00 1.500000000000000000e+00
2.195818867218870984e+00 1.500000000000000000e+00
2.200484028155933025e+00 1.500000000000000000e+00
2.223782359813444742e+00 1.500000000000000000e+00
2.240056583623177833e+00 1.500000000000000000e+00
2.253222972649893574e+00 1.500000000000000000e+00
2.269052544139199323e+00 1.500000000000000000e+00
2.276101024426932629e+00 1.500000000000000000e+00
2.280340076043895436e+00 1.500000000000000000e+00
2.297160784941832290e+00 1.500000000000000000e+00
2.303093454206520008e+00 1.500000000000000000e+00
2.338243930537528659e+00 1.500000000000000000e+00
2.351523534361045442e+00 1.500000000000000000e+00
2.367023437363632077e+00 1.500000000000000000e+00
2.389478567551153620e+00 1.500000000000000000e+00
2.401686431807517952e+00 1.500000000000000000e+00
2.412533944066960423e+00 1.500000000000000000e+00
2.429620549495501880e+00 1.500000000000000000e+00
2.434879065334816239e+00 1.500000000000000000e+00
2.480365217167462166e+00 1.500000000000000000e+00
2.486674308301043190e+00 1.500000000000000000e+00
2.501914529110721208e+00 1.500000000000000000e+00
2.510153113084549137e+00 1.500000000000000000e+00
2.522595812713618990e+00 1.500000000000000000e+00
2.534485392338539089e+00 1.500000000000000000e+00
2.547118871703516252e+00 1.500000000000000000e+00
2.572401919924675706e+00 1.500000000000000000e+00
2.592442701847298192e+00 1.500000000000000000e+00
2.603597779790987499e+00 1.500000000000000000e+00
2.633805974811995743e+00 1.500000000000000000e+00
2.649697508884564456e+00 1.500000000000000000e+00
2.664576614565389523e+00 1.500000000000000000e+00
2.675184273591717066e+00 1.500000000000000000e+00
2.705008037596511983e+00 1.500000000000000000e+00
2.712570467536547181e+00 1.500000000000000000e+00
2.725289741760430928e+00 1.500000000000000000e+00
2.771060949806591456e+00 1.500000000000000000e+00
2.783564840850718536e+00 1.500000000000000000e+00
2.800865978357760966e+00 1.500000000000000000e+00
2.806657711445418979e+00 1.500000000000000000e+00
2.823479771850369691e+00 1.500000000000000000e+00
2.833415649921072088e+00 1.500000000000000000e+00
2.869038128634950002e+00 1.500000000000000000e+00
2.879494868992311218e+00 1.500000000000000000e+00
2.913411730960849155e+00 1.500000000000000000e+00
2.933890023855091123e+00 1.500000000000000000e+00
2.960384295367624929e+00 1.500000000000000000e+00
3.025032038948062052e+00 1.500000000000000000e+00
3.032657134862544179e+00 1.500000000000000000e+00
3.056569793595044437e+00 1.500000000000000000e+00
3.101198421987862108e+00 1.500000000000000000e+00
3.123894182753981674e+00 1.500000000000000000e+00
3.135316233862632807e+00 1.500000000000000000e+00
3.184248245067921257e+00 1.500000000000000000e+00
3.201685914434354796e+00 1.500000000000000000e+00
3.237280611900767990e+00 1.500000000000000000e+00
3.287250008441655158e+00 1.500000000000000000e+00
3.300126735386605947e+00 1.500000000000000000e+00
3.333522078506358621e+00 1.500000000000000000e+00
3.358216130837406332e+00 1.500000000000000000e+00
3.418468388285180293e+00 1.500000000000000000e+00
3.476223466592555766e+00 1.500000000000000000e+00
3.481941454552857529e+00 1.500000000000000000e+00
3.668094180782383695e+00 1.500000000000000000e+00
3.694788586003008302e+00 1.500000000000000000e+00
3.723897946740632126e+00 1.500000000000000000e+00
3.764013482932930810e+00 1.500000000000000000e+00
3.827582551434038916e+00 1.500000000000000000e+00
3.893932844832139306e+00 1.500000000000000000e+00
3.902531336541918527e+00 1.500000000000000000e+00
4.129746926387058537e+00 1.500000000000000000e+00
4.155662762151711931e+00 1.500000000000000000e+00
4.259706252053632625e+00 1.500000000000000000e+00
4.370616257552989659e+00 1.500000000000000000e+00
4.573477310470459578e+00 1.500000000000000000e+00
5.055045513731204920e+00 1.500000000000000000e+00
-3.147075047747771581e+00 5.000000000000000000e-01
-3.012924937523335789e+00 5.000000000000000000e-01
-2.880928806854599067e+00 5.000000000000000000e-01
-2.785972680167385640e+00 5.000000000000000000e-01
-2.723030981805468542e+00 5.000000000000000000e-01
-2.595882249126549635e+00 5.000000000000000000e-01
-2.550865097644077650e+00 5.000000000000000000e-01
-2.515755260190263964e+00 5.000000000000000000e-01
-2.487028489946384369e+00 5.000000000000000000e-01
-2.413083147690544106e+00 5.000000000000000000e-01
-2.353860990540890263e+00 5.000000000000000000e-01
-2.347959637223021812e+00 5.000000000000000000e-01
-2.268549090182559791e+00 5.000000000000000000e-01
-2.243954382069666575e+00 5.000000000000000000e-01
-2.193884399367327820e+00 5.000000000000000000e-01
-2.118943409207420192e+00 5.000000000000000000e-01
-2.099381288422687231e+00 5.000000000000000000e-01
-2.074250881695641091e+00 5.000000000000000000e-01
-2.064281313896120906e+00 5.000000000000000000e-01
-2.063317412394260142e+00 5.000000000000000000e-01
-2.034234600225163003e+00 5.000000000000000000e-01
-1.989949444187237626e+00 5.000000000000000000e-01
-1.959169150123752701e+00 5.000000000000000000e-01
-1.940116663845366407e+00 5.000000000000000000e-01
-1.924475351850217564e+00 5.000000000000000000e-01
-1.882197375682667539e+00 5.000000000000000000e-01
-1.851700756539527593e+00 5.000000000000000000e-01
-1.794098661634229819e+00 5.000000000000000000e-01
-1.774017002176397684e+00 5.000000000000000000e-01
-1.742858758866758118e+00 5.000000000000000000e-01
-1.722150959516496105e+00 5.000000000000000000e-01
-1.663697344112688770e+00 5.000000000000000000e-01
-1.661623640103752519e+00 5.000000000000000000e-01
-1.640157066225560234e+00 5.000000000000000000e-01
-1.616138123777365099e+00 5.000000000000000000e-01
-1.600965352968918731e+00 5.000000000000000000e-01
-1.579014279230157580e+00 5.000000000000000000e-01
-1.565158441161541347e+00 5.000000000000000000e-01
-1.549073062750258911e+00 5.000000000000000000e-01
-1.527526834493791563e+00 5.000000000000000000e-01
-1.502415391947347523e+00 5.000000000000000000e-01
-1.486490678942349541e+00 5.000000000000000000e-01
-1.475014942560408659e+00 5.000000000000000000e-01
-1.471236317334676302e+00 5.000000000000000000e-01
-1.455052528525221600e+00 5.000000000000000000e-01
-1.434019878506604728e+00 5.000000000000000000e-01
-1.421820304042617389e+00 5.000000000000000000e-01
-1.404503251069306291e+00 5.000000000000000000e-01
-1.392545353407950603e+00 5.000000000000000000e-01
-1.356109509507877009e+00 5.000000000000000000e-01
-1.346258564844652117e+00 5.000000000000000000e-01
-1.329553976528040860e+00 5.000000000000000000e-01
-1.320893096518397147e+00 5.000000000000000000e-01
-1.289696674098869567e+00 5.000000000000000000e-01
-1.274222450086945457e+00 5.000000000000000000e-01
-1.250214158583284441e+00 5.000000000000000000e-01
-1.245139954858543785e+00 5.000000000000000000e-01
-1.238274542371865294e+00 5.000000000000000000e-01
-1.227244791671106006e+00 5.000000000000000000e-01
-1.200587289018553605e+00 5.000000000000000000e-01
-1.174999698107954682e+00 5.000000000000000000e-01
-1.154309428703160778e+00 5.000000000000000000e-01
-1.144097173003728152e+00 5.000000000000000000e-01
-1.136370280148422562e+00 5.000000000000000000e-01
-1.131511830990644230e+00 5.000000000000000000e-01
-1.120576082857112965e+00 5.000000000000000000e-01
-1.110879903713842376e+00 5.000000000000000000e-01
-1.107110520462171843e+00 5.000000000000000000e-01
-1.069597648189615668e+00 5.000000000000000000e-01
-1.067943767358640494e+00 5.000000000000000000e-01
-1.040465061571229199e+00 5.000000000000000000e-01
-1.008188329638798564e+00 5.000000000000000000e-01
-1.005123481596807089e+00 5.000000000000000000e-01
-9.748332166525179865e-01 5.000000000000000000e-01
-9.613368050501062134e-01 5.000000000000000000e-01
-9.485776710401050416e-01 5.000000000000000000e-01
-9.400368204129236904e-01 5.000000000000000000e-01
-9.185713517043188059e-01 5.000000000000000000e-01
-9.057083385936754993e-01 5.000000000000000000e-01
-8.934737991754485575e-01 5.000000000000000000e-01
-8.877002030944279864e-01 5.000000000000000000e-01
-8.625601043843906801e-01 5.000000000000000000e-01
-8.584585911177674555e-01 5.000000000000000000e-01
-8.475976028282011798e-01 5.000000000000000000e-01
-8.412287353934685408e-01 5.000000000000000000e-01
-8.218145866204097372e-01 5.000000000000000000e-01
-8.055692091950541478e-01 5.000000000000000000e-01
-8.027512649880829132e-01 5.000000000000000000e-01
-7.764439241410878711e-01 5.000000000000000000e-01
-7.649166188540514888e-01 5.000000000000000000e-01
-7.582887626973511264e-01 5.000000000000000000e-01
-7.561672848197251717e-01 5.000000000000000000e-01
-7.436300970728140225e-01 5.000000000000000000e-01
-7.305513940229459990e-01 5.000000000000000000e-01
-7.203700932320351580e-01 5.000000000000000000e-01
-7.147056262461550791e-01 5.000000000000000000e-01
-7.113684738649924677e-01 5.000000000000000000e-01
-7.050246297092591652e-01 5.000000000000000000e-01
-6.928892529769485886e-01 5.000000000000000000e-01
-6.779108736864369877e-01 5.000000000000000000e-01
-6.673387593619589664e-01 5.000000000000000000e-01
-6.582524268936942313e-01 5.000000000000000000e-01
-6.299586332098342512e-01 5.000000000000000000e-01
-6.272368019676870521e-01 5.000000000000000000e-01
-6.078213733274475672e-01 5.000000000000000000e-01
-6.042584387736409379e-01 5.000000000000000000e-01
-5.899091832276008862e-01 5.000000000000000000e-01
-5.783592552576047874e-01 5.000000000000000000e-01
-5.597325453621988522e-01 5.000000000000000000e-01
-5.422691134442552130e-01 5.000000000000000000e-01
-5.361477104554166484e-01 5.000000000000000000e-01
-5.223519724374048323e-01 5.000000000000000000e-01
-5.058809357845721610e-01 5.000000000000000000e-01
-4.887218285497877401e-01 5.000000000000000000e-01
-4.805080255611509643e-01 5.000000000000000000e-01
-4.702738218479476373e-01 5.000000000000000000e-01
-4.633635802559069594e-01 5.000000000000000000e-01
-4.512400136555730912e-01 5.000000000000000000e-01
-4.375431304295359092e-01 5.000000000000000000e-01
-4.200097910947972468e-01 5.000000000000000000e-01
-4.133814890046872415e-01 5.000000000000000000e-01
-4.006036738934212749e-01 5.000000000000000000e-01
-3.952665453346921876e-01 5.000000000000000000e-01
-3.947161980526290859e-01 5.000000000000000000e-01
-3.827233178885039999e-01 5.000000000000000000e-01
-3.736385258010274657e-01 5.000000000000000000e-01
-3.655025359610529212e-01 5.000000000000000000e-01
-3.592231616942486716e-01 5.000000000000000000e-01
-3.382416052496160508e-01 5.000000000000000000e-01
-3.351055091942781172e-01 5.000000000000000000e-01
-3.290891103306416432e-01 5.000000000000000000e-01
-3.142568592932659666e-01 5.000000000000000000e-01
-3.118247351000758005e-01 5.000000000000000000e-01
-2.857754783793961528e-01 5.000000000000000000e-01
-2.707712544236346441e-01 5.000000000000000000e-01
-2.612752970005436937e-01 5.000000000000000000e-01
-2.514976703717671791e-01 5.000000000000000000e-01
-2.428470243723346300e-01 5.000000000000000000e-01
-2.366226518991521033e-01 5.000000000000000000e-01
-2.291313894725481581e-01 5.000000000000000000e-01
-2.128937721273389816e-01 5.000000000000000000e-01
-2.091436254622774937e-01 5.000000000000000000e-01
-1.828399796842559155e-01 5.000000000000000000e-01
-1.784816724125130039e-01 5.000000000000000000e-01
-1.703174335683212415e-01 5.000000000000000000e-01
-1.640613398612797147e-01 5.000000000000000000e-01
-1.519320225907507815e-01 5.000000000000000000e-01
-1.470392210451849091e-01 5.000000000000000000e-01
-1.305867646338350618e-01 5.000000000000000000e-01
-1.170346085370750355e-01 5.000000000000000000e-01
-1.100594935773371585e-01 5.000000000000000000e-01
-9.980100673097244690e-02 5.000000000000000000e-01
-9.410041217473447128e-02 5.000000000000000000e-01
-9.084835749648154102e-02 5.000000000000000000e-01
-8.102165990668824813e-02 5.000000000000000000e-01
-5.807907169018278887e-02 5.000000000000000000e-01
-5.076463781386106322e-02 5.000000000000000000e-01
-3.374003547508649253e-02 5.000000000000000000e-01
-2.513001860941721510e-02 5.000000000000000000e-01
-1.710693758429168015e-02 5.000000000000000000e-01
-6.849720398698909939e-03 5.000000000000000000e-01
6.306522739304127635e-03 5.000000000000000000e-01
1.103433334455808379e-02 5.000000000000000000e-01
1.525109925301666725e-02 5.000000000000000000e-01
3.049193582027323948e-02 5.000000000000000000e-01
4.466547283268799962e-02 5.000000000000000000e-01
5.068667486931839605e-02 5.000000000000000000e-01
6.366755219326387938e-02 5.000000000000000000e-01
6.934344937560067701e-02 5.000000000000000000e-01
8.081980565401350458e-02 5.000000000000000000e-01
8.462173751431968649e-02 5.000000000000000000e-01
1.030800091541295427e-01 5.000000000000000000e-01
1.107366086067499700e-01 5.000000000000000000e-01
1.237423745654006868e-01 5.000000000000000000e-01
1.322512611334050736e-01 5.000000000000000000e-01
1.342801800844851401e-01 5.000000000000000000e-01
1.518716530085508776e-01 5.000000000000000000e-01
1.599800254716280679e-01 5.000000000000000000e-01
1.648088927788958769e-01 5.000000000000000000e-01
1.689250843317147976e-01 5.000000000000000000e-01
1.794298979272722638e-01 5.000000000000000000e-01
1.904328806237217397e-01 5.000000000000000000e-01
2.007247387394380245e-01 5.000000000000000000e-01
2.100068134862949909e-01 5.000000000000000000e-01
2.136822882539081425e-01 5.000000000000000000e-01
2.289210925601314062e-01 5.000000000000000000e-01
2.583495822922232676e-01 5.000000000000000000e-01
2.610141912152704746e-01 5.000000000000000000e-01
2.755957076943799655e-01 5.000000000000000000e-01
2.856001264146860175e-01 5.000000000000000000e-01
2.929352763474967203e-01 5.000000000000000000e-01
3.030853223086217851e-01 5.000000000000000000e-01
3.162025874097739164e-01 5.000000000000000000e-01
3.179837355474859351e-01 5.000000000000000000e-01
3.272556583962578092e-01 5.000000000000000000e-01
3.314852057585755962e-01 5.000000000000000000e-01
3.464207585293431757e-01 5.000000000000000000e-01
3.489018252711447721e-01 5.000000000000000000e-01
3.598992256486225894e-01 5.000000000000000000e-01
3.752367438354911600e-01 5.000000000000000000e-01
3.817806579014314527e-01 5.000000000000000000e-01
3.833429189636539669e-01 5.000000000000000000e-01
3.969828191709467435e-01 5.000000000000000000e-01
4.104349597968668384e-01 5.000000000000000000e-01
4.140282646835512503e-01 5.000000000000000000e-01
4.229145375201991408e-01 5.000000000000000000e-01
4.447402739679243155e-01 5.000000000000000000e-01
4.595180237289325786e-01 5.000000000000000000e-01
4.615766322495738483e-01 5.000000000000000000e-01
4.626859227234459970e-01 5.000000000000000000e-01
4.846364259596311341e-01 5.000000000000000000e-01
4.899539335491298053e-01 5.000000000000000000e-01
4.992270057896847635e-01 5.000000000000000000e-01
5.134441952233713691e-01 5.000000000000000000e-01
5.166957997811797432e-01 5.000000000000000000e-01
5.335753448814287703e-01 5.000000000000000000e-01
5.479288691557250290e-01 5.000000000000000000e-01
5.614623679762220654e-01 5.000000000000000000e-01
5.678479409922583265e-01 5.000000000000000000e-01
5.782777261873397467e-01 5.000000000000000000e-01
5.806780431237528184e-01 5.000000000000000000e-01
5.910620758991657064e-01 5.000000000000000000e-01
5.956276767662623817e-01 5.000000000000000000e-01
6.026839605094370667e-01 5.000000000000000000e-01
6.139888251097882499e-01 5.000000000000000000e-01
6.251792343998462398e-01 5.000000000000000000e-01
6.365514719267174604e-01 5.000000000000000000e-01
6.447343256517978904e-01 5.000000000000000000e-01
6.558362718500116983e-01 5.000000000000000000e-01
6.612123186459369917e-01 5.000000000000000000e-01
6.692971693722085114e-01 5.000000000000000000e-01
6.777611986416319789e-01 5.000000000000000000e-01
6.797911389832864693e-01 5.000000000000000000e-01
6.878608167771911308e-01 5.000000000000000000e-01
7.039354044333161475e-01 5.000000000000000000e-01
7.134647485315036564e-01 5.000000000000000000e-01
7.364306006825783735e-01 5.000000000000000000e-01
7.482112159332413581e-01 5.000000000000000000e-01
7.571024363692934189e-01 5.000000000000000000e-01
7.623518150616349631e-01 5.000000000000000000e-01
7.721403625353051581e-01 5.000000000000000000e-01
7.837050236610475507e-01 5.000000000000000000e-01
7.901878207388841613e-01 5.000000000000000000e-01
8.004648622457284368e-01 5.000000000000000000e-01
8.108374738475794263e-01 5.000000000000000000e-01
8.211001805465980574e-01 5.000000000000000000e-01
8.379221876830682536e-01 5.000000000000000000e-01
8.389062164264791122e-01 5.000000000000000000e-01
8.496142123558011461e-01 5.000000000000000000e-01
8.531111484942389689e-01 5.000000000000000000e-01
8.600163668599066780e-01 5.000000000000000000e-01
8.725701315758459531e-01 5.000000000000000000e-01
8.775166120016342219e-01 5.000000000000000000e-01
8.927286037960665555e-01 5.000000000000000000e-01
9.044502720770827287e-01 5.000000000000000000e-01
9.229382452884394850e-01 5.000000000000000000e-01
9.370733114177594025e-01 5.000000000000000000e-01
9.511853134485658279e-01 5.000000000000000000e-01
9.550941341476044677e-01 5.000000000000000000e-01
9.636492502809661520e-01 5.000000000000000000e-01
9.681609356793996479e-01 5.000000000000000000e-01
9.777479263322971237e-01 5.000000000000000000e-01
1.011099789323834264e+00 5.000000000000000000e-01
1.019633633600802947e+00 5.000000000000000000e-01
1.029365632449424028e+00 5.000000000000000000e-01
1.037305965290925780e+00 5.000000000000000000e-01
1.043610791669934867e+00 5.000000000000000000e-01
1.058034196161572016e+00 5.000000000000000000e-01
1.070754047256928354e+00 5.000000000000000000e-01
1.077344977044654373e+00 5.000000000000000000e-01
1.091375120690417422e+00 5.000000000000000000e-01
1.100374100768300556e+00 5.000000000000000000e-01
1.111680968447929185e+00 5.000000000000000000e-01
1.121710247800947524e+00 5.000000000000000000e-01
1.127947413643219488e+00 5.000000000000000000e-01
1.133312120650104671e+00 5.000000000000000000e-01
1.158383951121413791e+00 5.000000000000000000e-01
1.168179925530737462e+00 5.000000000000000000e-01
1.172719547446093413e+00 5.000000000000000000e-01
1.180661818653047312e+00 5.000000000000000000e-01
1.192017026579589523e+00 5.000000000000000000e-01
1.194137181972667161e+00 5.000000000000000000e-01
1.224063802480394703e+00 5.000000000000000000e-01
1.235830798942737063e+00 5.000000000000000000e-01
1.237222473215929819e+00 5.000000000000000000e-01
1.255421170934515773e+00 5.000000000000000000e-01
1.256734522433236245e+00 5.000000000000000000e-01
1.279527111216794522e+00 5.000000000000000000e-01
1.286271290484135799e+00 5.000000000000000000e-01
1.292195481498411569e+00 5.000000000000000000e-01
1.299766051463946637e+00 5.000000000000000000e-01
1.304029450287336189e+00 5.000000000000000000e-01
1.319976002260521586e+00 5.000000000000000000e-01
1.324578166101886056e+00 5.000000000000000000e-01
1.347220348155750091e+00 5.000000000000000000e-01
1.354455916788217751e+00 5.000000000000000000e-01
1.365785278254791901e+00 5.000000000000000000e-01
1.375134422715508675e+00 5.000000000000000000e-01
1.382344299923090603e+00 5.000000000000000000e-01
1.391687449956506173e+00 5.000000000000000000e-01
1.407995719636474297e+00 5.000000000000000000e-01
1.413702626520288552e+00 5.000000000000000000e-01
1.430023196751417647e+00 5.000000000000000000e-01
1.435441625453899528e+00 5.000000000000000000e-01
1.442275945308163054e+00 5.000000000000000000e-01
1.456907972259158912e+00 5.000000000000000000e-01
1.470057027539279471e+00 5.000000000000000000e-01
1.486482510174407246e+00 5.000000000000000000e-01
1.501829829659012905e+00 5.000000000000000000e-01
1.522179893680838836e+00 5.000000000000000000e-01
1.532635836969788112e+00 5.000000000000000000e-01
1.542992847429587755e+00 5.000000000000000000e-01
1.558260479514891106e+00 5.000000000000000000e-01
1.567668388212040576e+00 5.000000000000000000e-01
1.576355075344477941e+00 5.000000000000000000e-01
1.583941873898789598e+00 5.000000000000000000e-01
1.606919555377926523e+00 5.000000000000000000e-01
1.607189919743490458e+00 5.000000000000000000e-01
1.621863515342584661e+00 5.000000000000000000e-01
1.635545501085712283e+00 5.000000000000000000e-01
1.639538460152545118e+00 5.000000000000000000e-01
1.659752622135695965e+00 5.000000000000000000e-01
1.664000179056242645e+00 5.000000000000000000e-01
1.677998510788154762e+00 5.000000000000000000e-01
1.684299291515630514e+00 5.000000000000000000e-01
1.694008673091758066e+00 5.000000000000000000e-01
1.700495702379636986e+00 5.000000000000000000e-01
1.717500485390663911e+00 5.000000000000000000e-01
1.732023696760158327e+00 5.000000000000000000e-01
1.739601256144848840e+00 5.000000000000000000e-01
1.753446543596833385e+00 5.000000000000000000e-01
1.756669737060531089e+00 5.000000000000000000e-01
1.779181475344678187e+00 5.000000000000000000e-01
1.813194231237635012e+00 5.000000000000000000e-01
1.817615822802151726e+00 5.000000000000000000e-01
1.827243006980964202e+00 5.000000000000000000e-01
1.838411594874289179e+00 5.000000000000000000e-01
1.853303893157369320e+00 5.000000000000000000e-01
1.860952337895553477e+00 5.000000000000000000e-01
1.869839939998634515e+00 5.000000000000000000e-01
1.894883158031418491e+00 5.000000000000000000e-01
1.903452645204162463e+00 5.000000000000000000e-01
1.933931453052011307e+00 5.000000000000000000e-01
1.944038356225287867e+00 5.000000000000000000e-01
1.960382099464310635e+00 5.000000000000000000e-01
1.981752603691679049e+00 5.000000000000000000e-01
1.995581251188015104e+00 5.000000000000000000e-01
2.003442250785116840e+00 5.000000000000000000e-01
2.007985797479858725e+00 5.000000000000000000e-01
2.026817893202801368e+00 5.000000000000000000e-01
2.051525870507530769e+00 5.000000000000000000e-01
2.063964006032522835e+00 5.000000000000000000e-01
2.083471584990126413e+00 5.000000000000000000e-01
2.096900770660879765e+00 5.000000000000000000e-01
2.113091961682391773e+00 5.000000000000000000e-01
2.137054018197655836e+00 5.000000000000000000e-01
2.144167086652593479e+00 5.000000000000000000e-01
2.156004073270229693e+00 5.000000000000000000e-01
2.169900329752287860e+00 5.000000000000000000e-01
2.188626161131376868e+00 5.000000000000000000e-01
2.205193407807397588e+00 5.000000000000000000e-01
2.242430565988135616e+00 5.000000000000000000e-01
2.258044187324682373e+00 5.000000000000000000e-01
2.273287215353539281e+00 5.000000000000000000e-01
2.280902913771153617e+00 5.000000000000000000e-01
2.294386414768183613e+00 5.000000000000000000e-01
2.326175777835714609e+00 5.000000000000000000e-01
2.352863116746712446e+00 5.000000000000000000e-01
2.360943157848473639e+00 5.000000000000000000e-01
2.380949425700660704e+00 5.000000000000000000e-01
2.407374049084476386e+00 5.000000000000000000e-01
2.409811204104448823e+00 5.000000000000000000e-01
2.438425382369686645e+00 5.000000000000000000e-01
2.462479049365405626e+00 5.000000000000000000e-01
2.474279472929980628e+00 5.000000000000000000e-01
2.500405507111618686e+00 5.000000000000000000e-01
2.513594495780814508e+00 5.000000000000000000e-01
2.528199804655006933e+00 5.000000000000000000e-01
2.549612443316027210e+00 5.000000000000000000e-01
2.595064579118248727e+00 5.000000000000000000e-01
2.620927294223475812e+00 5.000000000000000000e-01
2.639858104137387862e+00 5.000000000000000000e-01
2.661346491963008987e+00 5.000000000000000000e-01
2.668652922680424755e+00 5.000000000000000000e-01
2.688671351018033118e+00 5.000000000000000000e-01
2.712059475027873034e+00 5.000000000000000000e-01
2.717761398159596720e+00 5.000000000000000000e-01
2.724779604558215773e+00 5.000000000000000000e-01
2.748961931415272897e+00 5.000000000000000000e-01
2.764434319791980954e+00 5.000000000000000000e-01
2.797821907372658234e+00 5.000000000000000000e-01
2.807577511149154326e+00 5.000000000000000000e-01
2.822490880245386524e+00 5.000000000000000000e-01
2.857417578670371938e+00 5.000000000000000000e-01
2.906393228823559660e+00 5.000000000000000000e-01
2.916129968316147458e+00 5.000000000000000000e-01
2.943061723361565907e+00 5.000000000000000000e-01
2.982556084208234815e+00 5.000000000000000000e-01
3.003312671575204540e+00 5.000000000000000000e-01
3.043164871734731047e+00 5.000000000000000000e-01
3.066383093711881447e+00 5.000000000000000000e-01
3.117773983175882613e+00 5.000000000000000000e-01
3.133134305661388730e+00 5.000000000000000000e-01
3.194237408356333852e+00 5.000000000000000000e-01
3.217314454120549616e+00 5.000000000000000000e-01
3.234425162954829958e+00 5.000000000000000000e-01
3.274259417709186604e+00 5.000000000000000000e-01
3.333031868858954638e+00 5.000000000000000000e-01
3.354475731235593283e+00 5.000000000000000000e-01
3.398304841736657700e+00 5.000000000000000000e-01
3.427969796272833491e+00 5.000000000000000000e-01
3.460258299700130102e+00 5.000000000000000000e-01
3.510709445646240656e+00 5.000000000000000000e-01
3.580948019758290357e+00 5.000000000000000000e-01
3.666194341443743454e+00 5.000000000000000000e-01
3.673093402870003743e+00 5.000000000000000000e-01
3.760193999600605075e+00 5.000000000000000000e-01
3.785117767247765386e+00 5.000000000000000000e-01
3.842145344606276325e+00 5.000000000000000000e-01
3.953097062907270143e+00 5.000000000000000000e-01
3.968804432834923013e+00 5.000000000000000000e-01
4.052648519336367272e+00 5.000000000000000000e-01
4.149279970044410071e+00 5.000000000000000000e-01
4.236727553156264037e+00 5.000000000000000000e-01
4.375633430221396836e+00 5.000000000000000000e-01
4.469346085277134506e+00 5.000000000000000000e-01
4.693592015264616890e+00 5.000000000000000000e-01
4.914357489804320522e+00 5.000000000000000000e-01
5.399572041591728322e+00 5.000000000000000000e-01
