# Runtime: 13.888749599456787
-1.750000000000000666e+00 5.000000000000000000e+00
-2.416940610505184939e+00 4.000000000000000000e+00
-1.679816718264764752e+00 4.000000000000000000e+00
-1.529265486177142419e+00 4.000000000000000000e+00
-1.294706937424453308e+00 4.000000000000000000e+00
-8.550768238497012952e-01 4.000000000000000000e+00
-7.500000000000003331e-01 4.000000000000000000e+00
-2.729710281746189349e-01 4.000000000000000000e+00
-6.173817687516481439e-02 4.000000000000000000e+00
1.105157812710269444e-01 4.000000000000000000e+00
-2.472254279739418248e+00 3.000000000000000000e+00
-2.254778352378131068e+00 3.000000000000000000e+00
-1.989882290579149782e+00 3.000000000000000000e+00
-1.785461775016631281e+00 3.000000000000000000e+00
-1.601428339906734166e+00 3.000000000000000000e+00
-1.451113047961603009e+00 3.000000000000000000e+00
-1.287914993311518153e+00 3.000000000000000000e+00
-1.235318924878250790e+00 3.000000000000000000e+00
-1.226271071985368000e+00 3.000000000000000000e+00
-1.139325036076408448e+00 3.000000000000000000e+00
-1.055037158598297831e+00 3.000000000000000000e+00
-9.175502901354911645e-01 3.000000000000000000e+00
-7.664017207947427801e-01 3.000000000000000000e+00
-7.106859086762638000e-01 3.000000000000000000e+00
-6.568501560082197210e-01 3.000000000000000000e+00
-5.918797956871821864e-01 3.000000000000000000e+00
-4.989474271448832154e-01 3.000000000000000000e+00
-4.364635792547533200e-01 3.000000000000000000e+00
-2.899533450129727075e-01 3.000000000000000000e+00
-1.482851635123350886e-01 3.000000000000000000e+00
-5.482717335307532407e-03 3.000000000000000000e+00
3.334423498385233331e-02 3.000000000000000000e+00
1.460508405208946481e-01 3.000000000000000000e+00
2.342332911757574465e-01 3.000000000000000000e+00
3.522100776388231158e-01 3.000000000000000000e+00
3.861229225221805561e-01 3.000000000000000000e+00
4.290238546242154949e-01 3.000000000000000000e+00
5.196759458947666221e-01 3.000000000000000000e+00
6.806498205538075164e-01 3.000000000000000000e+00
8.430626930270592734e-01 3.000000000000000000e+00
9.064770938892769969e-01 3.000000000000000000e+00
1.060468736210423923e+00 3.000000000000000000e+00
1.411652664033009597e+00 3.000000000000000000e+00
1.470272320272225430e+00 3.000000000000000000e+00
1.798040878647366503e+00 3.000000000000000000e+00
-2.502501365153526169e+00 2.000000000000000000e+00
-2.281399596720554257e+00 2.000000000000000000e+00
-2.055470818836508062e+00 2.000000000000000000e+00
-2.012194904082027502e+00 2.000000000000000000e+00
-1.833449478062876947e+00 2.000000000000000000e+00
-1.797716336112892721e+00 2.000000000000000000e+00
-1.661848569045341728e+00 2.000000000000000000e+00
-1.511186930963413166e+00 2.000000000000000000e+00
-1.378852155232821897e+00 2.000000000000000000e+00
-1.350296081340003784e+00 2.000000000000000000e+00
-1.264573561472110086e+00 2.000000000000000000e+00
-1.215793470184249658e+00 2.000000000000000000e+00
-1.174480269664736287e+00 2.000000000000000000e+00
-1.139044998159127742e+00 2.000000000000000000e+00
-1.028907988226039683e+00 2.000000000000000000e+00
-9.364208485260224757e-01 2.000000000000000000e+00
-9.268825134750282579e-01 2.000000000000000000e+00
-9.066191614706693436e-01 2.000000000000000000e+00
-8.076056950362158204e-01 2.000000000000000000e+00
-7.944588182355994954e-01 2.000000000000000000e+00
-7.371023614447647088e-01 2.000000000000000000e+00
-6.422480622997659427e-01 2.000000000000000000e+00
-5.832277018545011238e-01 2.000000000000000000e+00
-5.701581871396618206e-01 2.000000000000000000e+00
-5.579448229377517166e-01 2.000000000000000000e+00
-4.862728459921297208e-01 2.000000000000000000e+00
-4.663273726752244497e-01 2.000000000000000000e+00
-3.892062807553999804e-01 2.000000000000000000e+00
-3.595872842113825851e-01 2.000000000000000000e+00
-3.338190231686096188e-01 2.000000000000000000e+00
-2.379047738081677132e-01 2.000000000000000000e+00
-2.015627802393234469e-01 2.000000000000000000e+00
-1.599152803892884833e-01 2.000000000000000000e+00
-1.035028044914324263e-01 2.000000000000000000e+00
-7.063811515680046109e-03 2.000000000000000000e+00
8.070840482184718501e-03 2.000000000000000000e+00
6.305825211096646732e-02 2.000000000000000000e+00
1.268898918546006171e-01 2.000000000000000000e+00
1.470376041769060338e-01 2.000000000000000000e+00
1.605687797658673921e-01 2.000000000000000000e+00
2.445847660851635796e-01 2.000000000000000000e+00
2.890729863061797245e-01 2.000000000000000000e+00
3.330808432284821929e-01 2.000000000000000000e+00
3.908982598588580104e-01 2.000000000000000000e+00
3.989451947299982315e-01 2.000000000000000000e+00
4.472963194885237193e-01 2.000000000000000000e+00
5.339297477412452420e-01 2.000000000000000000e+00
5.509087574161086742e-01 2.000000000000000000e+00
5.855492410857163765e-01 2.000000000000000000e+00
6.404794048534260265e-01 2.000000000000000000e+00
6.857373993085952302e-01 2.000000000000000000e+00
7.193608601281491488e-01 2.000000000000000000e+00
7.445923324632622853e-01 2.000000000000000000e+00
8.090063471065895850e-01 2.000000000000000000e+00
8.587643797030113380e-01 2.000000000000000000e+00
9.542338949459150399e-01 2.000000000000000000e+00
1.027863288509883288e+00 2.000000000000000000e+00
1.059619405712116880e+00 2.000000000000000000e+00
1.121379694083998846e+00 2.000000000000000000e+00
1.176271610069862028e+00 2.000000000000000000e+00
1.257073612479778113e+00 2.000000000000000000e+00
1.383034995921738952e+00 2.000000000000000000e+00
1.413978654310134475e+00 2.000000000000000000e+00
1.496981515762518367e+00 2.000000000000000000e+00
1.588421611459537752e+00 2.000000000000000000e+00
1.669698045323291469e+00 2.000000000000000000e+00
1.800234566678454495e+00 2.000000000000000000e+00
1.905508610361985378e+00 2.000000000000000000e+00
1.964518988751282613e+00 2.000000000000000000e+00
1.985518020325161226e+00 2.000000000000000000e+00
2.146170439785866080e+00 2.000000000000000000e+00
2.331481640590528759e+00 2.000000000000000000e+00
2.422974564647172091e+00 2.000000000000000000e+00
2.569041198959125971e+00 2.000000000000000000e+00
3.153710386350676576e+00 2.000000000000000000e+00
-2.519704819348397073e+00 1.000000000000000000e+00
-2.295929853881694349e+00 1.000000000000000000e+00
-2.053394396988983406e+00 1.000000000000000000e+00
-1.846717108862435452e+00 1.000000000000000000e+00
-1.817100834000077603e+00 1.000000000000000000e+00
-1.719502439253454362e+00 1.000000000000000000e+00
-1.595009998188973821e+00 1.000000000000000000e+00
-1.399277687780467572e+00 1.000000000000000000e+00
-1.380702952842890907e+00 1.000000000000000000e+00
-1.301691407213378726e+00 1.000000000000000000e+00
-1.238845651271484938e+00 1.000000000000000000e+00
-1.211440379581524729e+00 1.000000000000000000e+00
-1.062403752023969528e+00 1.000000000000000000e+00
-1.007964902836427257e+00 1.000000000000000000e+00
-9.489040457278850038e-01 1.000000000000000000e+00
-9.245238769882098140e-01 1.000000000000000000e+00
-8.743829084947171149e-01 1.000000000000000000e+00
-7.952800544860714194e-01 1.000000000000000000e+00
-7.765602555574646626e-01 1.000000000000000000e+00
-7.316855865124882730e-01 1.000000000000000000e+00
-6.140809693450686169e-01 1.000000000000000000e+00
-5.799029303851398476e-01 1.000000000000000000e+00
-5.209054776334206549e-01 1.000000000000000000e+00
-4.862600105880101609e-01 1.000000000000000000e+00
-4.739902144784917670e-01 1.000000000000000000e+00
-4.277890451287809648e-01 1.000000000000000000e+00
-4.067586908763425324e-01 1.000000000000000000e+00
-3.862049431334295679e-01 1.000000000000000000e+00
-3.474353075912033906e-01 1.000000000000000000e+00
-3.124520537627968886e-01 1.000000000000000000e+00
-2.368919023388755263e-01 1.000000000000000000e+00
-1.838768568585960050e-01 1.000000000000000000e+00
-1.690495589325068104e-01 1.000000000000000000e+00
-1.207294840320166512e-01 1.000000000000000000e+00
-6.179894823968920536e-02 1.000000000000000000e+00
-8.406460926574613191e-03 1.000000000000000000e+00
2.678429260459033040e-02 1.000000000000000000e+00
1.214780493241871817e-01 1.000000000000000000e+00
1.354538271534481420e-01 1.000000000000000000e+00
1.849673550820740697e-01 1.000000000000000000e+00
2.411314251238998174e-01 1.000000000000000000e+00
2.472281170466319733e-01 1.000000000000000000e+00
2.688157624908204535e-01 1.000000000000000000e+00
3.407459778895673974e-01 1.000000000000000000e+00
3.810996054294728541e-01 1.000000000000000000e+00
4.089470348261670107e-01 1.000000000000000000e+00
4.530687329474527014e-01 1.000000000000000000e+00
5.135905607905825176e-01 1.000000000000000000e+00
5.513953354704127507e-01 1.000000000000000000e+00
5.725353224258088458e-01 1.000000000000000000e+00
5.935829380442446679e-01 1.000000000000000000e+00
6.408896153884818814e-01 1.000000000000000000e+00
6.952548071960243936e-01 1.000000000000000000e+00
7.182624150855166922e-01 1.000000000000000000e+00
7.805091885835266918e-01 1.000000000000000000e+00
8.123616927326255954e-01 1.000000000000000000e+00
8.663524134187595704e-01 1.000000000000000000e+00
9.018046304457278950e-01 1.000000000000000000e+00
9.292293403691535003e-01 1.000000000000000000e+00
1.027853072485273911e+00 1.000000000000000000e+00
1.050630510641888060e+00 1.000000000000000000e+00
1.094590936096305089e+00 1.000000000000000000e+00
1.132466886006121554e+00 1.000000000000000000e+00
1.164096381627822696e+00 1.000000000000000000e+00
1.185476050364120626e+00 1.000000000000000000e+00
1.228395507029231615e+00 1.000000000000000000e+00
1.257546163895690627e+00 1.000000000000000000e+00
1.360119898610841149e+00 1.000000000000000000e+00
1.406228894450815670e+00 1.000000000000000000e+00
1.425493792392487080e+00 1.000000000000000000e+00
1.508534204773267495e+00 1.000000000000000000e+00
1.530641534073076571e+00 1.000000000000000000e+00
1.675237576051627153e+00 1.000000000000000000e+00
1.705874261952220250e+00 1.000000000000000000e+00
1.786599577891446078e+00 1.000000000000000000e+00
1.816708956344903703e+00 1.000000000000000000e+00
1.904959388415657706e+00 1.000000000000000000e+00
2.007514433896031125e+00 1.000000000000000000e+00
2.125129489098061430e+00 1.000000000000000000e+00
2.170050450663384645e+00 1.000000000000000000e+00
2.222661613284312665e+00 1.000000000000000000e+00
2.264940544192510341e+00 1.000000000000000000e+00
2.414111320900885538e+00 1.000000000000000000e+00
2.614596727477411786e+00 1.000000000000000000e+00
2.705505222876688709e+00 1.000000000000000000e+00
2.812077424157903849e+00 1.000000000000000000e+00
2.913816003552651246e+00 1.000000000000000000e+00
3.148740890548580751e+00 1.000000000000000000e+00
3.545072618824084643e+00 1.000000000000000000e+00
3.746396993647515217e+00 1.000000000000000000e+00
-2.302559738698124914e+00 0.000000000000000000e+00
-1.849737152680652530e+00 0.000000000000000000e+00
-1.602208111449640260e+00 0.000000000000000000e+00
-1.321004997573869799e+00 0.000000000000000000e+00
-1.244698437815356495e+00 0.000000000000000000e+00
-1.184476333048922525e+00 0.000000000000000000e+00
-8.644038919243063335e-01 0.000000000000000000e+00
-7.633617860725738780e-01 0.000000000000000000e+00
-7.422414326941902951e-01 0.000000000000000000e+00
-5.596929116891762312e-01 0.000000000000000000e+00
-5.128878566321384280e-01 0.000000000000000000e+00
-4.411060019774131757e-01 0.000000000000000000e+00
-2.839130914085778445e-01 0.000000000000000000e+00
-2.108063233771112488e-01 0.000000000000000000e+00
-5.146487989813100516e-02 0.000000000000000000e+00
-9.131223076419702975e-03 0.000000000000000000e+00
1.467833056428592131e-01 0.000000000000000000e+00
2.639895853880672161e-01 0.000000000000000000e+00
3.386561321008382808e-01 0.000000000000000000e+00
4.346051891176235804e-01 0.000000000000000000e+00
5.146876967469308228e-01 0.000000000000000000e+00
6.600769822850878210e-01 0.000000000000000000e+00
7.157043374635971844e-01 0.000000000000000000e+00
8.219957076085919745e-01 0.000000000000000000e+00
9.104949644085920113e-01 0.000000000000000000e+00
9.692798680436479630e-01 0.000000000000000000e+00
1.019356068339258625e+00 0.000000000000000000e+00
1.120665705378143695e+00 0.000000000000000000e+00
1.261288723475364026e+00 0.000000000000000000e+00
1.418793522057198997e+00 0.000000000000000000e+00
1.453035523700275666e+00 0.000000000000000000e+00
1.607566040584420319e+00 0.000000000000000000e+00
1.728942591693593878e+00 0.000000000000000000e+00
1.823543898885432446e+00 0.000000000000000000e+00
1.931658166626167406e+00 0.000000000000000000e+00
2.100830517543198717e+00 0.000000000000000000e+00
2.250544899975631896e+00 0.000000000000000000e+00
2.475708640250391834e+00 0.000000000000000000e+00
2.535646475116891452e+00 0.000000000000000000e+00
2.741069764528772712e+00 0.000000000000000000e+00
3.006065303946467981e+00 0.000000000000000000e+00
4.192704559109582618e+00 0.000000000000000000e+00
