# Runtime: 16.160036325454712
-2.000000000000000888e+00 5.500000000000000000e+00
-2.666700111384364469e+00 4.500000000000000000e+00
-1.941193401891420534e+00 4.500000000000000000e+00
-1.836554410463803633e+00 4.500000000000000000e+00
-1.566140491339115259e+00 4.500000000000000000e+00
-1.361489725968371589e+00 4.500000000000000000e+00
-1.040369346064824008e+00 4.500000000000000000e+00
-7.273027913694554147e-01 4.500000000000000000e+00
-5.192778513473516044e-01 4.500000000000000000e+00
-2.019355430587308209e-01 4.500000000000000000e+00
-1.390363271125721056e-01 4.500000000000000000e+00
-2.716108733160265132e+00 3.500000000000000000e+00
-2.509043098117345938e+00 3.500000000000000000e+00
-2.408696873925564308e+00 3.500000000000000000e+00
-2.036086352936535171e+00 3.500000000000000000e+00
-1.875617707310862858e+00 3.500000000000000000e+00
-1.778848622372199539e+00 3.500000000000000000e+00
-1.769697195322866401e+00 3.500000000000000000e+00
-1.662490345315613460e+00 3.500000000000000000e+00
-1.515658431258824823e+00 3.500000000000000000e+00
-1.478104600921125389e+00 3.500000000000000000e+00
-1.416840757791634875e+00 3.500000000000000000e+00
-1.302024752848201183e+00 3.500000000000000000e+00
-1.256149961883499699e+00 3.500000000000000000e+00
-1.176591141312274491e+00 3.500000000000000000e+00
-1.116567811160230628e+00 3.500000000000000000e+00
-1.007304465860727527e+00 3.500000000000000000e+00
-9.691099307153552278e-01 3.500000000000000000e+00
-9.035400311828719611e-01 3.500000000000000000e+00
-8.373350741774457928e-01 3.500000000000000000e+00
-7.184241983103715201e-01 3.500000000000000000e+00
-6.743838395664383256e-01 3.500000000000000000e+00
-6.153148716265098850e-01 3.500000000000000000e+00
-4.840322127794151053e-01 3.500000000000000000e+00
-4.317546157640577142e-01 3.500000000000000000e+00
-3.628458456038456403e-01 3.500000000000000000e+00
-3.073922088305942046e-01 3.500000000000000000e+00
-2.492626503774940661e-01 3.500000000000000000e+00
-1.194374662501307416e-01 3.500000000000000000e+00
-4.718289250949719849e-02 3.500000000000000000e+00
7.843616919469377502e-02 3.500000000000000000e+00
8.422144611360288247e-02 3.500000000000000000e+00
1.013019987561672441e-01 3.500000000000000000e+00
1.910772783542983577e-01 3.500000000000000000e+00
2.576404555975440602e-01 3.500000000000000000e+00
2.714138708949454526e-01 3.500000000000000000e+00
4.702231476472284455e-01 3.500000000000000000e+00
6.287951336781567591e-01 3.500000000000000000e+00
7.395728384351143436e-01 3.500000000000000000e+00
7.556815951507811491e-01 3.500000000000000000e+00
8.800171765870251628e-01 3.500000000000000000e+00
1.125195726022006237e+00 3.500000000000000000e+00
1.223511438441280186e+00 3.500000000000000000e+00
1.279967013349908811e+00 3.500000000000000000e+00
1.658791400969032770e+00 3.500000000000000000e+00
-2.743684038665185287e+00 2.500000000000000000e+00
-2.529266273123656372e+00 2.500000000000000000e+00
-2.434114300034082579e+00 2.500000000000000000e+00
-2.312260662412648049e+00 2.500000000000000000e+00
-2.233177778029935112e+00 2.500000000000000000e+00
-2.088712826200184836e+00 2.500000000000000000e+00
-2.066177815189083056e+00 2.500000000000000000e+00
-1.912354725344986850e+00 2.500000000000000000e+00
-1.818033650832693304e+00 2.500000000000000000e+00
-1.797998130333569478e+00 2.500000000000000000e+00
-1.771740252548131389e+00 2.500000000000000000e+00
-1.697105587542577787e+00 2.500000000000000000e+00
-1.613512471608500976e+00 2.500000000000000000e+00
-1.582610808299721894e+00 2.500000000000000000e+00
-1.513131465141824838e+00 2.500000000000000000e+00
-1.473208577598192459e+00 2.500000000000000000e+00
-1.451941498222955929e+00 2.500000000000000000e+00
-1.362763011679048786e+00 2.500000000000000000e+00
-1.282924791365299688e+00 2.500000000000000000e+00
-1.228195013590101192e+00 2.500000000000000000e+00
-1.214510785709865814e+00 2.500000000000000000e+00
-1.180077329541243669e+00 2.500000000000000000e+00
-1.159435535043091825e+00 2.500000000000000000e+00
-1.155611921618942661e+00 2.500000000000000000e+00
-1.133512620326093012e+00 2.500000000000000000e+00
-1.062912731051249615e+00 2.500000000000000000e+00
-1.015989512668682870e+00 2.500000000000000000e+00
-9.630211241644547338e-01 2.500000000000000000e+00
-9.182942444567224749e-01 2.500000000000000000e+00
-8.991611123426026531e-01 2.500000000000000000e+00
-8.535853519719291960e-01 2.500000000000000000e+00
-8.015477866353638570e-01 2.500000000000000000e+00
-7.823487472153720645e-01 2.500000000000000000e+00
-7.256968189993217022e-01 2.500000000000000000e+00
-7.001192991460450932e-01 2.500000000000000000e+00
-6.712351105854929001e-01 2.500000000000000000e+00
-6.615191883440272314e-01 2.500000000000000000e+00
-6.221785337401132265e-01 2.500000000000000000e+00
-5.772607141014748366e-01 2.500000000000000000e+00
-5.692749818951119423e-01 2.500000000000000000e+00
-5.592302434304796677e-01 2.500000000000000000e+00
-5.139379675794175650e-01 2.500000000000000000e+00
-4.960560205668412825e-01 2.500000000000000000e+00
-4.028896155646997657e-01 2.500000000000000000e+00
-3.870263311456223487e-01 2.500000000000000000e+00
-3.449565671485973484e-01 2.500000000000000000e+00
-3.271797872004490459e-01 2.500000000000000000e+00
-2.967991092206896941e-01 2.500000000000000000e+00
-2.613346948952693372e-01 2.500000000000000000e+00
-2.248133051548891481e-01 2.500000000000000000e+00
-2.012308761205981733e-01 2.500000000000000000e+00
-1.705348499642669602e-01 2.500000000000000000e+00
-1.492183738007300808e-01 2.500000000000000000e+00
-9.201952763435675142e-02 2.500000000000000000e+00
-5.212023135686625480e-02 2.500000000000000000e+00
-2.812105972084736130e-02 2.500000000000000000e+00
2.512398734949012127e-03 2.500000000000000000e+00
1.788460580403649150e-02 2.500000000000000000e+00
3.450840669977150998e-02 2.500000000000000000e+00
6.066721680333247990e-02 2.500000000000000000e+00
1.257750188818022308e-01 2.500000000000000000e+00
1.546799650794257186e-01 2.500000000000000000e+00
1.883655172748464890e-01 2.500000000000000000e+00
1.936054277765755505e-01 2.500000000000000000e+00
2.071563342982321032e-01 2.500000000000000000e+00
2.690877969911354972e-01 2.500000000000000000e+00
3.093682196899625869e-01 2.500000000000000000e+00
3.344334344865760311e-01 2.500000000000000000e+00
3.406543720243149775e-01 2.500000000000000000e+00
3.629980615019013923e-01 2.500000000000000000e+00
3.725415889648556189e-01 2.500000000000000000e+00
4.337850318741541811e-01 2.500000000000000000e+00
4.476224757704523327e-01 2.500000000000000000e+00
5.375353017230815045e-01 2.500000000000000000e+00
5.494380987926370530e-01 2.500000000000000000e+00
5.607099922043823348e-01 2.500000000000000000e+00
6.095015281316027433e-01 2.500000000000000000e+00
6.706016532613465753e-01 2.500000000000000000e+00
7.071253040048210980e-01 2.500000000000000000e+00
7.435042704306085160e-01 2.500000000000000000e+00
7.708545709574342597e-01 2.500000000000000000e+00
8.359306203533412027e-01 2.500000000000000000e+00
8.753027840536123927e-01 2.500000000000000000e+00
8.979999863168142138e-01 2.500000000000000000e+00
9.175394904585382205e-01 2.500000000000000000e+00
9.693689994645644514e-01 2.500000000000000000e+00
1.004778753861675034e+00 2.500000000000000000e+00
1.056415575143368590e+00 2.500000000000000000e+00
1.097815365493327144e+00 2.500000000000000000e+00
1.188472223554272622e+00 2.500000000000000000e+00
1.238851556082451566e+00 2.500000000000000000e+00
1.335322678078413761e+00 2.500000000000000000e+00
1.340340142341603258e+00 2.500000000000000000e+00
1.368484269851357737e+00 2.500000000000000000e+00
1.426111187940582559e+00 2.500000000000000000e+00
1.439102444658715507e+00 2.500000000000000000e+00
1.468169161883150720e+00 2.500000000000000000e+00
1.609421481523583664e+00 2.500000000000000000e+00
1.626201563940135930e+00 2.500000000000000000e+00
1.804993508861304496e+00 2.500000000000000000e+00
1.826873615874778034e+00 2.500000000000000000e+00
1.869464293613483097e+00 2.500000000000000000e+00
1.899069249652228120e+00 2.500000000000000000e+00
1.995020090161861770e+00 2.500000000000000000e+00
2.000661221582807237e+00 2.500000000000000000e+00
2.345047423813622522e+00 2.500000000000000000e+00
2.409513861175800464e+00 2.500000000000000000e+00
2.490426812753299135e+00 2.500000000000000000e+00
2.728517361499811944e+00 2.500000000000000000e+00
3.017543371673454100e+00 2.500000000000000000e+00
-2.760306271642454679e+00 1.500000000000000000e+00
-2.542386248248800218e+00 1.500000000000000000e+00
-2.447598953423223200e+00 1.500000000000000000e+00
-2.304487136312916462e+00 1.500000000000000000e+00
-2.246928169969647726e+00 1.500000000000000000e+00
-2.086733042208988920e+00 1.500000000000000000e+00
-2.035617124724959481e+00 1.500000000000000000e+00
-1.955540056004279492e+00 1.500000000000000000e+00
-1.908668019013366690e+00 1.500000000000000000e+00
-1.830584425075418853e+00 1.500000000000000000e+00
-1.789883334399159587e+00 1.500000000000000000e+00
-1.711036865773710280e+00 1.500000000000000000e+00
-1.653262172926669216e+00 1.500000000000000000e+00
-1.622048664270421492e+00 1.500000000000000000e+00
-1.596646648157202808e+00 1.500000000000000000e+00
-1.538099140620559080e+00 1.500000000000000000e+00
-1.480381838524947202e+00 1.500000000000000000e+00
-1.445390407521340848e+00 1.500000000000000000e+00
-1.400113906571037736e+00 1.500000000000000000e+00
-1.359203435972970997e+00 1.500000000000000000e+00
-1.306792291028904041e+00 1.500000000000000000e+00
-1.281435094430338317e+00 1.500000000000000000e+00
-1.216202581440589459e+00 1.500000000000000000e+00
-1.188230255504446831e+00 1.500000000000000000e+00
-1.176060539361486912e+00 1.500000000000000000e+00
-1.168389335973431864e+00 1.500000000000000000e+00
-1.131857199022082039e+00 1.500000000000000000e+00
-1.101276986334268848e+00 1.500000000000000000e+00
-1.077506677224952858e+00 1.500000000000000000e+00
-1.025126546445636944e+00 1.500000000000000000e+00
-1.006708443068560666e+00 1.500000000000000000e+00
-9.621193452670948609e-01 1.500000000000000000e+00
-9.430273211838188230e-01 1.500000000000000000e+00
-9.042080581842926179e-01 1.500000000000000000e+00
-8.834732168687950971e-01 1.500000000000000000e+00
-8.701954594976131219e-01 1.500000000000000000e+00
-8.471566960281512459e-01 1.500000000000000000e+00
-7.972000699956136582e-01 1.500000000000000000e+00
-7.763655468055580267e-01 1.500000000000000000e+00
-7.476422541228043839e-01 1.500000000000000000e+00
-7.079877393609910197e-01 1.500000000000000000e+00
-6.928478840721910004e-01 1.500000000000000000e+00
-6.775824245429790116e-01 1.500000000000000000e+00
-6.538052223920697292e-01 1.500000000000000000e+00
-6.145358744876364687e-01 1.500000000000000000e+00
-5.784303786191538066e-01 1.500000000000000000e+00
-5.531178763011280752e-01 1.500000000000000000e+00
-4.960952439161440686e-01 1.500000000000000000e+00
-4.889273375306270597e-01 1.500000000000000000e+00
-4.686233606563637299e-01 1.500000000000000000e+00
-4.361831626656962335e-01 1.500000000000000000e+00
-4.177178824657255540e-01 1.500000000000000000e+00
-4.006895092325953311e-01 1.500000000000000000e+00
-3.733349847834787627e-01 1.500000000000000000e+00
-3.706281690658974615e-01 1.500000000000000000e+00
-3.596949378619747062e-01 1.500000000000000000e+00
-3.221367227768696662e-01 1.500000000000000000e+00
-3.100128767904974381e-01 1.500000000000000000e+00
-2.941981736153760352e-01 1.500000000000000000e+00
-2.489566346015386622e-01 1.500000000000000000e+00
-2.233065202359595658e-01 1.500000000000000000e+00
-1.820937515618707703e-01 1.500000000000000000e+00
-1.605922013588309549e-01 1.500000000000000000e+00
-1.414181089852679374e-01 1.500000000000000000e+00
-1.152770364168759221e-01 1.500000000000000000e+00
-9.014901162308254501e-02 1.500000000000000000e+00
-8.029994496769851664e-02 1.500000000000000000e+00
-4.061189063074843036e-02 1.500000000000000000e+00
-2.790353600100581311e-02 1.500000000000000000e+00
-1.006844714987767744e-02 1.500000000000000000e+00
1.742519001580467713e-02 1.500000000000000000e+00
5.031828815013755785e-02 1.500000000000000000e+00
5.326724050156500523e-02 1.500000000000000000e+00
6.308208071189076727e-02 1.500000000000000000e+00
7.962703965615447466e-02 1.500000000000000000e+00
1.135477696978599987e-01 1.500000000000000000e+00
1.532298580361673157e-01 1.500000000000000000e+00
1.661712071709765814e-01 1.500000000000000000e+00
1.929438769726769809e-01 1.500000000000000000e+00
2.242281750021878906e-01 1.500000000000000000e+00
2.518074522593849451e-01 1.500000000000000000e+00
2.830841049142335808e-01 1.500000000000000000e+00
2.981878159585072408e-01 1.500000000000000000e+00
3.125697874053633973e-01 1.500000000000000000e+00
3.217827651411233614e-01 1.500000000000000000e+00
3.452166131063879040e-01 1.500000000000000000e+00
3.706611193817855865e-01 1.500000000000000000e+00
4.149888712748997510e-01 1.500000000000000000e+00
4.179832888188291240e-01 1.500000000000000000e+00
4.470903161033304429e-01 1.500000000000000000e+00
4.699329789503210453e-01 1.500000000000000000e+00
4.769254402765297773e-01 1.500000000000000000e+00
4.940616701761476048e-01 1.500000000000000000e+00
5.049249167262750415e-01 1.500000000000000000e+00
5.202419722528516255e-01 1.500000000000000000e+00
5.661727870145584207e-01 1.500000000000000000e+00
5.940567264075935494e-01 1.500000000000000000e+00
6.074576710722112693e-01 1.500000000000000000e+00
6.544048159177194846e-01 1.500000000000000000e+00
6.787485233082870550e-01 1.500000000000000000e+00
7.126746421608484150e-01 1.500000000000000000e+00
7.392947282566331157e-01 1.500000000000000000e+00
7.646591543340848229e-01 1.500000000000000000e+00
7.813912253606926095e-01 1.500000000000000000e+00
7.949898937858336234e-01 1.500000000000000000e+00
8.334073989455121900e-01 1.500000000000000000e+00
8.557572593688715923e-01 1.500000000000000000e+00
8.609187111837117712e-01 1.500000000000000000e+00
8.897497922463900588e-01 1.500000000000000000e+00
9.240772517048791990e-01 1.500000000000000000e+00
9.626944181089267527e-01 1.500000000000000000e+00
9.782005791942944839e-01 1.500000000000000000e+00
9.951198232666348398e-01 1.500000000000000000e+00
1.017333733126979833e+00 1.500000000000000000e+00
1.020289580374586613e+00 1.500000000000000000e+00
1.083350874580386813e+00 1.500000000000000000e+00
1.094746385249917520e+00 1.500000000000000000e+00
1.120471677012174760e+00 1.500000000000000000e+00
1.146925887315376702e+00 1.500000000000000000e+00
1.175510115046499493e+00 1.500000000000000000e+00
1.192213504795367029e+00 1.500000000000000000e+00
1.235929240191289802e+00 1.500000000000000000e+00
1.247070035527883425e+00 1.500000000000000000e+00
1.310460340779353361e+00 1.500000000000000000e+00
1.319089058742881626e+00 1.500000000000000000e+00
1.345234622938923819e+00 1.500000000000000000e+00
1.397927464514070239e+00 1.500000000000000000e+00
1.409473365915991927e+00 1.500000000000000000e+00
1.460761827791722256e+00 1.500000000000000000e+00
1.488526409623476043e+00 1.500000000000000000e+00
1.508684390387590613e+00 1.500000000000000000e+00
1.523241785455708985e+00 1.500000000000000000e+00
1.593497047756921692e+00 1.500000000000000000e+00
1.610470606193598719e+00 1.500000000000000000e+00
1.660225611711873217e+00 1.500000000000000000e+00
1.684030649836850468e+00 1.500000000000000000e+00
1.722461460210955808e+00 1.500000000000000000e+00
1.748141006805316033e+00 1.500000000000000000e+00
1.766404688198732531e+00 1.500000000000000000e+00
1.781873435916345949e+00 1.500000000000000000e+00
1.806023737980915644e+00 1.500000000000000000e+00
1.852417114313383628e+00 1.500000000000000000e+00
1.925866705869919926e+00 1.500000000000000000e+00
1.964088299609942245e+00 1.500000000000000000e+00
2.001285563760438535e+00 1.500000000000000000e+00
2.021753208579678329e+00 1.500000000000000000e+00
2.112030904785787477e+00 1.500000000000000000e+00
2.124151017640253158e+00 1.500000000000000000e+00
2.145059444153544881e+00 1.500000000000000000e+00
2.224778202123172566e+00 1.500000000000000000e+00
2.282420380891811540e+00 1.500000000000000000e+00
2.364108762895162474e+00 1.500000000000000000e+00
2.378625390656343708e+00 1.500000000000000000e+00
2.484514334173765882e+00 1.500000000000000000e+00
2.542084464176202818e+00 1.500000000000000000e+00
2.661897552599035155e+00 1.500000000000000000e+00
2.759775238292341726e+00 1.500000000000000000e+00
2.818187936935574012e+00 1.500000000000000000e+00
2.924101910470807475e+00 1.500000000000000000e+00
2.965672329081397329e+00 1.500000000000000000e+00
3.065694824027749732e+00 1.500000000000000000e+00
3.297920997562914902e+00 1.500000000000000000e+00
3.440085349509597545e+00 1.500000000000000000e+00
3.513974588758872475e+00 1.500000000000000000e+00
4.085178318672298303e+00 1.500000000000000000e+00
-2.769391827835979036e+00 5.000000000000000000e-01
-2.549771989691170138e+00 5.000000000000000000e-01
-2.252759548689446056e+00 5.000000000000000000e-01
-2.097919257555526329e+00 5.000000000000000000e-01
-2.024077827034355792e+00 5.000000000000000000e-01
-1.804977259233647935e+00 5.000000000000000000e-01
-1.707068803882110686e+00 5.000000000000000000e-01
-1.661331595835543906e+00 5.000000000000000000e-01
-1.633096180537290998e+00 5.000000000000000000e-01
-1.588793823587745901e+00 5.000000000000000000e-01
-1.539454670962085769e+00 5.000000000000000000e-01
-1.449009890126997213e+00 5.000000000000000000e-01
-1.385846001930042481e+00 5.000000000000000000e-01
-1.319882878286058769e+00 5.000000000000000000e-01
-1.272478919574423495e+00 5.000000000000000000e-01
-1.219493312014822584e+00 5.000000000000000000e-01
-1.186254452780818758e+00 5.000000000000000000e-01
-1.096149481633757805e+00 5.000000000000000000e-01
-1.058948681917187606e+00 5.000000000000000000e-01
-1.038268067050039045e+00 5.000000000000000000e-01
-1.025879514131365244e+00 5.000000000000000000e-01
-9.666266107196183066e-01 5.000000000000000000e-01
-9.235050694707143126e-01 5.000000000000000000e-01
-9.093797844473345826e-01 5.000000000000000000e-01
-8.356062269965847111e-01 5.000000000000000000e-01
-8.004318730386384972e-01 5.000000000000000000e-01
-7.566616634306609912e-01 5.000000000000000000e-01
-7.240625748537282691e-01 5.000000000000000000e-01
-7.061151923118798024e-01 5.000000000000000000e-01
-6.684330032661462972e-01 5.000000000000000000e-01
-6.440088092358976501e-01 5.000000000000000000e-01
-5.700687850087761133e-01 5.000000000000000000e-01
-5.469028631701093879e-01 5.000000000000000000e-01
-5.317816768137199057e-01 5.000000000000000000e-01
-4.806736823196852693e-01 5.000000000000000000e-01
-4.461509680812174583e-01 5.000000000000000000e-01
-4.001921575004521170e-01 5.000000000000000000e-01
-3.733366175186597080e-01 5.000000000000000000e-01
-3.412465107338644721e-01 5.000000000000000000e-01
-3.301583430140430098e-01 5.000000000000000000e-01
-2.971403899823376604e-01 5.000000000000000000e-01
-2.669953758285589784e-01 5.000000000000000000e-01
-2.058250977146826310e-01 5.000000000000000000e-01
-1.440656346409442401e-01 5.000000000000000000e-01
-1.327907310548756825e-01 5.000000000000000000e-01
-1.200573361312510523e-01 5.000000000000000000e-01
-9.230088415585416262e-02 5.000000000000000000e-01
-3.344521098740636800e-02 5.000000000000000000e-01
-1.527174851468948019e-02 5.000000000000000000e-01
5.357465311997828238e-03 5.000000000000000000e-01
2.982060257062994074e-02 5.000000000000000000e-01
7.421373041819299965e-02 5.000000000000000000e-01
1.039367951493072179e-01 5.000000000000000000e-01
1.397481686213351282e-01 5.000000000000000000e-01
1.536674333416317983e-01 5.000000000000000000e-01
2.139198465883839217e-01 5.000000000000000000e-01
2.278454328919420901e-01 5.000000000000000000e-01
2.539209588782048721e-01 5.000000000000000000e-01
2.874133796422167486e-01 5.000000000000000000e-01
3.085911445408375808e-01 5.000000000000000000e-01
3.170218430885938798e-01 5.000000000000000000e-01
3.386892280180586745e-01 5.000000000000000000e-01
4.032179075889379405e-01 5.000000000000000000e-01
4.263445136595073182e-01 5.000000000000000000e-01
4.363947325261611221e-01 5.000000000000000000e-01
4.976482302313954276e-01 5.000000000000000000e-01
5.179663100061285830e-01 5.000000000000000000e-01
5.233853260879119951e-01 5.000000000000000000e-01
5.742536912267536264e-01 5.000000000000000000e-01
5.834474214791431912e-01 5.000000000000000000e-01
6.313808275488902444e-01 5.000000000000000000e-01
6.520601181901044541e-01 5.000000000000000000e-01
6.652754128387458055e-01 5.000000000000000000e-01
6.709028944759791724e-01 5.000000000000000000e-01
7.123402004059150583e-01 5.000000000000000000e-01
7.391729973823255584e-01 5.000000000000000000e-01
7.776062942466450689e-01 5.000000000000000000e-01
8.176637047611985398e-01 5.000000000000000000e-01
8.750880315838254209e-01 5.000000000000000000e-01
8.861271901222677050e-01 5.000000000000000000e-01
9.435156787490335262e-01 5.000000000000000000e-01
9.687908119917036931e-01 5.000000000000000000e-01
9.875750229045031636e-01 5.000000000000000000e-01
1.040875703741443115e+00 5.000000000000000000e-01
1.048150974588076600e+00 5.000000000000000000e-01
1.092175408945899262e+00 5.000000000000000000e-01
1.128173548438630602e+00 5.000000000000000000e-01
1.141109201994902289e+00 5.000000000000000000e-01
1.183852447060055546e+00 5.000000000000000000e-01
1.222588243836876476e+00 5.000000000000000000e-01
1.248175498789757976e+00 5.000000000000000000e-01
1.261897136587309065e+00 5.000000000000000000e-01
1.290643970464463886e+00 5.000000000000000000e-01
1.340938092685990846e+00 5.000000000000000000e-01
1.359329402801516817e+00 5.000000000000000000e-01
1.454270617237746199e+00 5.000000000000000000e-01
1.473247314189818802e+00 5.000000000000000000e-01
1.527977972607697632e+00 5.000000000000000000e-01
1.531607582860631922e+00 5.000000000000000000e-01
1.578972734854168447e+00 5.000000000000000000e-01
1.634120461532102553e+00 5.000000000000000000e-01
1.645412349718138989e+00 5.000000000000000000e-01
1.686248948873970699e+00 5.000000000000000000e-01
1.726273838114907644e+00 5.000000000000000000e-01
1.758914142667875158e+00 5.000000000000000000e-01
1.822480650115692935e+00 5.000000000000000000e-01
1.854322758281450545e+00 5.000000000000000000e-01
1.903032899214808671e+00 5.000000000000000000e-01
2.005830870081687145e+00 5.000000000000000000e-01
2.055553973798109446e+00 5.000000000000000000e-01
2.078357763096577049e+00 5.000000000000000000e-01
2.098108234161193852e+00 5.000000000000000000e-01
2.146242056219822114e+00 5.000000000000000000e-01
2.176932709540718491e+00 5.000000000000000000e-01
2.249421879631172239e+00 5.000000000000000000e-01
2.285063607595938961e+00 5.000000000000000000e-01
2.335910176884716805e+00 5.000000000000000000e-01
2.448740473639983151e+00 5.000000000000000000e-01
2.500013446700629416e+00 5.000000000000000000e-01
2.556276495165106688e+00 5.000000000000000000e-01
2.639093771721382264e+00 5.000000000000000000e-01
2.732363546765141482e+00 5.000000000000000000e-01
2.796179492771416975e+00 5.000000000000000000e-01
2.899835949952273673e+00 5.000000000000000000e-01
2.961174875470549139e+00 5.000000000000000000e-01
3.118603400209820187e+00 5.000000000000000000e-01
3.226475405100555971e+00 5.000000000000000000e-01
3.283765519903198538e+00 5.000000000000000000e-01
3.429073513017504737e+00 5.000000000000000000e-01
3.754697133411881271e+00 5.000000000000000000e-01
3.950490403260255690e+00 5.000000000000000000e-01
4.516788859860859873e+00 5.000000000000000000e-01
