# Runtime: 21.85364866256714
-2.250000000000001332e+00 6.000000000000000000e+00
-2.916697139298912944e+00 5.000000000000000000e+00
-2.203195993361921623e+00 5.000000000000000000e+00
-2.103893413063759432e+00 5.000000000000000000e+00
-1.917396702560883348e+00 5.000000000000000000e+00
-1.636491592466181366e+00 5.000000000000000000e+00
-1.495378391177501598e+00 5.000000000000000000e+00
-1.066461244331739389e+00 5.000000000000000000e+00
-9.664104539448414855e-01 5.000000000000000000e+00
-6.405247134550818844e-01 5.000000000000000000e+00
-4.510656012425239836e-01 5.000000000000000000e+00
-3.524847550966680454e-01 5.000000000000000000e+00
-2.964560651869940333e+00 4.000000000000000000e+00
-2.807084663263667679e+00 4.000000000000000000e+00
-2.662118910989899057e+00 4.000000000000000000e+00
-2.453493078200096988e+00 4.000000000000000000e+00
-2.151993699150986039e+00 4.000000000000000000e+00
-2.055390058838550527e+00 4.000000000000000000e+00
-2.025262676301367915e+00 4.000000000000000000e+00
-1.990750046439482501e+00 4.000000000000000000e+00
-1.948643516109635820e+00 4.000000000000000000e+00
-1.876090016290171691e+00 4.000000000000000000e+00
-1.777921365116237551e+00 4.000000000000000000e+00
-1.618001176316288037e+00 4.000000000000000000e+00
-1.584727450800476722e+00 4.000000000000000000e+00
-1.534558824108435804e+00 4.000000000000000000e+00
-1.509893103103652878e+00 4.000000000000000000e+00
-1.440172306527037538e+00 4.000000000000000000e+00
-1.407081005250322425e+00 4.000000000000000000e+00
-1.375928681433034706e+00 4.000000000000000000e+00
-1.322118951462919689e+00 4.000000000000000000e+00
-1.268580146841509881e+00 4.000000000000000000e+00
-1.132974077858423412e+00 4.000000000000000000e+00
-1.005968668793345566e+00 4.000000000000000000e+00
-9.795992882239815680e-01 4.000000000000000000e+00
-9.532229313194732212e-01 4.000000000000000000e+00
-9.073986779880192088e-01 4.000000000000000000e+00
-8.919869832847916458e-01 4.000000000000000000e+00
-8.094478168431299414e-01 4.000000000000000000e+00
-7.208650163212543260e-01 4.000000000000000000e+00
-6.149688415351854953e-01 4.000000000000000000e+00
-5.701071072224485059e-01 4.000000000000000000e+00
-5.662430930653129524e-01 4.000000000000000000e+00
-4.618108411080695808e-01 4.000000000000000000e+00
-4.030766305838983654e-01 4.000000000000000000e+00
-3.876517862201822040e-01 4.000000000000000000e+00
-2.797083818732393756e-01 4.000000000000000000e+00
-2.356216014093220623e-01 4.000000000000000000e+00
-1.925831672771546321e-01 4.000000000000000000e+00
-1.685254394890847440e-01 4.000000000000000000e+00
-1.392430041622728376e-01 4.000000000000000000e+00
-6.690707431430177599e-02 4.000000000000000000e+00
1.119317832376742761e-02 4.000000000000000000e+00
1.593819015380349702e-01 4.000000000000000000e+00
2.135823370365149965e-01 4.000000000000000000e+00
2.858985385486026987e-01 4.000000000000000000e+00
3.026006268033797353e-01 4.000000000000000000e+00
3.844252577536080850e-01 4.000000000000000000e+00
6.021346928515231012e-01 4.000000000000000000e+00
6.421478401340775521e-01 4.000000000000000000e+00
6.995630015517061429e-01 4.000000000000000000e+00
7.531901873559637695e-01 4.000000000000000000e+00
9.236443091396091543e-01 4.000000000000000000e+00
1.155640853456685324e+00 4.000000000000000000e+00
1.182689818124957881e+00 4.000000000000000000e+00
1.446188214688146845e+00 4.000000000000000000e+00
-2.991169246878702115e+00 3.000000000000000000e+00
-2.832288466031673391e+00 3.000000000000000000e+00
-2.684525533313313339e+00 3.000000000000000000e+00
-2.674929746311374146e+00 3.000000000000000000e+00
-2.540961345268580640e+00 3.000000000000000000e+00
-2.481496409009242843e+00 3.000000000000000000e+00
-2.361248351327652983e+00 3.000000000000000000e+00
-2.340671238702682455e+00 3.000000000000000000e+00
-2.195267327947370450e+00 3.000000000000000000e+00
-2.095253308213234078e+00 3.000000000000000000e+00
-2.072368294516323761e+00 3.000000000000000000e+00
-2.058594684642476746e+00 3.000000000000000000e+00
-2.026852632133348209e+00 3.000000000000000000e+00
-1.996109794681489635e+00 3.000000000000000000e+00
-1.909306035261746581e+00 3.000000000000000000e+00
-1.889761918562131715e+00 3.000000000000000000e+00
-1.829677695573021623e+00 3.000000000000000000e+00
-1.815149595537250526e+00 3.000000000000000000e+00
-1.778823065858686103e+00 3.000000000000000000e+00
-1.738357774829945468e+00 3.000000000000000000e+00
-1.732846092502418056e+00 3.000000000000000000e+00
-1.640189705447249624e+00 3.000000000000000000e+00
-1.596099841806402297e+00 3.000000000000000000e+00
-1.578351663492700174e+00 3.000000000000000000e+00
-1.564679648238311405e+00 3.000000000000000000e+00
-1.522432677741971663e+00 3.000000000000000000e+00
-1.474483050462268130e+00 3.000000000000000000e+00
-1.450029624636240078e+00 3.000000000000000000e+00
-1.406659112213241691e+00 3.000000000000000000e+00
-1.381712984860137272e+00 3.000000000000000000e+00
-1.337290226347036537e+00 3.000000000000000000e+00
-1.319977375856288271e+00 3.000000000000000000e+00
-1.296676698781314974e+00 3.000000000000000000e+00
-1.274216221802430216e+00 3.000000000000000000e+00
-1.261863088503158981e+00 3.000000000000000000e+00
-1.229344521737442353e+00 3.000000000000000000e+00
-1.223113199200446921e+00 3.000000000000000000e+00
-1.176457973267891033e+00 3.000000000000000000e+00
-1.159612243367578843e+00 3.000000000000000000e+00
-1.147126510428899460e+00 3.000000000000000000e+00
-1.116779866172612046e+00 3.000000000000000000e+00
-1.038987894044384186e+00 3.000000000000000000e+00
-1.014550565417264405e+00 3.000000000000000000e+00
-9.807297213763487287e-01 3.000000000000000000e+00
-9.631745752891547330e-01 3.000000000000000000e+00
-9.216478826771131727e-01 3.000000000000000000e+00
-9.025507595590310794e-01 3.000000000000000000e+00
-8.929286653352601633e-01 3.000000000000000000e+00
-8.616143390695617521e-01 3.000000000000000000e+00
-8.434622092613331956e-01 3.000000000000000000e+00
-8.375716661977523625e-01 3.000000000000000000e+00
-8.348960558992356562e-01 3.000000000000000000e+00
-8.066023394385926082e-01 3.000000000000000000e+00
-7.937228316946298712e-01 3.000000000000000000e+00
-7.674018177490882220e-01 3.000000000000000000e+00
-7.423651656229314222e-01 3.000000000000000000e+00
-7.201378399751070525e-01 3.000000000000000000e+00
-7.116420241571265182e-01 3.000000000000000000e+00
-6.659624419246190641e-01 3.000000000000000000e+00
-6.452789682366376622e-01 3.000000000000000000e+00
-6.155573256325795883e-01 3.000000000000000000e+00
-5.675649038069133789e-01 3.000000000000000000e+00
-5.435982685831516337e-01 3.000000000000000000e+00
-5.172890395366364080e-01 3.000000000000000000e+00
-4.876715446765901851e-01 3.000000000000000000e+00
-4.856273685673107021e-01 3.000000000000000000e+00
-4.636540260903150301e-01 3.000000000000000000e+00
-4.396943128417283853e-01 3.000000000000000000e+00
-4.007658260717654741e-01 3.000000000000000000e+00
-3.798423481765528797e-01 3.000000000000000000e+00
-3.750980335170853719e-01 3.000000000000000000e+00
-3.383791252290171414e-01 3.000000000000000000e+00
-3.201024591996827207e-01 3.000000000000000000e+00
-2.842015654249933077e-01 3.000000000000000000e+00
-2.796688015796464644e-01 3.000000000000000000e+00
-2.737459185299944697e-01 3.000000000000000000e+00
-2.598811082549856710e-01 3.000000000000000000e+00
-2.029690780827658192e-01 3.000000000000000000e+00
-1.881360478604502950e-01 3.000000000000000000e+00
-1.666687924345702509e-01 3.000000000000000000e+00
-1.372173054944325621e-01 3.000000000000000000e+00
-1.287400533350600562e-01 3.000000000000000000e+00
-9.696715533839835033e-02 3.000000000000000000e+00
-8.789844494073305314e-02 3.000000000000000000e+00
-7.442537216880258655e-02 3.000000000000000000e+00
-3.998907196133453384e-02 3.000000000000000000e+00
-2.065887124991704418e-02 3.000000000000000000e+00
-4.104239520614847217e-03 3.000000000000000000e+00
1.607388501844418671e-02 3.000000000000000000e+00
2.971540348395870085e-02 3.000000000000000000e+00
5.949192267483132540e-02 3.000000000000000000e+00
8.863488390710842768e-02 3.000000000000000000e+00
9.190683724066328608e-02 3.000000000000000000e+00
1.025571221363096308e-01 3.000000000000000000e+00
1.479252003968521134e-01 3.000000000000000000e+00
1.754841070868110031e-01 3.000000000000000000e+00
2.125730064588063351e-01 3.000000000000000000e+00
2.390368861792928623e-01 3.000000000000000000e+00
2.819640000602944285e-01 3.000000000000000000e+00
3.077973236363963361e-01 3.000000000000000000e+00
3.172882971014118758e-01 3.000000000000000000e+00
3.526274206307989378e-01 3.000000000000000000e+00
3.609046060972495029e-01 3.000000000000000000e+00
3.810172932286657321e-01 3.000000000000000000e+00
3.819569120787634220e-01 3.000000000000000000e+00
4.119567999890652032e-01 3.000000000000000000e+00
4.409450021919572582e-01 3.000000000000000000e+00
4.494581354360868697e-01 3.000000000000000000e+00
4.726640875891660598e-01 3.000000000000000000e+00
5.054676864578303563e-01 3.000000000000000000e+00
5.347696952259552994e-01 3.000000000000000000e+00
5.845154583101721535e-01 3.000000000000000000e+00
6.238984893036514379e-01 3.000000000000000000e+00
6.402480276546312910e-01 3.000000000000000000e+00
6.933267429851847075e-01 3.000000000000000000e+00
7.235180092880489910e-01 3.000000000000000000e+00
7.276220902492219755e-01 3.000000000000000000e+00
7.520181801122640675e-01 3.000000000000000000e+00
7.753188055823894143e-01 3.000000000000000000e+00
7.973950504575110232e-01 3.000000000000000000e+00
8.411123014423277366e-01 3.000000000000000000e+00
8.769917966460466507e-01 3.000000000000000000e+00
9.067500661726677347e-01 3.000000000000000000e+00
9.528703046584230396e-01 3.000000000000000000e+00
9.713085452819695265e-01 3.000000000000000000e+00
1.001314308048152135e+00 3.000000000000000000e+00
1.041925665382439359e+00 3.000000000000000000e+00
1.056015113511357573e+00 3.000000000000000000e+00
1.078266130681423851e+00 3.000000000000000000e+00
1.166553379079526387e+00 3.000000000000000000e+00
1.192914809276736099e+00 3.000000000000000000e+00
1.232826556176560118e+00 3.000000000000000000e+00
1.261080841710007450e+00 3.000000000000000000e+00
1.291230111266319147e+00 3.000000000000000000e+00
1.360206478414303088e+00 3.000000000000000000e+00
1.375231872590048976e+00 3.000000000000000000e+00
1.444967747240255784e+00 3.000000000000000000e+00
1.471335070447602478e+00 3.000000000000000000e+00
1.489099057679019511e+00 3.000000000000000000e+00
1.554232299571653986e+00 3.000000000000000000e+00
1.654391925214236503e+00 3.000000000000000000e+00
1.689627277657645532e+00 3.000000000000000000e+00
1.756031859344879154e+00 3.000000000000000000e+00
1.811107213374794300e+00 3.000000000000000000e+00
1.815454710379688530e+00 3.000000000000000000e+00
1.962821129462774872e+00 3.000000000000000000e+00
1.999317490002978204e+00 3.000000000000000000e+00
2.035069450622652987e+00 3.000000000000000000e+00
2.165317125265589837e+00 3.000000000000000000e+00
2.244497715375910474e+00 3.000000000000000000e+00
2.447332503976119344e+00 3.000000000000000000e+00
2.474603744318282672e+00 3.000000000000000000e+00
2.548002896245029625e+00 3.000000000000000000e+00
2.978214097730254473e+00 3.000000000000000000e+00
-3.007714506781105968e+00 2.000000000000000000e+00
-2.847163620061688327e+00 2.000000000000000000e+00
-2.697020303860183432e+00 2.000000000000000000e+00
-2.678135721479203646e+00 2.000000000000000000e+00
-2.552875834566643132e+00 2.000000000000000000e+00
-2.503515651246612794e+00 2.000000000000000000e+00
-2.499905573765897060e+00 2.000000000000000000e+00
-2.405694382555341182e+00 2.000000000000000000e+00
-2.369732947847999149e+00 2.000000000000000000e+00
-2.224623294839309651e+00 2.000000000000000000e+00
-2.194653752756678955e+00 2.000000000000000000e+00
-2.127283547514777329e+00 2.000000000000000000e+00
-2.090560866208841073e+00 2.000000000000000000e+00
-2.080236594892590940e+00 2.000000000000000000e+00
-2.046054634985350784e+00 2.000000000000000000e+00
-2.027718488683887266e+00 2.000000000000000000e+00
-1.938785177616918709e+00 2.000000000000000000e+00
-1.920131867741985854e+00 2.000000000000000000e+00
-1.870964165417280389e+00 2.000000000000000000e+00
-1.832091400729130015e+00 2.000000000000000000e+00
-1.822818973053310865e+00 2.000000000000000000e+00
-1.813420449733440298e+00 2.000000000000000000e+00
-1.770537617954194953e+00 2.000000000000000000e+00
-1.766427129323278278e+00 2.000000000000000000e+00
-1.750356999502107547e+00 2.000000000000000000e+00
-1.699220158787936530e+00 2.000000000000000000e+00
-1.662637921176468803e+00 2.000000000000000000e+00
-1.653972455671552044e+00 2.000000000000000000e+00
-1.602483928275699743e+00 2.000000000000000000e+00
-1.583675332055931140e+00 2.000000000000000000e+00
-1.549960617142285502e+00 2.000000000000000000e+00
-1.544631174041642740e+00 2.000000000000000000e+00
-1.532999283790843936e+00 2.000000000000000000e+00
-1.499863591077130520e+00 2.000000000000000000e+00
-1.458705568373644290e+00 2.000000000000000000e+00
-1.441394509636529486e+00 2.000000000000000000e+00
-1.428233136041690887e+00 2.000000000000000000e+00
-1.400464074619956145e+00 2.000000000000000000e+00
-1.378672508169485722e+00 2.000000000000000000e+00
-1.342224141769519097e+00 2.000000000000000000e+00
-1.328998541809180312e+00 2.000000000000000000e+00
-1.316245965821843056e+00 2.000000000000000000e+00
-1.283631059401001195e+00 2.000000000000000000e+00
-1.278515863671540798e+00 2.000000000000000000e+00
-1.252363150126031055e+00 2.000000000000000000e+00
-1.229868497762735879e+00 2.000000000000000000e+00
-1.203033330604255768e+00 2.000000000000000000e+00
-1.185873823375952707e+00 2.000000000000000000e+00
-1.182740399335181269e+00 2.000000000000000000e+00
-1.164202778148275552e+00 2.000000000000000000e+00
-1.135470417770537921e+00 2.000000000000000000e+00
-1.115665842135360686e+00 2.000000000000000000e+00
-1.105329402746802359e+00 2.000000000000000000e+00
-1.099368987968077249e+00 2.000000000000000000e+00
-1.082695905152659899e+00 2.000000000000000000e+00
-1.056674466390828071e+00 2.000000000000000000e+00
-1.033043833590769234e+00 2.000000000000000000e+00
-1.009651150501839290e+00 2.000000000000000000e+00
-9.938455175414643294e-01 2.000000000000000000e+00
-9.754083297558793220e-01 2.000000000000000000e+00
-9.687625983558233456e-01 2.000000000000000000e+00
-9.441251560150705213e-01 2.000000000000000000e+00
-9.280953611470909026e-01 2.000000000000000000e+00
-9.197264841758282516e-01 2.000000000000000000e+00
-8.970043515517757138e-01 2.000000000000000000e+00
-8.872132509494238262e-01 2.000000000000000000e+00
-8.632405628810531084e-01 2.000000000000000000e+00
-8.575013280862009424e-01 2.000000000000000000e+00
-8.287054714402615208e-01 2.000000000000000000e+00
-8.122285865649628844e-01 2.000000000000000000e+00
-7.903933955291631008e-01 2.000000000000000000e+00
-7.781084871364902789e-01 2.000000000000000000e+00
-7.663428445811526490e-01 2.000000000000000000e+00
-7.516574918345682033e-01 2.000000000000000000e+00
-7.354003642621823600e-01 2.000000000000000000e+00
-7.229595321878454772e-01 2.000000000000000000e+00
-6.985594791068345799e-01 2.000000000000000000e+00
-6.887091252869873559e-01 2.000000000000000000e+00
-6.754832909954500142e-01 2.000000000000000000e+00
-6.563314230094146051e-01 2.000000000000000000e+00
-6.530261411579886266e-01 2.000000000000000000e+00
-6.348620235504176534e-01 2.000000000000000000e+00
-6.029666159235865797e-01 2.000000000000000000e+00
-5.923883617441826344e-01 2.000000000000000000e+00
-5.742711325050193771e-01 2.000000000000000000e+00
-5.631781067762215987e-01 2.000000000000000000e+00
-5.628962907554516670e-01 2.000000000000000000e+00
-5.493818570041990590e-01 2.000000000000000000e+00
-5.347447351484336808e-01 2.000000000000000000e+00
-5.110215037239900226e-01 2.000000000000000000e+00
-4.973541253763398839e-01 2.000000000000000000e+00
-4.906713998599531723e-01 2.000000000000000000e+00
-4.815947730292858275e-01 2.000000000000000000e+00
-4.613438997946465170e-01 2.000000000000000000e+00
-4.352370899762978973e-01 2.000000000000000000e+00
-4.198172300384436784e-01 2.000000000000000000e+00
-4.156667036627959555e-01 2.000000000000000000e+00
-4.101659201427760859e-01 2.000000000000000000e+00
-3.884551148064442350e-01 2.000000000000000000e+00
-3.819343845048633335e-01 2.000000000000000000e+00
-3.445893669356528966e-01 2.000000000000000000e+00
-3.339132425268211968e-01 2.000000000000000000e+00
-3.294844973044233072e-01 2.000000000000000000e+00
-3.199411346565803616e-01 2.000000000000000000e+00
-3.065109518646458864e-01 2.000000000000000000e+00
-2.921561138220510334e-01 2.000000000000000000e+00
-2.717112041217283891e-01 2.000000000000000000e+00
-2.470409828445873646e-01 2.000000000000000000e+00
-2.410173171411849891e-01 2.000000000000000000e+00
-2.286715814153255366e-01 2.000000000000000000e+00
-2.118228300372150819e-01 2.000000000000000000e+00
-1.938615136924036753e-01 2.000000000000000000e+00
-1.798379852845438387e-01 2.000000000000000000e+00
-1.696990213136342629e-01 2.000000000000000000e+00
-1.491023636193606894e-01 2.000000000000000000e+00
-1.436996797637526690e-01 2.000000000000000000e+00
-1.267715547795842668e-01 2.000000000000000000e+00
-1.012424007950186028e-01 2.000000000000000000e+00
-9.380368654731158218e-02 2.000000000000000000e+00
-7.786206417926673506e-02 2.000000000000000000e+00
-6.783699478698310137e-02 2.000000000000000000e+00
-5.189332248878798098e-02 2.000000000000000000e+00
-4.409689118807080810e-02 2.000000000000000000e+00
-3.643996218373206364e-02 2.000000000000000000e+00
-3.377754491757446048e-02 2.000000000000000000e+00
-1.526807351405629239e-02 2.000000000000000000e+00
3.287477330852316051e-03 2.000000000000000000e+00
2.057785582885054629e-02 2.000000000000000000e+00
4.852992013519408232e-02 2.000000000000000000e+00
5.401379236534525896e-02 2.000000000000000000e+00
5.952437592520769954e-02 2.000000000000000000e+00
7.213134636841224412e-02 2.000000000000000000e+00
9.010599133172604580e-02 2.000000000000000000e+00
9.570133846048139992e-02 2.000000000000000000e+00
1.111964658598919159e-01 2.000000000000000000e+00
1.345835908176802598e-01 2.000000000000000000e+00
1.366700912370850118e-01 2.000000000000000000e+00
1.512983894301122567e-01 2.000000000000000000e+00
1.597241212539510236e-01 2.000000000000000000e+00
1.771623065392136376e-01 2.000000000000000000e+00
1.883795208468416471e-01 2.000000000000000000e+00
1.999152055846815934e-01 2.000000000000000000e+00
2.326526992379726877e-01 2.000000000000000000e+00
2.428465101207930021e-01 2.000000000000000000e+00
2.495049589921002064e-01 2.000000000000000000e+00
2.630080841180761908e-01 2.000000000000000000e+00
2.832943705574608173e-01 2.000000000000000000e+00
2.975129770309538069e-01 2.000000000000000000e+00
3.205418256714936409e-01 2.000000000000000000e+00
3.381653036873758511e-01 2.000000000000000000e+00
3.413754562002492832e-01 2.000000000000000000e+00
3.557860749278955459e-01 2.000000000000000000e+00
3.738739595837301533e-01 2.000000000000000000e+00
3.974069761552522229e-01 2.000000000000000000e+00
4.091507835741135524e-01 2.000000000000000000e+00
4.241998206932338089e-01 2.000000000000000000e+00
4.431427609368112641e-01 2.000000000000000000e+00
4.569899298325701964e-01 2.000000000000000000e+00
4.730209318706715682e-01 2.000000000000000000e+00
4.817585550548205697e-01 2.000000000000000000e+00
4.955448897173836964e-01 2.000000000000000000e+00
5.122857410323112815e-01 2.000000000000000000e+00
5.237624962007514373e-01 2.000000000000000000e+00
5.273019071689594162e-01 2.000000000000000000e+00
5.368800591711752057e-01 2.000000000000000000e+00
5.515706366609545164e-01 2.000000000000000000e+00
5.546517690112054977e-01 2.000000000000000000e+00
5.742881532934187572e-01 2.000000000000000000e+00
5.859182901935944265e-01 2.000000000000000000e+00
6.108710149404799061e-01 2.000000000000000000e+00
6.256496571473459944e-01 2.000000000000000000e+00
6.370381497700273732e-01 2.000000000000000000e+00
6.692918342319005287e-01 2.000000000000000000e+00
6.902627582761770020e-01 2.000000000000000000e+00
7.125624897934990098e-01 2.000000000000000000e+00
7.168846236651379433e-01 2.000000000000000000e+00
7.357522685282201769e-01 2.000000000000000000e+00
7.549003717454872975e-01 2.000000000000000000e+00
7.607230875081610888e-01 2.000000000000000000e+00
7.689988086783355881e-01 2.000000000000000000e+00
7.763160627114195078e-01 2.000000000000000000e+00
7.914399440718478118e-01 2.000000000000000000e+00
7.946395470786269399e-01 2.000000000000000000e+00
8.040234928531245773e-01 2.000000000000000000e+00
8.236239459056792223e-01 2.000000000000000000e+00
8.410646527671649109e-01 2.000000000000000000e+00
8.638046913093019308e-01 2.000000000000000000e+00
8.792298210417908155e-01 2.000000000000000000e+00
8.999532706864089571e-01 2.000000000000000000e+00
9.161172963951825787e-01 2.000000000000000000e+00
9.202304631459786721e-01 2.000000000000000000e+00
9.382138100903969491e-01 2.000000000000000000e+00
9.433848912744559057e-01 2.000000000000000000e+00
9.661044870490304026e-01 2.000000000000000000e+00
1.012762214963827789e+00 2.000000000000000000e+00
1.022936035916935271e+00 2.000000000000000000e+00
1.030800702782638245e+00 2.000000000000000000e+00
1.055755962049931496e+00 2.000000000000000000e+00
1.062486381959687032e+00 2.000000000000000000e+00
1.077899505119074064e+00 2.000000000000000000e+00
1.081293348092361217e+00 2.000000000000000000e+00
1.105976146510008862e+00 2.000000000000000000e+00
1.113970095801525506e+00 2.000000000000000000e+00
1.152792386217843079e+00 2.000000000000000000e+00
1.159113166507369064e+00 2.000000000000000000e+00
1.162134275968712327e+00 2.000000000000000000e+00
1.205195821331762840e+00 2.000000000000000000e+00
1.225541507050733392e+00 2.000000000000000000e+00
1.233673302958237850e+00 2.000000000000000000e+00
1.250753792038852730e+00 2.000000000000000000e+00
1.258758853394664978e+00 2.000000000000000000e+00
1.277153155241137261e+00 2.000000000000000000e+00
1.283077777838481426e+00 2.000000000000000000e+00
1.304020468515319831e+00 2.000000000000000000e+00
1.334126700945853727e+00 2.000000000000000000e+00
1.359392298734271032e+00 2.000000000000000000e+00
1.375707668733816336e+00 2.000000000000000000e+00
1.383728103324334491e+00 2.000000000000000000e+00
1.411106466258985614e+00 2.000000000000000000e+00
1.443676719480782245e+00 2.000000000000000000e+00
1.447018457986467110e+00 2.000000000000000000e+00
1.475037390063587583e+00 2.000000000000000000e+00
1.490504289398673299e+00 2.000000000000000000e+00
1.522045731037977134e+00 2.000000000000000000e+00
1.525179924204103532e+00 2.000000000000000000e+00
1.551741799487047935e+00 2.000000000000000000e+00
1.559990195441923522e+00 2.000000000000000000e+00
1.583359622280762213e+00 2.000000000000000000e+00
1.592339199488491897e+00 2.000000000000000000e+00
1.609746578547397222e+00 2.000000000000000000e+00
1.651574234675556196e+00 2.000000000000000000e+00
1.679881016136999472e+00 2.000000000000000000e+00
1.689590517495253685e+00 2.000000000000000000e+00
1.717683751010210313e+00 2.000000000000000000e+00
1.766159328205928025e+00 2.000000000000000000e+00
1.780275009682634746e+00 2.000000000000000000e+00
1.818510442318100662e+00 2.000000000000000000e+00
1.830849394040831690e+00 2.000000000000000000e+00
1.862091999910153284e+00 2.000000000000000000e+00
1.886904129633836913e+00 2.000000000000000000e+00
1.895685237711346893e+00 2.000000000000000000e+00
1.912723657655625908e+00 2.000000000000000000e+00
1.928721232967017363e+00 2.000000000000000000e+00
1.978679154061048218e+00 2.000000000000000000e+00
1.994599843301218867e+00 2.000000000000000000e+00
2.069661170618279478e+00 2.000000000000000000e+00
2.088222126956785107e+00 2.000000000000000000e+00
2.108322278080679180e+00 2.000000000000000000e+00
2.156590058690402767e+00 2.000000000000000000e+00
2.167601558825869024e+00 2.000000000000000000e+00
2.176840098328077122e+00 2.000000000000000000e+00
2.212047620928658365e+00 2.000000000000000000e+00
2.282968598072639299e+00 2.000000000000000000e+00
2.305186760272570634e+00 2.000000000000000000e+00
2.310750071743908229e+00 2.000000000000000000e+00
2.365808493363172893e+00 2.000000000000000000e+00
2.390933530185948008e+00 2.000000000000000000e+00
2.406915909678656540e+00 2.000000000000000000e+00
2.535157393785741675e+00 2.000000000000000000e+00
2.598617486061723270e+00 2.000000000000000000e+00
2.632334687214187063e+00 2.000000000000000000e+00
2.670027997209165171e+00 2.000000000000000000e+00
2.709408111050917611e+00 2.000000000000000000e+00
2.723890589648316762e+00 2.000000000000000000e+00
2.766559985808959787e+00 2.000000000000000000e+00
2.790843287094276981e+00 2.000000000000000000e+00
2.870119687838482925e+00 2.000000000000000000e+00
3.072394234427876292e+00 2.000000000000000000e+00
3.184439741709822247e+00 2.000000000000000000e+00
3.250695580149264963e+00 2.000000000000000000e+00
3.295227798010144760e+00 2.000000000000000000e+00
3.342214183842128872e+00 2.000000000000000000e+00
3.570218346747603633e+00 2.000000000000000000e+00
3.813364929445623108e+00 2.000000000000000000e+00
4.051360982716381898e+00 2.000000000000000000e+00
-3.017614588010682830e+00 1.000000000000000000e+00
-2.855931898691840498e+00 1.000000000000000000e+00
-2.680809108208543012e+00 1.000000000000000000e+00
-2.558059956948865565e+00 1.000000000000000000e+00
-2.511866752115639478e+00 1.000000000000000000e+00
-2.413712207594075565e+00 1.000000000000000000e+00
-2.384434018034411018e+00 1.000000000000000000e+00
-2.223666090152659258e+00 1.000000000000000000e+00
-2.217360516720671360e+00 1.000000000000000000e+00
-2.142481930013120373e+00 1.000000000000000000e+00
-2.113253061510733222e+00 1.000000000000000000e+00
-2.060122363060199469e+00 1.000000000000000000e+00
-2.049829219365804533e+00 1.000000000000000000e+00
-1.951149260674879260e+00 1.000000000000000000e+00
-1.934709345944774839e+00 1.000000000000000000e+00
-1.849374550587907340e+00 1.000000000000000000e+00
-1.828468799470965189e+00 1.000000000000000000e+00
-1.826558814696415567e+00 1.000000000000000000e+00
-1.793829005919388209e+00 1.000000000000000000e+00
-1.761915422437634104e+00 1.000000000000000000e+00
-1.750272006941286707e+00 1.000000000000000000e+00
-1.699898023984785178e+00 1.000000000000000000e+00
-1.677166335544101328e+00 1.000000000000000000e+00
-1.624908902678098732e+00 1.000000000000000000e+00
-1.601164260116435090e+00 1.000000000000000000e+00
-1.588231007781379711e+00 1.000000000000000000e+00
-1.560396109548108923e+00 1.000000000000000000e+00
-1.546875386907925698e+00 1.000000000000000000e+00
-1.495658668563073057e+00 1.000000000000000000e+00
-1.480627553262993112e+00 1.000000000000000000e+00
-1.444727565035474282e+00 1.000000000000000000e+00
-1.403379865811114513e+00 1.000000000000000000e+00
-1.379818117349142836e+00 1.000000000000000000e+00
-1.369100496678904433e+00 1.000000000000000000e+00
-1.343393174520597810e+00 1.000000000000000000e+00
-1.309042619750197423e+00 1.000000000000000000e+00
-1.304947251649793083e+00 1.000000000000000000e+00
-1.267900414374645734e+00 1.000000000000000000e+00
-1.245182556996294654e+00 1.000000000000000000e+00
-1.234510984629137109e+00 1.000000000000000000e+00
-1.216209181374438009e+00 1.000000000000000000e+00
-1.208783656625724179e+00 1.000000000000000000e+00
-1.204228376358039032e+00 1.000000000000000000e+00
-1.168378213881643868e+00 1.000000000000000000e+00
-1.154913047063420795e+00 1.000000000000000000e+00
-1.116933686936504078e+00 1.000000000000000000e+00
-1.109151689510496031e+00 1.000000000000000000e+00
-1.095469152955668823e+00 1.000000000000000000e+00
-1.059392744163508038e+00 1.000000000000000000e+00
-1.018528444566937363e+00 1.000000000000000000e+00
-1.012155300395997992e+00 1.000000000000000000e+00
-9.835566261817940692e-01 1.000000000000000000e+00
-9.719787687164410661e-01 1.000000000000000000e+00
-9.589818432032622963e-01 1.000000000000000000e+00
-9.468362359393761585e-01 1.000000000000000000e+00
-9.196414332811996273e-01 1.000000000000000000e+00
-9.128620479914251185e-01 1.000000000000000000e+00
-8.856687079029600396e-01 1.000000000000000000e+00
-8.796163137229646711e-01 1.000000000000000000e+00
-8.585667241175946041e-01 1.000000000000000000e+00
-8.440946029447138343e-01 1.000000000000000000e+00
-8.236827394946238945e-01 1.000000000000000000e+00
-7.968054853238619728e-01 1.000000000000000000e+00
-7.902627109086726165e-01 1.000000000000000000e+00
-7.750046104352377174e-01 1.000000000000000000e+00
-7.597955515058464337e-01 1.000000000000000000e+00
-7.390723301662311950e-01 1.000000000000000000e+00
-7.222435714242881888e-01 1.000000000000000000e+00
-7.094410524922639683e-01 1.000000000000000000e+00
-7.007337302688891878e-01 1.000000000000000000e+00
-6.737483479031868283e-01 1.000000000000000000e+00
-6.734748340752810813e-01 1.000000000000000000e+00
-6.416693690335920630e-01 1.000000000000000000e+00
-6.209244983964227194e-01 1.000000000000000000e+00
-6.118471047722510159e-01 1.000000000000000000e+00
-5.834142364024824667e-01 1.000000000000000000e+00
-5.830857119885699547e-01 1.000000000000000000e+00
-5.746660003530035254e-01 1.000000000000000000e+00
-5.561124044766284635e-01 1.000000000000000000e+00
-5.446573342169663823e-01 1.000000000000000000e+00
-5.229631784035071451e-01 1.000000000000000000e+00
-5.057792126710739522e-01 1.000000000000000000e+00
-4.858286455108071777e-01 1.000000000000000000e+00
-4.648393188144298027e-01 1.000000000000000000e+00
-4.578645711887724956e-01 1.000000000000000000e+00
-4.244885635109780786e-01 1.000000000000000000e+00
-4.179692221346453240e-01 1.000000000000000000e+00
-4.015159111943861214e-01 1.000000000000000000e+00
-3.892510699257512585e-01 1.000000000000000000e+00
-3.772205597900176177e-01 1.000000000000000000e+00
-3.517790999115060768e-01 1.000000000000000000e+00
-3.395452960869788650e-01 1.000000000000000000e+00
-3.225009848754651354e-01 1.000000000000000000e+00
-3.121300919461555967e-01 1.000000000000000000e+00
-2.924434240244406791e-01 1.000000000000000000e+00
-2.853040803457832508e-01 1.000000000000000000e+00
-2.642580296831951725e-01 1.000000000000000000e+00
-2.557475541702992627e-01 1.000000000000000000e+00
-2.428844219251090064e-01 1.000000000000000000e+00
-2.292001056425723715e-01 1.000000000000000000e+00
-2.122937906031582278e-01 1.000000000000000000e+00
-2.053077997200375704e-01 1.000000000000000000e+00
-1.910261459537037076e-01 1.000000000000000000e+00
-1.735742770084909015e-01 1.000000000000000000e+00
-1.622175486306601244e-01 1.000000000000000000e+00
-1.562413049898975781e-01 1.000000000000000000e+00
-1.439644925218065974e-01 1.000000000000000000e+00
-1.389264702628809356e-01 1.000000000000000000e+00
-1.273969808085295419e-01 1.000000000000000000e+00
-1.132199854460980287e-01 1.000000000000000000e+00
-1.046790537104459184e-01 1.000000000000000000e+00
-7.777927237586010345e-02 1.000000000000000000e+00
-7.156315994628731358e-02 1.000000000000000000e+00
-4.746584116073881976e-02 1.000000000000000000e+00
-4.072256323162389696e-02 1.000000000000000000e+00
-1.399958051019888246e-02 1.000000000000000000e+00
1.314237681071405437e-03 1.000000000000000000e+00
1.230144887229272371e-02 1.000000000000000000e+00
1.906983626745309066e-02 1.000000000000000000e+00
2.041381184744698457e-02 1.000000000000000000e+00
3.915454199594985835e-02 1.000000000000000000e+00
4.947658663718695199e-02 1.000000000000000000e+00
5.215879821109867948e-02 1.000000000000000000e+00
7.225508776505769337e-02 1.000000000000000000e+00
9.561170716461860064e-02 1.000000000000000000e+00
1.100386067132836931e-01 1.000000000000000000e+00
1.244958340596673402e-01 1.000000000000000000e+00
1.378914645684279072e-01 1.000000000000000000e+00
1.480693273131431786e-01 1.000000000000000000e+00
1.560979984428325362e-01 1.000000000000000000e+00
1.670619106114017427e-01 1.000000000000000000e+00
1.841877901684076668e-01 1.000000000000000000e+00
2.001124290250910209e-01 1.000000000000000000e+00
2.042270530666961126e-01 1.000000000000000000e+00
2.259209186741395203e-01 1.000000000000000000e+00
2.361381990395488573e-01 1.000000000000000000e+00
2.527131436708731083e-01 1.000000000000000000e+00
2.637864480720331639e-01 1.000000000000000000e+00
2.812026493674814054e-01 1.000000000000000000e+00
2.996174279351357383e-01 1.000000000000000000e+00
3.120385952661323126e-01 1.000000000000000000e+00
3.167519605442156161e-01 1.000000000000000000e+00
3.320327080735672176e-01 1.000000000000000000e+00
3.503642008799526808e-01 1.000000000000000000e+00
3.670737981471011158e-01 1.000000000000000000e+00
3.869580935903792485e-01 1.000000000000000000e+00
4.003657744600640500e-01 1.000000000000000000e+00
4.105693720106808886e-01 1.000000000000000000e+00
4.260793395905652092e-01 1.000000000000000000e+00
4.328489105381272961e-01 1.000000000000000000e+00
4.408302954926902606e-01 1.000000000000000000e+00
4.611260760548273607e-01 1.000000000000000000e+00
4.831283593909222462e-01 1.000000000000000000e+00
4.955432195968941245e-01 1.000000000000000000e+00
5.056688605883991050e-01 1.000000000000000000e+00
5.214194975358581452e-01 1.000000000000000000e+00
5.282763560422412130e-01 1.000000000000000000e+00
5.437458320316641558e-01 1.000000000000000000e+00
5.645735151059196877e-01 1.000000000000000000e+00
5.730084639671069180e-01 1.000000000000000000e+00
5.899901507124670763e-01 1.000000000000000000e+00
5.992185895238080207e-01 1.000000000000000000e+00
6.032597361096705413e-01 1.000000000000000000e+00
6.088511127880965601e-01 1.000000000000000000e+00
6.148792521281551959e-01 1.000000000000000000e+00
6.419327489821357036e-01 1.000000000000000000e+00
6.509454236537161043e-01 1.000000000000000000e+00
6.806851815302032982e-01 1.000000000000000000e+00
6.920867268007979689e-01 1.000000000000000000e+00
7.011030950482284307e-01 1.000000000000000000e+00
7.128333046967628706e-01 1.000000000000000000e+00
7.359001088380625610e-01 1.000000000000000000e+00
7.574858570705483851e-01 1.000000000000000000e+00
7.642756551752615257e-01 1.000000000000000000e+00
7.676294206527406461e-01 1.000000000000000000e+00
7.970836677418352556e-01 1.000000000000000000e+00
8.254237144747859078e-01 1.000000000000000000e+00
8.405210276545922454e-01 1.000000000000000000e+00
8.441620227310759894e-01 1.000000000000000000e+00
8.663601963183970023e-01 1.000000000000000000e+00
8.738878697928719186e-01 1.000000000000000000e+00
8.861784364497844457e-01 1.000000000000000000e+00
8.957802294161708589e-01 1.000000000000000000e+00
9.133427290392064357e-01 1.000000000000000000e+00
9.249303098654413358e-01 1.000000000000000000e+00
9.355581023817569619e-01 1.000000000000000000e+00
9.506962256284076096e-01 1.000000000000000000e+00
9.631715926248807236e-01 1.000000000000000000e+00
9.774913432208754971e-01 1.000000000000000000e+00
9.824927142320446505e-01 1.000000000000000000e+00
1.011194765124252992e+00 1.000000000000000000e+00
1.027546107307184986e+00 1.000000000000000000e+00
1.036855634725826869e+00 1.000000000000000000e+00
1.050570438822641561e+00 1.000000000000000000e+00
1.055953773815329733e+00 1.000000000000000000e+00
1.064811609075982934e+00 1.000000000000000000e+00
1.071813628963684151e+00 1.000000000000000000e+00
1.087469720388751337e+00 1.000000000000000000e+00
1.113149584423114957e+00 1.000000000000000000e+00
1.125822528724129024e+00 1.000000000000000000e+00
1.132266500490427319e+00 1.000000000000000000e+00
1.155098731243697552e+00 1.000000000000000000e+00
1.173603211813967873e+00 1.000000000000000000e+00
1.192920122124013771e+00 1.000000000000000000e+00
1.207039317583261662e+00 1.000000000000000000e+00
1.216057717411477279e+00 1.000000000000000000e+00
1.228864611933570883e+00 1.000000000000000000e+00
1.267884036730226871e+00 1.000000000000000000e+00
1.273806539982470065e+00 1.000000000000000000e+00
1.290977456203464158e+00 1.000000000000000000e+00
1.297842929885378860e+00 1.000000000000000000e+00
1.320169575766805048e+00 1.000000000000000000e+00
1.329026452986971973e+00 1.000000000000000000e+00
1.357009442770834573e+00 1.000000000000000000e+00
1.364335802390271413e+00 1.000000000000000000e+00
1.373539460094918896e+00 1.000000000000000000e+00
1.388641751023471871e+00 1.000000000000000000e+00
1.423629418595902862e+00 1.000000000000000000e+00
1.432608140545602815e+00 1.000000000000000000e+00
1.457944363403996801e+00 1.000000000000000000e+00
1.485927793649461037e+00 1.000000000000000000e+00
1.504836043627367337e+00 1.000000000000000000e+00
1.514878330704797049e+00 1.000000000000000000e+00
1.529754205961383118e+00 1.000000000000000000e+00
1.539222319343391154e+00 1.000000000000000000e+00
1.558602909952882198e+00 1.000000000000000000e+00
1.563881844056533188e+00 1.000000000000000000e+00
1.584384682446133619e+00 1.000000000000000000e+00
1.590696480093846787e+00 1.000000000000000000e+00
1.600026318384750512e+00 1.000000000000000000e+00
1.638011159674378936e+00 1.000000000000000000e+00
1.650826509218408900e+00 1.000000000000000000e+00
1.685605848326885869e+00 1.000000000000000000e+00
1.690891727185029225e+00 1.000000000000000000e+00
1.751083220257778406e+00 1.000000000000000000e+00
1.765833872946559691e+00 1.000000000000000000e+00
1.782812528629521776e+00 1.000000000000000000e+00
1.788793153508946743e+00 1.000000000000000000e+00
1.806382802613033078e+00 1.000000000000000000e+00
1.818401651048194845e+00 1.000000000000000000e+00
1.826132909965206386e+00 1.000000000000000000e+00
1.857569887319528990e+00 1.000000000000000000e+00
1.873596635060326809e+00 1.000000000000000000e+00
1.902701309981121192e+00 1.000000000000000000e+00
1.921919742559373701e+00 1.000000000000000000e+00
1.952080169157528466e+00 1.000000000000000000e+00
1.974297104261961033e+00 1.000000000000000000e+00
2.015081645657613496e+00 1.000000000000000000e+00
2.032534830407958015e+00 1.000000000000000000e+00
2.055375484994628188e+00 1.000000000000000000e+00
2.069836035297555110e+00 1.000000000000000000e+00
2.079711496294827544e+00 1.000000000000000000e+00
2.117493542676670781e+00 1.000000000000000000e+00
2.144200857526647575e+00 1.000000000000000000e+00
2.180055795853419465e+00 1.000000000000000000e+00
2.204970442831645894e+00 1.000000000000000000e+00
2.231954825127020481e+00 1.000000000000000000e+00
2.244187755521543259e+00 1.000000000000000000e+00
2.254138558685199634e+00 1.000000000000000000e+00
2.285053613988238919e+00 1.000000000000000000e+00
2.315722354776795999e+00 1.000000000000000000e+00
2.353049230075402232e+00 1.000000000000000000e+00
2.372934078438177607e+00 1.000000000000000000e+00
2.394351726129974711e+00 1.000000000000000000e+00
2.415350214493668268e+00 1.000000000000000000e+00
2.435539103207661427e+00 1.000000000000000000e+00
2.494985556489559997e+00 1.000000000000000000e+00
2.525129807452679565e+00 1.000000000000000000e+00
2.526835606405486878e+00 1.000000000000000000e+00
2.568183109635860273e+00 1.000000000000000000e+00
2.580780437280074668e+00 1.000000000000000000e+00
2.629479998282683528e+00 1.000000000000000000e+00
2.670880035729629842e+00 1.000000000000000000e+00
2.692792886606403702e+00 1.000000000000000000e+00
2.721595703473086658e+00 1.000000000000000000e+00
2.794956861958659555e+00 1.000000000000000000e+00
2.816915993229003323e+00 1.000000000000000000e+00
2.850117642812789231e+00 1.000000000000000000e+00
2.865968267324319196e+00 1.000000000000000000e+00
2.903412384799587187e+00 1.000000000000000000e+00
2.949270666892481074e+00 1.000000000000000000e+00
3.063140068940404692e+00 1.000000000000000000e+00
3.074255140923258800e+00 1.000000000000000000e+00
3.147448614624650531e+00 1.000000000000000000e+00
3.158815003215632800e+00 1.000000000000000000e+00
3.215789300811125351e+00 1.000000000000000000e+00
3.264343207211386488e+00 1.000000000000000000e+00
3.413100123104193973e+00 1.000000000000000000e+00
3.475085090955221112e+00 1.000000000000000000e+00
3.508473218447706543e+00 1.000000000000000000e+00
3.597790083769774938e+00 1.000000000000000000e+00
3.685925666634117803e+00 1.000000000000000000e+00
3.837239074171103326e+00 1.000000000000000000e+00
3.862039284874709377e+00 1.000000000000000000e+00
4.174526127350777216e+00 1.000000000000000000e+00
4.331691630389782333e+00 1.000000000000000000e+00
4.888838490964425354e+00 1.000000000000000000e+00
-2.860048273488432713e+00 0.000000000000000000e+00
-2.517825581088626308e+00 0.000000000000000000e+00
-2.397449402463162293e+00 0.000000000000000000e+00
-2.116314513013633825e+00 0.000000000000000000e+00
-2.061040159276133377e+00 0.000000000000000000e+00
-1.893110346006561029e+00 0.000000000000000000e+00
-1.846978556224601276e+00 0.000000000000000000e+00
-1.824345192604131638e+00 0.000000000000000000e+00
-1.763462830435016171e+00 0.000000000000000000e+00
-1.620085801527241465e+00 0.000000000000000000e+00
-1.561586024419576280e+00 0.000000000000000000e+00
-1.534968548927726495e+00 0.000000000000000000e+00
-1.480028767076456031e+00 0.000000000000000000e+00
-1.322997344922290486e+00 0.000000000000000000e+00
-1.244163546729243786e+00 0.000000000000000000e+00
-1.242629355776446509e+00 0.000000000000000000e+00
-1.218586757863991732e+00 0.000000000000000000e+00
-1.150601567067554232e+00 0.000000000000000000e+00
-1.122289881099562070e+00 0.000000000000000000e+00
-1.092383564521042461e+00 0.000000000000000000e+00
-1.047153007466394836e+00 0.000000000000000000e+00
-1.014142175951669556e+00 0.000000000000000000e+00
-9.727842729538627164e-01 0.000000000000000000e+00
-9.460163398401939538e-01 0.000000000000000000e+00
-8.602524671811587753e-01 0.000000000000000000e+00
-7.699657320237527358e-01 0.000000000000000000e+00
-7.201698264130262928e-01 0.000000000000000000e+00
-6.975818248656944220e-01 0.000000000000000000e+00
-6.426585473510737501e-01 0.000000000000000000e+00
-6.140697828602643682e-01 0.000000000000000000e+00
-5.951204471977186161e-01 0.000000000000000000e+00
-5.333024680791522698e-01 0.000000000000000000e+00
-5.300590170184729111e-01 0.000000000000000000e+00
-4.986227104693439771e-01 0.000000000000000000e+00
-4.474947373132669992e-01 0.000000000000000000e+00
-4.235100042409177257e-01 0.000000000000000000e+00
-4.133040191853592504e-01 0.000000000000000000e+00
-3.569217554750885868e-01 0.000000000000000000e+00
-3.228613304974563558e-01 0.000000000000000000e+00
-2.572156779934113846e-01 0.000000000000000000e+00
-2.238367753075122257e-01 0.000000000000000000e+00
-1.979087803044661253e-01 0.000000000000000000e+00
-1.523657227083048127e-01 0.000000000000000000e+00
-1.297083895880970228e-01 0.000000000000000000e+00
-1.032993959394682831e-01 0.000000000000000000e+00
-7.732332711346719123e-02 0.000000000000000000e+00
-2.944892166839407563e-02 0.000000000000000000e+00
-2.176603784554054233e-02 0.000000000000000000e+00
1.410404259876562282e-02 0.000000000000000000e+00
3.305413459949784610e-02 0.000000000000000000e+00
7.041282672309819024e-02 0.000000000000000000e+00
8.638739926271116198e-02 0.000000000000000000e+00
1.361694814936935671e-01 0.000000000000000000e+00
1.917184549566913476e-01 0.000000000000000000e+00
2.137605898364206558e-01 0.000000000000000000e+00
2.324199614372992606e-01 0.000000000000000000e+00
2.400294105539491074e-01 0.000000000000000000e+00
2.862227395770979843e-01 0.000000000000000000e+00
3.163415664452029485e-01 0.000000000000000000e+00
3.432537444702835061e-01 0.000000000000000000e+00
4.119238259008530245e-01 0.000000000000000000e+00
4.376015042836707836e-01 0.000000000000000000e+00
4.495043719540755545e-01 0.000000000000000000e+00
4.935590444973096402e-01 0.000000000000000000e+00
5.082024592469868152e-01 0.000000000000000000e+00
5.694673025053270665e-01 0.000000000000000000e+00
6.189694348635725873e-01 0.000000000000000000e+00
6.500742246187239948e-01 0.000000000000000000e+00
6.886317077839481104e-01 0.000000000000000000e+00
7.042074049849331718e-01 0.000000000000000000e+00
7.204661694181684339e-01 0.000000000000000000e+00
7.301519932951762160e-01 0.000000000000000000e+00
7.598422378500288010e-01 0.000000000000000000e+00
7.948540507524761711e-01 0.000000000000000000e+00
8.615315251987937240e-01 0.000000000000000000e+00
8.688911920718729309e-01 0.000000000000000000e+00
9.136674764854217923e-01 0.000000000000000000e+00
9.310230524580195288e-01 0.000000000000000000e+00
9.681049116522753017e-01 0.000000000000000000e+00
9.898510362195810375e-01 0.000000000000000000e+00
1.028559150192238869e+00 0.000000000000000000e+00
1.063799598964464854e+00 0.000000000000000000e+00
1.073230903553576754e+00 0.000000000000000000e+00
1.084072987153023471e+00 0.000000000000000000e+00
1.160674594802131310e+00 0.000000000000000000e+00
1.177673509523311957e+00 0.000000000000000000e+00
1.219912415600609590e+00 0.000000000000000000e+00
1.242105864068838272e+00 0.000000000000000000e+00
1.288146655752520742e+00 0.000000000000000000e+00
1.303340072937887895e+00 0.000000000000000000e+00
1.344249084708617703e+00 0.000000000000000000e+00
1.356974980482292370e+00 0.000000000000000000e+00
1.363411832012307423e+00 0.000000000000000000e+00
1.476793595401235892e+00 0.000000000000000000e+00
1.487513431487128335e+00 0.000000000000000000e+00
1.533394123668509135e+00 0.000000000000000000e+00
1.553359119653056730e+00 0.000000000000000000e+00
1.618095808120982637e+00 0.000000000000000000e+00
1.637843951026687783e+00 0.000000000000000000e+00
1.690647810553378871e+00 0.000000000000000000e+00
1.732506368320085643e+00 0.000000000000000000e+00
1.741079633088876255e+00 0.000000000000000000e+00
1.783067947522508190e+00 0.000000000000000000e+00
1.820421921171569535e+00 0.000000000000000000e+00
1.880926290983550908e+00 0.000000000000000000e+00
1.938631647819429649e+00 0.000000000000000000e+00
1.953300200386283159e+00 0.000000000000000000e+00
2.048451644867944843e+00 0.000000000000000000e+00
2.074649485403025295e+00 0.000000000000000000e+00
2.117031605847038644e+00 0.000000000000000000e+00
2.190424052059150029e+00 0.000000000000000000e+00
2.206441222191339424e+00 0.000000000000000000e+00
2.248765212197079144e+00 0.000000000000000000e+00
2.289835312046449189e+00 0.000000000000000000e+00
2.394416726200597090e+00 0.000000000000000000e+00
2.480410036966609333e+00 0.000000000000000000e+00
2.513902963108782807e+00 0.000000000000000000e+00
2.570530570760036326e+00 0.000000000000000000e+00
2.674109938930213204e+00 0.000000000000000000e+00
2.714156772542532625e+00 0.000000000000000000e+00
2.798867822632078894e+00 0.000000000000000000e+00
2.804919798622742100e+00 0.000000000000000000e+00
2.968842449926411664e+00 0.000000000000000000e+00
3.045998065217899953e+00 0.000000000000000000e+00
3.138914896754934070e+00 0.000000000000000000e+00
3.330031830146032767e+00 0.000000000000000000e+00
3.539644255371277026e+00 0.000000000000000000e+00
3.625038666259518649e+00 0.000000000000000000e+00
3.774793228448753535e+00 0.000000000000000000e+00
4.034583836758682374e+00 0.000000000000000000e+00
4.333168283558482159e+00 0.000000000000000000e+00
4.763698055615474658e+00 0.000000000000000000e+00
