# Runtime: 8.955004215240479
-7.500000000000003331e-01 3.000000000000000000e+00
-1.438039489144258054e+00 2.000000000000000000e+00
-5.475939721060433252e-01 2.000000000000000000e+00
4.759397210604346395e-02 2.000000000000000000e+00
2.500000000000000000e-01 2.000000000000000000e+00
9.380394891442584981e-01 2.000000000000000000e+00
-1.533844687026761466e+00 1.000000000000000000e+00
-1.006364641945866945e+00 1.000000000000000000e+00
-3.044222251287008740e-01 1.000000000000000000e+00
-1.462160879534284419e-01 1.000000000000000000e+00
3.187075612062004737e-01 1.000000000000000000e+00
5.376878797576056801e-01 1.000000000000000000e+00
1.083940435742041020e+00 1.000000000000000000e+00
1.462239849389979529e+00 1.000000000000000000e+00
1.838271915958932912e+00 1.000000000000000000e+00
-1.034580380008563338e+00 0.000000000000000000e+00
-2.221938222121050688e-01 0.000000000000000000e+00
2.499999999999998335e-01 0.000000000000000000e+00
8.138368446659942634e-01 0.000000000000000000e+00
2.442937357554675781e+00 0.000000000000000000e+00
