# Runtime: 10.89634108543396
-1.250000000000000444e+00 4.000000000000000000e+00
-1.937811512543655246e+00 3.000000000000000000e+00
-1.156411069527610858e+00 3.000000000000000000e+00
-8.240541452490113272e-01 3.000000000000000000e+00
-4.222259848956800843e-01 3.000000000000000000e+00
-2.499999999999998612e-01 3.000000000000000000e+00
2.304652147766222958e-01 3.000000000000000000e+00
6.100374974393339977e-01 3.000000000000000000e+00
-2.029111710593971551e+00 2.000000000000000000e+00
-1.767791537496930854e+00 2.000000000000000000e+00
-1.305688979344614697e+00 2.000000000000000000e+00
-1.052998212402719957e+00 2.000000000000000000e+00
-7.601918794209504560e-01 2.000000000000000000e+00
-7.437952373140426232e-01 2.000000000000000000e+00
-4.540307211002471699e-01 2.000000000000000000e+00
-2.966607324545463276e-01 2.000000000000000000e+00
-2.500000000000003886e-01 2.000000000000000000e+00
-1.342700321700911192e-01 2.000000000000000000e+00
-9.660680297594858093e-03 2.000000000000000000e+00
1.801876667471135340e-01 2.000000000000000000e+00
3.940934577421786877e-01 2.000000000000000000e+00
5.922043732862988241e-01 2.000000000000000000e+00
7.916641537606874390e-01 2.000000000000000000e+00
9.165022755023902734e-01 2.000000000000000000e+00
1.130072744785906247e+00 2.000000000000000000e+00
1.310754764210588563e+00 2.000000000000000000e+00
1.518335151395089566e+00 2.000000000000000000e+00
1.970385135165460211e+00 2.000000000000000000e+00
-1.816613888437515367e+00 1.000000000000000000e+00
-1.564837333469346836e+00 1.000000000000000000e+00
-1.357291981877902565e+00 1.000000000000000000e+00
-1.179132258918259346e+00 1.000000000000000000e+00
-9.355811951777783797e-01 1.000000000000000000e+00
-8.108711282669913700e-01 1.000000000000000000e+00
-6.897683961117641038e-01 1.000000000000000000e+00
-4.364077837779877234e-01 1.000000000000000000e+00
-3.649945022051747645e-01 1.000000000000000000e+00
-1.602077646178303727e-01 1.000000000000000000e+00
-1.179496914806233698e-01 1.000000000000000000e+00
-1.026543391944759707e-02 1.000000000000000000e+00
9.254578171358152083e-02 1.000000000000000000e+00
2.509900908058098623e-01 1.000000000000000000e+00
3.459406731365924914e-01 1.000000000000000000e+00
5.324662723922241048e-01 1.000000000000000000e+00
5.740381224801519577e-01 1.000000000000000000e+00
7.250143466277038096e-01 1.000000000000000000e+00
8.323065756736689469e-01 1.000000000000000000e+00
1.016350484454983771e+00 1.000000000000000000e+00
1.054858458363237661e+00 1.000000000000000000e+00
1.340886156749780511e+00 1.000000000000000000e+00
1.551364014712677708e+00 1.000000000000000000e+00
1.783096905016774869e+00 1.000000000000000000e+00
1.859399684377881501e+00 1.000000000000000000e+00
2.224979443504959686e+00 1.000000000000000000e+00
2.401685635785823170e+00 1.000000000000000000e+00
2.857998712464783431e+00 1.000000000000000000e+00
-1.569721540864390530e+00 0.000000000000000000e+00
-1.241809544152858713e+00 0.000000000000000000e+00
-7.836007751100999563e-01 0.000000000000000000e+00
-4.439755468924085902e-01 0.000000000000000000e+00
1.369652499177768197e-03 0.000000000000000000e+00
1.235610947623759504e-01 0.000000000000000000e+00
3.487376991215577204e-01 0.000000000000000000e+00
6.590372686166139360e-01 0.000000000000000000e+00
8.773335979164096354e-01 0.000000000000000000e+00
1.058268052370380241e+00 0.000000000000000000e+00
1.425011676407155425e+00 0.000000000000000000e+00
1.640402047031557009e+00 0.000000000000000000e+00
2.083743135559385173e+00 0.000000000000000000e+00
3.321643182735150468e+00 0.000000000000000000e+00
