# Runtime: 6.715474367141724
-5.000000000000002220e-01 2.500000000000000000e+00
-1.189939061692107503e+00 1.500000000000000000e+00
-1.456834451177841661e-01 1.500000000000000000e+00
3.755120719748967772e-01 1.500000000000000000e+00
9.601104348349950302e-01 1.500000000000000000e+00
-1.292824041358825005e+00 5.000000000000000000e-01
-3.980112972691559059e-01 5.000000000000000000e-01
4.308591921704520433e-01 5.000000000000000000e-01
9.185667921061280161e-01 5.000000000000000000e-01
1.841409354351400962e+00 5.000000000000000000e-01
