# Runtime: 13.870445728302002
-1.750000000000000666e+00 5.000000000000000000e+00
-2.437808866582490630e+00 4.000000000000000000e+00
-1.694965155093558717e+00 4.000000000000000000e+00
-1.503892168474901592e+00 4.000000000000000000e+00
-1.192622999520890348e+00 4.000000000000000000e+00
-9.059213267370791467e-01 4.000000000000000000e+00
-7.500000000000004441e-01 4.000000000000000000e+00
-3.838887163343625009e-01 4.000000000000000000e+00
-5.221681252852586330e-02 4.000000000000000000e+00
1.713160452718058002e-01 4.000000000000000000e+00
-2.528275868923132386e+00 3.000000000000000000e+00
-2.349666194360997995e+00 3.000000000000000000e+00
-2.085108170297472086e+00 3.000000000000000000e+00
-1.709313881857547734e+00 3.000000000000000000e+00
-1.635346243262247423e+00 3.000000000000000000e+00
-1.460225777861703822e+00 3.000000000000000000e+00
-1.295433425802305250e+00 3.000000000000000000e+00
-1.265340905880093958e+00 3.000000000000000000e+00
-1.129889405444084893e+00 3.000000000000000000e+00
-1.039167727012216380e+00 3.000000000000000000e+00
-9.165529820862728938e-01 3.000000000000000000e+00
-8.442995863394964218e-01 3.000000000000000000e+00
-8.268792132858806543e-01 3.000000000000000000e+00
-6.908360343229714706e-01 3.000000000000000000e+00
-6.466042657323358700e-01 3.000000000000000000e+00
-5.722200912311073973e-01 3.000000000000000000e+00
-4.898360512008183565e-01 3.000000000000000000e+00
-4.239000236868277205e-01 3.000000000000000000e+00
-3.068066604208988801e-01 3.000000000000000000e+00
-2.270502266847719552e-01 3.000000000000000000e+00
-3.001269813707773543e-02 3.000000000000000000e+00
3.253267349718645673e-02 3.000000000000000000e+00
1.004399029057384818e-01 3.000000000000000000e+00
2.610225294944326646e-01 3.000000000000000000e+00
3.199665872596571536e-01 3.000000000000000000e+00
3.760847583424878349e-01 3.000000000000000000e+00
5.168383835191777687e-01 3.000000000000000000e+00
5.567301245458690095e-01 3.000000000000000000e+00
7.112465530894889199e-01 3.000000000000000000e+00
8.588636029514417070e-01 3.000000000000000000e+00
9.414005098053180864e-01 3.000000000000000000e+00
1.090061438257877491e+00 3.000000000000000000e+00
1.196307670739252815e+00 3.000000000000000000e+00
1.443958556132408200e+00 3.000000000000000000e+00
1.817312143289919080e+00 3.000000000000000000e+00
-2.414544809804248793e+00 2.000000000000000000e+00
-2.250262146247236306e+00 2.000000000000000000e+00
-2.142651063013683466e+00 2.000000000000000000e+00
-2.010748681639406676e+00 2.000000000000000000e+00
-1.771724773180585411e+00 2.000000000000000000e+00
-1.763146977556445449e+00 2.000000000000000000e+00
-1.589442728010460382e+00 2.000000000000000000e+00
-1.570028212541590529e+00 2.000000000000000000e+00
-1.540986400662258005e+00 2.000000000000000000e+00
-1.413987360192553888e+00 2.000000000000000000e+00
-1.364120427923939172e+00 2.000000000000000000e+00
-1.257524234556406384e+00 2.000000000000000000e+00
-1.161446143589765834e+00 2.000000000000000000e+00
-1.121518856860682645e+00 2.000000000000000000e+00
-1.069103974638941468e+00 2.000000000000000000e+00
-9.957052255910506799e-01 2.000000000000000000e+00
-9.073636842324693808e-01 2.000000000000000000e+00
-7.969878341578997549e-01 2.000000000000000000e+00
-7.753348754907387619e-01 2.000000000000000000e+00
-7.527520569321067834e-01 2.000000000000000000e+00
-7.336067417634943855e-01 2.000000000000000000e+00
-6.914396272654796949e-01 2.000000000000000000e+00
-6.169257608509729485e-01 2.000000000000000000e+00
-5.943562566349986920e-01 2.000000000000000000e+00
-5.296941936056183131e-01 2.000000000000000000e+00
-4.734125844340471012e-01 2.000000000000000000e+00
-4.218360355938389206e-01 2.000000000000000000e+00
-3.900905530182738334e-01 2.000000000000000000e+00
-3.264772324657471136e-01 2.000000000000000000e+00
-2.975036118833572218e-01 2.000000000000000000e+00
-2.623653547735698699e-01 2.000000000000000000e+00
-2.222402206160014049e-01 2.000000000000000000e+00
-1.436641237290030848e-01 2.000000000000000000e+00
-8.134646660306103783e-02 2.000000000000000000e+00
-5.588377773436453005e-02 2.000000000000000000e+00
1.474119771837874467e-02 2.000000000000000000e+00
3.527713370310869845e-02 2.000000000000000000e+00
6.565955572881040925e-02 2.000000000000000000e+00
1.262413836573662296e-01 2.000000000000000000e+00
1.322739354901835418e-01 2.000000000000000000e+00
2.004988217396249106e-01 2.000000000000000000e+00
2.568296397722201752e-01 2.000000000000000000e+00
3.610803763179245562e-01 2.000000000000000000e+00
3.748232455208740932e-01 2.000000000000000000e+00
3.873550802747695032e-01 2.000000000000000000e+00
4.553478908597792252e-01 2.000000000000000000e+00
5.218080830776670176e-01 2.000000000000000000e+00
5.977677403553011137e-01 2.000000000000000000e+00
6.180971777698189840e-01 2.000000000000000000e+00
6.315232246826953943e-01 2.000000000000000000e+00
6.603564276032891645e-01 2.000000000000000000e+00
8.001375954503719967e-01 2.000000000000000000e+00
8.371270202901158752e-01 2.000000000000000000e+00
8.987942482286755963e-01 2.000000000000000000e+00
9.255801806073236104e-01 2.000000000000000000e+00
9.692766655004375620e-01 2.000000000000000000e+00
1.016884737465203470e+00 2.000000000000000000e+00
1.078913642747503232e+00 2.000000000000000000e+00
1.193039117075074929e+00 2.000000000000000000e+00
1.249300069021262338e+00 2.000000000000000000e+00
1.286707969912935789e+00 2.000000000000000000e+00
1.322519601047056792e+00 2.000000000000000000e+00
1.355299946977231995e+00 2.000000000000000000e+00
1.521981968169095811e+00 2.000000000000000000e+00
1.599600017860439261e+00 2.000000000000000000e+00
1.623365518897166293e+00 2.000000000000000000e+00
1.783602862845386827e+00 2.000000000000000000e+00
1.860340653788777665e+00 2.000000000000000000e+00
1.978596192588454761e+00 2.000000000000000000e+00
2.046295101589327814e+00 2.000000000000000000e+00
2.084741052454078591e+00 2.000000000000000000e+00
2.322647802902781500e+00 2.000000000000000000e+00
2.421033177324808161e+00 2.000000000000000000e+00
2.698075580038191035e+00 2.000000000000000000e+00
2.946681370740806383e+00 2.000000000000000000e+00
-2.285235464312350029e+00 1.000000000000000000e+00
-2.133831188488219066e+00 1.000000000000000000e+00
-2.046928352305996679e+00 1.000000000000000000e+00
-1.924019675812193908e+00 1.000000000000000000e+00
-1.812710317274468075e+00 1.000000000000000000e+00
-1.618575429760976458e+00 1.000000000000000000e+00
-1.616241733266635006e+00 1.000000000000000000e+00
-1.497325909245108111e+00 1.000000000000000000e+00
-1.477472665923607043e+00 1.000000000000000000e+00
-1.364805172998611926e+00 1.000000000000000000e+00
-1.265440943469523072e+00 1.000000000000000000e+00
-1.237424953821679718e+00 1.000000000000000000e+00
-1.194585757131164216e+00 1.000000000000000000e+00
-1.010682722254202748e+00 1.000000000000000000e+00
-1.003965969326077401e+00 1.000000000000000000e+00
-8.728991960115457527e-01 1.000000000000000000e+00
-8.297686732192647296e-01 1.000000000000000000e+00
-8.119118098993738375e-01 1.000000000000000000e+00
-7.527562262098428381e-01 1.000000000000000000e+00
-6.602178846039717941e-01 1.000000000000000000e+00
-5.952538449833170153e-01 1.000000000000000000e+00
-5.683805358188255274e-01 1.000000000000000000e+00
-5.216970201535526819e-01 1.000000000000000000e+00
-5.071642841335118890e-01 1.000000000000000000e+00
-4.730269938282119502e-01 1.000000000000000000e+00
-4.363208102172203007e-01 1.000000000000000000e+00
-4.135792893088372502e-01 1.000000000000000000e+00
-3.521032510475399779e-01 1.000000000000000000e+00
-3.061887691495890351e-01 1.000000000000000000e+00
-2.837108012489460429e-01 1.000000000000000000e+00
-2.641526697539412494e-01 1.000000000000000000e+00
-1.547389904102811631e-01 1.000000000000000000e+00
-1.340768327029812079e-01 1.000000000000000000e+00
-1.186559913480010192e-01 1.000000000000000000e+00
-3.508228603212289881e-02 1.000000000000000000e+00
7.245484947332389569e-03 1.000000000000000000e+00
2.430291035036005742e-02 1.000000000000000000e+00
4.010164545584510298e-02 1.000000000000000000e+00
7.299667642279351887e-02 1.000000000000000000e+00
1.405941152483025647e-01 1.000000000000000000e+00
2.152184936924652903e-01 1.000000000000000000e+00
2.313015795041960532e-01 1.000000000000000000e+00
2.838190825889225777e-01 1.000000000000000000e+00
3.060705301270627565e-01 1.000000000000000000e+00
3.305935564599346566e-01 1.000000000000000000e+00
3.504970442902808347e-01 1.000000000000000000e+00
4.421449629084497346e-01 1.000000000000000000e+00
4.561968129521823956e-01 1.000000000000000000e+00
4.761072473964975127e-01 1.000000000000000000e+00
5.271836739012349948e-01 1.000000000000000000e+00
6.148782509457221268e-01 1.000000000000000000e+00
6.288392567618554807e-01 1.000000000000000000e+00
6.934311161722725991e-01 1.000000000000000000e+00
7.075503441907312618e-01 1.000000000000000000e+00
7.315028891691921498e-01 1.000000000000000000e+00
7.524973888136891054e-01 1.000000000000000000e+00
8.489399498973796421e-01 1.000000000000000000e+00
8.783840643629285960e-01 1.000000000000000000e+00
9.477295625403816537e-01 1.000000000000000000e+00
1.007729485144418069e+00 1.000000000000000000e+00
1.065461518814545760e+00 1.000000000000000000e+00
1.127130844143399813e+00 1.000000000000000000e+00
1.158203870284216119e+00 1.000000000000000000e+00
1.182357592319513984e+00 1.000000000000000000e+00
1.209208264880788475e+00 1.000000000000000000e+00
1.284152819239216203e+00 1.000000000000000000e+00
1.355950692562769566e+00 1.000000000000000000e+00
1.362684971614122054e+00 1.000000000000000000e+00
1.441504326725327134e+00 1.000000000000000000e+00
1.513349501086204141e+00 1.000000000000000000e+00
1.576878970868711427e+00 1.000000000000000000e+00
1.600510515357047137e+00 1.000000000000000000e+00
1.626731206030069155e+00 1.000000000000000000e+00
1.653392986667993059e+00 1.000000000000000000e+00
1.763307839920303710e+00 1.000000000000000000e+00
1.797617686700759609e+00 1.000000000000000000e+00
1.858954998935532510e+00 1.000000000000000000e+00
1.903603749864571482e+00 1.000000000000000000e+00
2.067317563368942679e+00 1.000000000000000000e+00
2.172717358124526932e+00 1.000000000000000000e+00
2.214726758864430600e+00 1.000000000000000000e+00
2.277294253150479619e+00 1.000000000000000000e+00
2.507053057163673770e+00 1.000000000000000000e+00
2.630326760708673994e+00 1.000000000000000000e+00
2.695856731517559446e+00 1.000000000000000000e+00
2.922389851631562063e+00 1.000000000000000000e+00
2.962209042346538368e+00 1.000000000000000000e+00
3.217271294824170624e+00 1.000000000000000000e+00
3.388727028765826876e+00 1.000000000000000000e+00
3.828184234745844794e+00 1.000000000000000000e+00
-2.135657049036185917e+00 0.000000000000000000e+00
-1.974817961630531471e+00 0.000000000000000000e+00
-1.478871064016098691e+00 0.000000000000000000e+00
-1.413834032897770099e+00 0.000000000000000000e+00
-1.295126319767536005e+00 0.000000000000000000e+00
-1.008692374026646688e+00 0.000000000000000000e+00
-9.240260926912564621e-01 0.000000000000000000e+00
-7.990133036283372236e-01 0.000000000000000000e+00
-6.036552755993795927e-01 0.000000000000000000e+00
-5.489953160909911700e-01 0.000000000000000000e+00
-4.294073341893381857e-01 0.000000000000000000e+00
-3.334602503260159501e-01 0.000000000000000000e+00
-2.966573080832887732e-01 0.000000000000000000e+00
-1.580901807880007726e-01 0.000000000000000000e+00
-3.091994733674450699e-02 0.000000000000000000e+00
-2.278785660434215748e-03 0.000000000000000000e+00
7.809308589192857919e-02 0.000000000000000000e+00
1.559971508326766787e-01 0.000000000000000000e+00
3.036272076283744736e-01 0.000000000000000000e+00
3.624731700401123136e-01 0.000000000000000000e+00
4.431802483921888913e-01 0.000000000000000000e+00
5.738706259951541488e-01 0.000000000000000000e+00
6.285569356337762370e-01 0.000000000000000000e+00
6.513526356675740647e-01 0.000000000000000000e+00
8.036978527268581196e-01 0.000000000000000000e+00
8.842736987488288847e-01 0.000000000000000000e+00
1.062526324296237501e+00 0.000000000000000000e+00
1.210481505236303601e+00 0.000000000000000000e+00
1.286395674168563819e+00 0.000000000000000000e+00
1.446124339162866645e+00 0.000000000000000000e+00
1.510930015053516318e+00 0.000000000000000000e+00
1.581216376680087743e+00 0.000000000000000000e+00
1.636276034956622105e+00 0.000000000000000000e+00
1.749895612782264687e+00 0.000000000000000000e+00
1.985348805761520730e+00 0.000000000000000000e+00
2.056144773385026880e+00 0.000000000000000000e+00
2.298436901021583711e+00 0.000000000000000000e+00
2.462517335742103963e+00 0.000000000000000000e+00
2.546240943735909923e+00 0.000000000000000000e+00
2.802856657150458730e+00 0.000000000000000000e+00
3.209495224871439678e+00 0.000000000000000000e+00
4.203493460206605192e+00 0.000000000000000000e+00
