# Runtime: 40.03438472747803
-2.500000000000001776e+00 6.500000000000000000e+00
-3.166670383447400816e+00 5.500000000000000000e+00
-2.460063328246109293e+00 5.500000000000000000e+00
-2.383401267439121174e+00 5.500000000000000000e+00
-2.185476193093454089e+00 5.500000000000000000e+00
-2.041283668445346144e+00 5.500000000000000000e+00
-1.765874959134530409e+00 5.500000000000000000e+00
-1.539590308969458032e+00 5.500000000000000000e+00
-1.303597959297431608e+00 5.500000000000000000e+00
-1.022644103408039351e+00 5.500000000000000000e+00
-8.888017521286681877e-01 5.500000000000000000e+00
-6.403760980711676876e-01 5.500000000000000000e+00
-6.022199783192766498e-01 5.500000000000000000e+00
-3.211299672974111452e+00 4.500000000000000000e+00
-3.061899117735106923e+00 4.500000000000000000e+00
-2.996900507728462948e+00 4.500000000000000000e+00
-2.704654910583712546e+00 4.500000000000000000e+00
-2.535475827158234718e+00 4.500000000000000000e+00
-2.416376127430752252e+00 4.500000000000000000e+00
-2.341720628256188430e+00 4.500000000000000000e+00
-2.261358968661211666e+00 4.500000000000000000e+00
-2.241242524583471507e+00 4.500000000000000000e+00
-2.148515571975959659e+00 4.500000000000000000e+00
-2.084631747302817750e+00 4.500000000000000000e+00
-2.000148775588167727e+00 4.500000000000000000e+00
-1.979153612572073007e+00 4.500000000000000000e+00
-1.947629958106741332e+00 4.500000000000000000e+00
-1.871845497117994306e+00 4.500000000000000000e+00
-1.788466507563643226e+00 4.500000000000000000e+00
-1.747479563951936488e+00 4.500000000000000000e+00
-1.716733035813285291e+00 4.500000000000000000e+00
-1.660286158889466401e+00 4.500000000000000000e+00
-1.631412666443279091e+00 4.500000000000000000e+00
-1.604246973579197766e+00 4.500000000000000000e+00
-1.494678957546469400e+00 4.500000000000000000e+00
-1.470402398859178339e+00 4.500000000000000000e+00
-1.412744857687543432e+00 4.500000000000000000e+00
-1.388066386840623334e+00 4.500000000000000000e+00
-1.312993561132998366e+00 4.500000000000000000e+00
-1.251571119546011968e+00 4.500000000000000000e+00
-1.221792269058550096e+00 4.500000000000000000e+00
-1.199157141439342045e+00 4.500000000000000000e+00
-1.159931326264866058e+00 4.500000000000000000e+00
-1.094420608622456825e+00 4.500000000000000000e+00
-9.672934995005604275e-01 4.500000000000000000e+00
-8.900041082456228159e-01 4.500000000000000000e+00
-8.580705768101773989e-01 4.500000000000000000e+00
-8.333769846227095934e-01 4.500000000000000000e+00
-8.013909570949565575e-01 4.500000000000000000e+00
-7.598077640791233156e-01 4.500000000000000000e+00
-7.390765540778452269e-01 4.500000000000000000e+00
-6.745355266730417299e-01 4.500000000000000000e+00
-5.861459855000756836e-01 4.500000000000000000e+00
-5.444206948566264748e-01 4.500000000000000000e+00
-4.683201003163959819e-01 4.500000000000000000e+00
-4.569915668458269797e-01 4.500000000000000000e+00
-4.449964615420990977e-01 4.500000000000000000e+00
-3.711837434628988408e-01 4.500000000000000000e+00
-3.567138336481069372e-01 4.500000000000000000e+00
-3.090920866032224601e-01 4.500000000000000000e+00
-2.943021043525305691e-01 4.500000000000000000e+00
-2.510247654720118571e-01 4.500000000000000000e+00
-1.782509923662644324e-01 4.500000000000000000e+00
-4.251622956310456558e-02 4.500000000000000000e+00
5.060897598744693721e-02 4.500000000000000000e+00
6.153168664634748458e-02 4.500000000000000000e+00
1.352446796978433730e-01 4.500000000000000000e+00
1.504947878794565819e-01 4.500000000000000000e+00
1.858041946498945329e-01 4.500000000000000000e+00
3.452589301784519393e-01 4.500000000000000000e+00
4.639792626337263526e-01 4.500000000000000000e+00
5.524799168402151350e-01 4.500000000000000000e+00
5.869426591380854097e-01 4.500000000000000000e+00
7.194169996586858851e-01 4.500000000000000000e+00
8.705557018051692797e-01 4.500000000000000000e+00
9.338635639226784413e-01 4.500000000000000000e+00
9.712901638716184838e-01 4.500000000000000000e+00
1.257279993737368873e+00 4.500000000000000000e+00
-3.236052919281846130e+00 3.500000000000000000e+00
-3.081635314100925171e+00 3.500000000000000000e+00
-3.024096113010716902e+00 3.500000000000000000e+00
-2.934144282710704488e+00 3.500000000000000000e+00
-2.877201518617370724e+00 3.500000000000000000e+00
-2.798669661489805893e+00 3.500000000000000000e+00
-2.731776240438608561e+00 3.500000000000000000e+00
-2.612644523810474073e+00 3.500000000000000000e+00
-2.567971938525133613e+00 3.500000000000000000e+00
-2.529513020959281100e+00 3.500000000000000000e+00
-2.422183900829859127e+00 3.500000000000000000e+00
-2.406379147046808331e+00 3.500000000000000000e+00
-2.367828883304444076e+00 3.500000000000000000e+00
-2.322411954814979307e+00 3.500000000000000000e+00
-2.294719609930023996e+00 3.500000000000000000e+00
-2.273924136050276879e+00 3.500000000000000000e+00
-2.216272795656068606e+00 3.500000000000000000e+00
-2.132687017014271547e+00 3.500000000000000000e+00
-2.107716655047144005e+00 3.500000000000000000e+00
-2.090740463896621382e+00 3.500000000000000000e+00
-2.077453129558480605e+00 3.500000000000000000e+00
-2.048561586005259727e+00 3.500000000000000000e+00
-2.044207137974227262e+00 3.500000000000000000e+00
-2.008893302777490231e+00 3.500000000000000000e+00
-1.982088036192119596e+00 3.500000000000000000e+00
-1.952937999534258173e+00 3.500000000000000000e+00
-1.906889092424928211e+00 3.500000000000000000e+00
-1.887792446234711763e+00 3.500000000000000000e+00
-1.865492827463202996e+00 3.500000000000000000e+00
-1.828420944162551853e+00 3.500000000000000000e+00
-1.820335880577036214e+00 3.500000000000000000e+00
-1.771380788645550597e+00 3.500000000000000000e+00
-1.717336802098588411e+00 3.500000000000000000e+00
-1.686471180884490106e+00 3.500000000000000000e+00
-1.666807722924728896e+00 3.500000000000000000e+00
-1.664348015808954973e+00 3.500000000000000000e+00
-1.629159021552970543e+00 3.500000000000000000e+00
-1.612897843481497340e+00 3.500000000000000000e+00
-1.595893516197506745e+00 3.500000000000000000e+00
-1.586527515336556116e+00 3.500000000000000000e+00
-1.572605930340328806e+00 3.500000000000000000e+00
-1.539242135626042396e+00 3.500000000000000000e+00
-1.533689396091377555e+00 3.500000000000000000e+00
-1.499930682825374673e+00 3.500000000000000000e+00
-1.495689856960616293e+00 3.500000000000000000e+00
-1.482904715164094833e+00 3.500000000000000000e+00
-1.436635896416400549e+00 3.500000000000000000e+00
-1.416982175957741008e+00 3.500000000000000000e+00
-1.400018334880389625e+00 3.500000000000000000e+00
-1.377880236288355542e+00 3.500000000000000000e+00
-1.357618651065649829e+00 3.500000000000000000e+00
-1.344787256553085397e+00 3.500000000000000000e+00
-1.300448504243492120e+00 3.500000000000000000e+00
-1.279928806387896412e+00 3.500000000000000000e+00
-1.275916346371988697e+00 3.500000000000000000e+00
-1.235850309034643102e+00 3.500000000000000000e+00
-1.223922670673955659e+00 3.500000000000000000e+00
-1.210642215651602571e+00 3.500000000000000000e+00
-1.197654129688726865e+00 3.500000000000000000e+00
-1.178765599098018146e+00 3.500000000000000000e+00
-1.164722231139718511e+00 3.500000000000000000e+00
-1.152267889770122844e+00 3.500000000000000000e+00
-1.147893639565790824e+00 3.500000000000000000e+00
-1.129255526085713557e+00 3.500000000000000000e+00
-1.105709334069728600e+00 3.500000000000000000e+00
-1.099620582529132529e+00 3.500000000000000000e+00
-1.077749924830998074e+00 3.500000000000000000e+00
-1.044180380872410829e+00 3.500000000000000000e+00
-1.038373325961951421e+00 3.500000000000000000e+00
-1.022034328145967397e+00 3.500000000000000000e+00
-1.010060022738356489e+00 3.500000000000000000e+00
-9.928161870875158446e-01 3.500000000000000000e+00
-9.582337641744622658e-01 3.500000000000000000e+00
-9.179391244421268858e-01 3.500000000000000000e+00
-9.056558358416411103e-01 3.500000000000000000e+00
-8.800828087987200288e-01 3.500000000000000000e+00
-8.657484903809918864e-01 3.500000000000000000e+00
-8.420968905297467888e-01 3.500000000000000000e+00
-8.120531773450773150e-01 3.500000000000000000e+00
-7.941192326317874084e-01 3.500000000000000000e+00
-7.893112026036952500e-01 3.500000000000000000e+00
-7.713946091499257474e-01 3.500000000000000000e+00
-7.327625963918856788e-01 3.500000000000000000e+00
-7.271454569671140789e-01 3.500000000000000000e+00
-7.147823353592049900e-01 3.500000000000000000e+00
-6.988831003189778235e-01 3.500000000000000000e+00
-6.839955928066423496e-01 3.500000000000000000e+00
-6.771557624987492030e-01 3.500000000000000000e+00
-6.713966670954009119e-01 3.500000000000000000e+00
-6.464057815011756691e-01 3.500000000000000000e+00
-6.354019763673854904e-01 3.500000000000000000e+00
-6.178913951568775209e-01 3.500000000000000000e+00
-6.050514356642606728e-01 3.500000000000000000e+00
-5.799448739835006972e-01 3.500000000000000000e+00
-5.561614714729624653e-01 3.500000000000000000e+00
-5.489631291382531808e-01 3.500000000000000000e+00
-5.268117860912391315e-01 3.500000000000000000e+00
-5.069791127590571600e-01 3.500000000000000000e+00
-4.802881927222042435e-01 3.500000000000000000e+00
-4.706771793823055217e-01 3.500000000000000000e+00
-4.633408341887342297e-01 3.500000000000000000e+00
-4.485623021647199837e-01 3.500000000000000000e+00
-4.132254525490075547e-01 3.500000000000000000e+00
-3.968066128919032765e-01 3.500000000000000000e+00
-3.828670433079491286e-01 3.500000000000000000e+00
-3.757700954220949408e-01 3.500000000000000000e+00
-3.596792825178572461e-01 3.500000000000000000e+00
-3.391292094108715460e-01 3.500000000000000000e+00
-3.188726057598871289e-01 3.500000000000000000e+00
-2.950567307733643063e-01 3.500000000000000000e+00
-2.863805900308558638e-01 3.500000000000000000e+00
-2.783172582601899370e-01 3.500000000000000000e+00
-2.584646071102973397e-01 3.500000000000000000e+00
-2.522973431825334956e-01 3.500000000000000000e+00
-2.408044731731814325e-01 3.500000000000000000e+00
-2.373251852045709098e-01 3.500000000000000000e+00
-2.022320088474809652e-01 3.500000000000000000e+00
-1.971283687181402677e-01 3.500000000000000000e+00
-1.803219167723740246e-01 3.500000000000000000e+00
-1.486512466932937426e-01 3.500000000000000000e+00
-1.454696888967335067e-01 3.500000000000000000e+00
-1.379194568201640991e-01 3.500000000000000000e+00
-1.249002466491067886e-01 3.500000000000000000e+00
-1.126353602993267339e-01 3.500000000000000000e+00
-9.036162874878102269e-02 3.500000000000000000e+00
-7.611555388593169158e-02 3.500000000000000000e+00
-6.401782446449780228e-02 3.500000000000000000e+00
-4.765263312697334136e-02 3.500000000000000000e+00
-1.943546488706990316e-02 3.500000000000000000e+00
1.988068992811994201e-02 3.500000000000000000e+00
2.510507431947887544e-02 3.500000000000000000e+00
3.738725120204796498e-02 3.500000000000000000e+00
6.124213205990303166e-02 3.500000000000000000e+00
8.530816811051449011e-02 3.500000000000000000e+00
1.142478827726686880e-01 3.500000000000000000e+00
1.211366038234651665e-01 3.500000000000000000e+00
1.448258468367778495e-01 3.500000000000000000e+00
1.495218650634538293e-01 3.500000000000000000e+00
1.888097176032562940e-01 3.500000000000000000e+00
2.130342897625173981e-01 3.500000000000000000e+00
2.145405807219286642e-01 3.500000000000000000e+00
2.287098284002378190e-01 3.500000000000000000e+00
2.359918323491541348e-01 3.500000000000000000e+00
2.474934338280238288e-01 3.500000000000000000e+00
2.652399164583723601e-01 3.500000000000000000e+00
2.728202252671388384e-01 3.500000000000000000e+00
3.037015971656656377e-01 3.500000000000000000e+00
3.415957300444518174e-01 3.500000000000000000e+00
3.490035779377567149e-01 3.500000000000000000e+00
3.705696022286615321e-01 3.500000000000000000e+00
3.948944328554259142e-01 3.500000000000000000e+00
4.130984487073491862e-01 3.500000000000000000e+00
4.358191853549907568e-01 3.500000000000000000e+00
4.640092863170420245e-01 3.500000000000000000e+00
4.877694215654522769e-01 3.500000000000000000e+00
5.333832871552369737e-01 3.500000000000000000e+00
5.357244797539034709e-01 3.500000000000000000e+00
5.567504380368729633e-01 3.500000000000000000e+00
5.883132434422179147e-01 3.500000000000000000e+00
6.016520880686445638e-01 3.500000000000000000e+00
6.338716996707327578e-01 3.500000000000000000e+00
6.478237662594088508e-01 3.500000000000000000e+00
6.683137676027253171e-01 3.500000000000000000e+00
6.836696341206566219e-01 3.500000000000000000e+00
6.881404260385571847e-01 3.500000000000000000e+00
7.365798800841961702e-01 3.500000000000000000e+00
7.756202633136378699e-01 3.500000000000000000e+00
7.886989152702879036e-01 3.500000000000000000e+00
7.933923212304468953e-01 3.500000000000000000e+00
8.652462600869823550e-01 3.500000000000000000e+00
8.855580336842880929e-01 3.500000000000000000e+00
9.194999720841533497e-01 3.500000000000000000e+00
9.232375092349305312e-01 3.500000000000000000e+00
9.796011037638129304e-01 3.500000000000000000e+00
1.015302211807544097e+00 3.500000000000000000e+00
1.028842345161884886e+00 3.500000000000000000e+00
1.043990098662477717e+00 3.500000000000000000e+00
1.058620419136623303e+00 3.500000000000000000e+00
1.079747494154160270e+00 3.500000000000000000e+00
1.090910020584675344e+00 3.500000000000000000e+00
1.108707843737665621e+00 3.500000000000000000e+00
1.148827659032755077e+00 3.500000000000000000e+00
1.179921908550782605e+00 3.500000000000000000e+00
1.191852066054637005e+00 3.500000000000000000e+00
1.305292644255105161e+00 3.500000000000000000e+00
1.319142860396568695e+00 3.500000000000000000e+00
1.346210473449117373e+00 3.500000000000000000e+00
1.386233067029327470e+00 3.500000000000000000e+00
1.403872102527385923e+00 3.500000000000000000e+00
1.424472175239179794e+00 3.500000000000000000e+00
1.454926990700653455e+00 3.500000000000000000e+00
1.477583418796043935e+00 3.500000000000000000e+00
1.494335159167548222e+00 3.500000000000000000e+00
1.593990723707781054e+00 3.500000000000000000e+00
1.612194119440329088e+00 3.500000000000000000e+00
1.724661457422789201e+00 3.500000000000000000e+00
1.755600894023232161e+00 3.500000000000000000e+00
1.790754245054618332e+00 3.500000000000000000e+00
1.899141855994059158e+00 3.500000000000000000e+00
1.905660175134179291e+00 3.500000000000000000e+00
1.939196136878679644e+00 3.500000000000000000e+00
2.001494342834957418e+00 3.500000000000000000e+00
2.014136550772773315e+00 3.500000000000000000e+00
2.313235366396213522e+00 3.500000000000000000e+00
2.327377033233921644e+00 3.500000000000000000e+00
2.407603934606888263e+00 3.500000000000000000e+00
2.613652183200221302e+00 3.500000000000000000e+00
2.791012428090537512e+00 3.500000000000000000e+00
-3.251840632813078891e+00 2.500000000000000000e+00
-3.094809424939712006e+00 2.500000000000000000e+00
-3.038696008649045766e+00 2.500000000000000000e+00
-2.930570368508704338e+00 2.500000000000000000e+00
-2.891766115142516469e+00 2.500000000000000000e+00
-2.802473844066314612e+00 2.500000000000000000e+00
-2.770284653191954494e+00 2.500000000000000000e+00
-2.748822149912575341e+00 2.500000000000000000e+00
-2.730094907344731148e+00 2.500000000000000000e+00
-2.669018606540995986e+00 2.500000000000000000e+00
-2.628904051908404593e+00 2.500000000000000000e+00
-2.583275671909323723e+00 2.500000000000000000e+00
-2.544655346176364130e+00 2.500000000000000000e+00
-2.461333475148666405e+00 2.500000000000000000e+00
-2.444647163687648117e+00 2.500000000000000000e+00
-2.427977462621507598e+00 2.500000000000000000e+00
-2.366374472944128282e+00 2.500000000000000000e+00
-2.326592326294530277e+00 2.500000000000000000e+00
-2.314506239304029211e+00 2.500000000000000000e+00
-2.295417353770826896e+00 2.500000000000000000e+00
-2.291890400330792499e+00 2.500000000000000000e+00
-2.270663229137580785e+00 2.500000000000000000e+00
-2.239092528642575797e+00 2.500000000000000000e+00
-2.161487111974129682e+00 2.500000000000000000e+00
-2.154831103443571205e+00 2.500000000000000000e+00
-2.106251966198036119e+00 2.500000000000000000e+00
-2.089157088034161447e+00 2.500000000000000000e+00
-2.076747896799981952e+00 2.500000000000000000e+00
-2.064939900435413644e+00 2.500000000000000000e+00
-2.056990559187163115e+00 2.500000000000000000e+00
-2.035674105925949995e+00 2.500000000000000000e+00
-1.995365058285622606e+00 2.500000000000000000e+00
-1.978799213515465061e+00 2.500000000000000000e+00
-1.975435641175536716e+00 2.500000000000000000e+00
-1.949093187834450402e+00 2.500000000000000000e+00
-1.913902886621159372e+00 2.500000000000000000e+00
-1.909855530045481364e+00 2.500000000000000000e+00
-1.902217436402263928e+00 2.500000000000000000e+00
-1.892366957652391823e+00 2.500000000000000000e+00
-1.879193885408966924e+00 2.500000000000000000e+00
-1.860904490118688637e+00 2.500000000000000000e+00
-1.853904947646063839e+00 2.500000000000000000e+00
-1.823996392099737962e+00 2.500000000000000000e+00
-1.820756361785372590e+00 2.500000000000000000e+00
-1.779764347898051380e+00 2.500000000000000000e+00
-1.757268907778447131e+00 2.500000000000000000e+00
-1.718514309867672951e+00 2.500000000000000000e+00
-1.705929651834357630e+00 2.500000000000000000e+00
-1.687508363315028515e+00 2.500000000000000000e+00
-1.677586172772016937e+00 2.500000000000000000e+00
-1.670880403967629491e+00 2.500000000000000000e+00
-1.649256447586141316e+00 2.500000000000000000e+00
-1.641544451659554982e+00 2.500000000000000000e+00
-1.623863647759951068e+00 2.500000000000000000e+00
-1.612419956016047262e+00 2.500000000000000000e+00
-1.590079303613072481e+00 2.500000000000000000e+00
-1.585651877723408765e+00 2.500000000000000000e+00
-1.556043286816549909e+00 2.500000000000000000e+00
-1.548834849671024472e+00 2.500000000000000000e+00
-1.536107392372339175e+00 2.500000000000000000e+00
-1.522873531144763870e+00 2.500000000000000000e+00
-1.511175873524003510e+00 2.500000000000000000e+00
-1.488953654902692492e+00 2.500000000000000000e+00
-1.483868095707826962e+00 2.500000000000000000e+00
-1.470727200460436146e+00 2.500000000000000000e+00
-1.458170205329319735e+00 2.500000000000000000e+00
-1.453587998578103502e+00 2.500000000000000000e+00
-1.428842367408239777e+00 2.500000000000000000e+00
-1.419867028827057620e+00 2.500000000000000000e+00
-1.402547912421162168e+00 2.500000000000000000e+00
-1.400312605297588053e+00 2.500000000000000000e+00
-1.387342892164341146e+00 2.500000000000000000e+00
-1.383649865077200447e+00 2.500000000000000000e+00
-1.365739985525321387e+00 2.500000000000000000e+00
-1.351199401259779220e+00 2.500000000000000000e+00
-1.341573915519167937e+00 2.500000000000000000e+00
-1.323473108197644743e+00 2.500000000000000000e+00
-1.305965196442325338e+00 2.500000000000000000e+00
-1.291593882349770350e+00 2.500000000000000000e+00
-1.274658174473499050e+00 2.500000000000000000e+00
-1.265692901416441529e+00 2.500000000000000000e+00
-1.249834482903302568e+00 2.500000000000000000e+00
-1.233580489195778229e+00 2.500000000000000000e+00
-1.227519548128737759e+00 2.500000000000000000e+00
-1.225647588453822490e+00 2.500000000000000000e+00
-1.205664562304036069e+00 2.500000000000000000e+00
-1.196744624426143266e+00 2.500000000000000000e+00
-1.186692279236048142e+00 2.500000000000000000e+00
-1.161634579189303684e+00 2.500000000000000000e+00
-1.154103535130827529e+00 2.500000000000000000e+00
-1.143845610358136700e+00 2.500000000000000000e+00
-1.130706467570632867e+00 2.500000000000000000e+00
-1.125272211633631558e+00 2.500000000000000000e+00
-1.115773976565222370e+00 2.500000000000000000e+00
-1.114473751735588269e+00 2.500000000000000000e+00
-1.107131895978483271e+00 2.500000000000000000e+00
-1.097716775430496838e+00 2.500000000000000000e+00
-1.090650823121438462e+00 2.500000000000000000e+00
-1.071121629037013800e+00 2.500000000000000000e+00
-1.061931508493324738e+00 2.500000000000000000e+00
-1.053127895485292287e+00 2.500000000000000000e+00
-1.045458234499951677e+00 2.500000000000000000e+00
-1.033903496498987495e+00 2.500000000000000000e+00
-1.022177622907007200e+00 2.500000000000000000e+00
-1.018093459025836367e+00 2.500000000000000000e+00
-1.003936038882430326e+00 2.500000000000000000e+00
-9.928441558414853318e-01 2.500000000000000000e+00
-9.907395449289644329e-01 2.500000000000000000e+00
-9.789715798520931545e-01 2.500000000000000000e+00
-9.698744178096090351e-01 2.500000000000000000e+00
-9.519155365333780150e-01 2.500000000000000000e+00
-9.426828164691677392e-01 2.500000000000000000e+00
-9.313495380137901680e-01 2.500000000000000000e+00
-9.178194005029025604e-01 2.500000000000000000e+00
-9.115038798632372208e-01 2.500000000000000000e+00
-8.986009439932550746e-01 2.500000000000000000e+00
-8.900219315156540079e-01 2.500000000000000000e+00
-8.724892493382827574e-01 2.500000000000000000e+00
-8.664284697454897044e-01 2.500000000000000000e+00
-8.598119528225243169e-01 2.500000000000000000e+00
-8.546177328800431683e-01 2.500000000000000000e+00
-8.488483166185110118e-01 2.500000000000000000e+00
-8.368691481838671509e-01 2.500000000000000000e+00
-8.283657921019452752e-01 2.500000000000000000e+00
-8.155013496843941390e-01 2.500000000000000000e+00
-7.948840331034069395e-01 2.500000000000000000e+00
-7.807353166454873428e-01 2.500000000000000000e+00
-7.679651497762192136e-01 2.500000000000000000e+00
-7.501067930256932748e-01 2.500000000000000000e+00
-7.442569286366143011e-01 2.500000000000000000e+00
-7.338429816319534948e-01 2.500000000000000000e+00
-7.210286958641261013e-01 2.500000000000000000e+00
-7.083314087101821865e-01 2.500000000000000000e+00
-7.053731067729895887e-01 2.500000000000000000e+00
-6.901190295687784637e-01 2.500000000000000000e+00
-6.880565323267568978e-01 2.500000000000000000e+00
-6.723951372377833247e-01 2.500000000000000000e+00
-6.671957453307743036e-01 2.500000000000000000e+00
-6.605703610972041284e-01 2.500000000000000000e+00
-6.569492503504901215e-01 2.500000000000000000e+00
-6.385376191125238243e-01 2.500000000000000000e+00
-6.315842536082775238e-01 2.500000000000000000e+00
-6.234537905569913496e-01 2.500000000000000000e+00
-6.205250552754318916e-01 2.500000000000000000e+00
-6.149214405061225186e-01 2.500000000000000000e+00
-6.031072593966351203e-01 2.500000000000000000e+00
-5.995064830730205685e-01 2.500000000000000000e+00
-5.860251502502914489e-01 2.500000000000000000e+00
-5.792802401271581747e-01 2.500000000000000000e+00
-5.684720841851657047e-01 2.500000000000000000e+00
-5.639833133249707586e-01 2.500000000000000000e+00
-5.418473355674250369e-01 2.500000000000000000e+00
-5.306626225159555288e-01 2.500000000000000000e+00
-5.209553507509876447e-01 2.500000000000000000e+00
-5.143687616193198808e-01 2.500000000000000000e+00
-5.070436267293555455e-01 2.500000000000000000e+00
-4.909375225030238044e-01 2.500000000000000000e+00
-4.859706166062793820e-01 2.500000000000000000e+00
-4.739858768763414165e-01 2.500000000000000000e+00
-4.657014954058192879e-01 2.500000000000000000e+00
-4.611403246096539288e-01 2.500000000000000000e+00
-4.591655877589980173e-01 2.500000000000000000e+00
-4.563842127280005045e-01 2.500000000000000000e+00
-4.264466113948187642e-01 2.500000000000000000e+00
-4.215162986467179684e-01 2.500000000000000000e+00
-4.107339469651275499e-01 2.500000000000000000e+00
-4.057338711244661833e-01 2.500000000000000000e+00
-4.002406193023875236e-01 2.500000000000000000e+00
-3.935148274670904889e-01 2.500000000000000000e+00
-3.769040123221759631e-01 2.500000000000000000e+00
-3.723355026827939174e-01 2.500000000000000000e+00
-3.627184925909848201e-01 2.500000000000000000e+00
-3.476926349429511620e-01 2.500000000000000000e+00
-3.424132512072434187e-01 2.500000000000000000e+00
-3.334413543648404032e-01 2.500000000000000000e+00
-3.313567589577257055e-01 2.500000000000000000e+00
-3.192872159978936142e-01 2.500000000000000000e+00
-3.166632635296757203e-01 2.500000000000000000e+00
-3.055865441123910564e-01 2.500000000000000000e+00
-2.920321450202133517e-01 2.500000000000000000e+00
-2.887020475793808383e-01 2.500000000000000000e+00
-2.726178456063257372e-01 2.500000000000000000e+00
-2.585318482967384757e-01 2.500000000000000000e+00
-2.534930301094853178e-01 2.500000000000000000e+00
-2.360221300252333121e-01 2.500000000000000000e+00
-2.261318718467169309e-01 2.500000000000000000e+00
-2.177875417967814198e-01 2.500000000000000000e+00
-2.065886290617136301e-01 2.500000000000000000e+00
-2.032695300049934817e-01 2.500000000000000000e+00
-1.978462224119901802e-01 2.500000000000000000e+00
-1.840389249986958409e-01 2.500000000000000000e+00
-1.730893080746984114e-01 2.500000000000000000e+00
-1.671131709811902732e-01 2.500000000000000000e+00
-1.621761490154534358e-01 2.500000000000000000e+00
-1.604161272426732621e-01 2.500000000000000000e+00
-1.453609424558736374e-01 2.500000000000000000e+00
-1.396782518627322500e-01 2.500000000000000000e+00
-1.248891883826436927e-01 2.500000000000000000e+00
-1.229555811200924581e-01 2.500000000000000000e+00
-1.123480949530398648e-01 2.500000000000000000e+00
-9.831392460647928044e-02 2.500000000000000000e+00
-9.168415604493063142e-02 2.500000000000000000e+00
-8.615549080614938460e-02 2.500000000000000000e+00
-8.013448419968646763e-02 2.500000000000000000e+00
-6.994385935691933842e-02 2.500000000000000000e+00
-6.135003379767058063e-02 2.500000000000000000e+00
-5.515299214751535201e-02 2.500000000000000000e+00
-4.574570144484358530e-02 2.500000000000000000e+00
-3.465890125342069306e-02 2.500000000000000000e+00
-2.619812730298259548e-02 2.500000000000000000e+00
-1.362442754964400364e-02 2.500000000000000000e+00
3.874375325302630534e-03 2.500000000000000000e+00
5.850387387794192019e-03 2.500000000000000000e+00
1.464688647497139687e-02 2.500000000000000000e+00
2.007818173900352901e-02 2.500000000000000000e+00
3.605884337874530610e-02 2.500000000000000000e+00
3.801050950329004641e-02 2.500000000000000000e+00
4.619258594741210144e-02 2.500000000000000000e+00
5.250942277616552079e-02 2.500000000000000000e+00
5.359828433981333323e-02 2.500000000000000000e+00
7.072284969680828204e-02 2.500000000000000000e+00
7.697810901376708759e-02 2.500000000000000000e+00
9.586911018941463025e-02 2.500000000000000000e+00
1.006675983259610746e-01 2.500000000000000000e+00
1.067197864137903740e-01 2.500000000000000000e+00
1.233317173045977849e-01 2.500000000000000000e+00
1.348161216247577288e-01 2.500000000000000000e+00
1.406175035385136829e-01 2.500000000000000000e+00
1.435305554060310185e-01 2.500000000000000000e+00
1.567870463233138612e-01 2.500000000000000000e+00
1.611935675867983697e-01 2.500000000000000000e+00
1.703026817715470320e-01 2.500000000000000000e+00
1.729027850389094068e-01 2.500000000000000000e+00
1.848115101022432538e-01 2.500000000000000000e+00
1.883675246785163071e-01 2.500000000000000000e+00
2.030556166475523672e-01 2.500000000000000000e+00
2.109790362111759188e-01 2.500000000000000000e+00
2.275558034086215264e-01 2.500000000000000000e+00
2.389369679468191232e-01 2.500000000000000000e+00
2.604292546204216574e-01 2.500000000000000000e+00
2.731641715474224519e-01 2.500000000000000000e+00
2.768056035489783184e-01 2.500000000000000000e+00
2.821759337035035231e-01 2.500000000000000000e+00
2.857380045661861434e-01 2.500000000000000000e+00
2.926379039824288930e-01 2.500000000000000000e+00
3.113925054936625969e-01 2.500000000000000000e+00
3.156429305878352687e-01 2.500000000000000000e+00
3.176692404070116660e-01 2.500000000000000000e+00
3.329852380037991999e-01 2.500000000000000000e+00
3.367780720221669188e-01 2.500000000000000000e+00
3.496392955245877787e-01 2.500000000000000000e+00
3.575966778059418427e-01 2.500000000000000000e+00
3.653615872349068039e-01 2.500000000000000000e+00
3.714720382936044230e-01 2.500000000000000000e+00
3.781593186756505021e-01 2.500000000000000000e+00
3.886127080677269641e-01 2.500000000000000000e+00
3.958814277987127150e-01 2.500000000000000000e+00
4.113580035240890220e-01 2.500000000000000000e+00
4.126854370499558611e-01 2.500000000000000000e+00
4.186705343559828929e-01 2.500000000000000000e+00
4.292352923574137558e-01 2.500000000000000000e+00
4.420402288234532295e-01 2.500000000000000000e+00
4.536840681470937220e-01 2.500000000000000000e+00
4.657617243308932453e-01 2.500000000000000000e+00
4.716237445970080655e-01 2.500000000000000000e+00
4.918941961320565381e-01 2.500000000000000000e+00
4.961795231434807385e-01 2.500000000000000000e+00
5.007871852670739976e-01 2.500000000000000000e+00
5.155217522726515122e-01 2.500000000000000000e+00
5.174707831887470633e-01 2.500000000000000000e+00
5.268044784743765030e-01 2.500000000000000000e+00
5.337595668883472477e-01 2.500000000000000000e+00
5.477677939866819612e-01 2.500000000000000000e+00
5.675514664125859143e-01 2.500000000000000000e+00
5.740073178033667789e-01 2.500000000000000000e+00
5.823447111072562743e-01 2.500000000000000000e+00
5.911808838732605098e-01 2.500000000000000000e+00
5.916223845213529620e-01 2.500000000000000000e+00
6.028363219372129267e-01 2.500000000000000000e+00
6.121336695261377914e-01 2.500000000000000000e+00
6.245867825420370334e-01 2.500000000000000000e+00
6.394735421221723337e-01 2.500000000000000000e+00
6.462156791874607009e-01 2.500000000000000000e+00
6.569152431542355508e-01 2.500000000000000000e+00
6.640307283240167724e-01 2.500000000000000000e+00
6.775924056788459326e-01 2.500000000000000000e+00
6.830779216980561452e-01 2.500000000000000000e+00
6.890266740043478055e-01 2.500000000000000000e+00
7.021355988257733660e-01 2.500000000000000000e+00
7.160786522923477948e-01 2.500000000000000000e+00
7.180923244344252776e-01 2.500000000000000000e+00
7.222360118040695998e-01 2.500000000000000000e+00
7.349613439046296381e-01 2.500000000000000000e+00
7.374556764500055372e-01 2.500000000000000000e+00
7.486385815717725434e-01 2.500000000000000000e+00
7.728710851173711260e-01 2.500000000000000000e+00
7.816996291853830492e-01 2.500000000000000000e+00
7.939912393106106636e-01 2.500000000000000000e+00
7.990557338044795843e-01 2.500000000000000000e+00
8.153747493368723731e-01 2.500000000000000000e+00
8.192816871464306816e-01 2.500000000000000000e+00
8.293630706860534163e-01 2.500000000000000000e+00
8.455635035241114705e-01 2.500000000000000000e+00
8.578286515897634024e-01 2.500000000000000000e+00
8.773650374509145422e-01 2.500000000000000000e+00
8.830055028793303284e-01 2.500000000000000000e+00
8.918597971445378914e-01 2.500000000000000000e+00
9.120684876823826892e-01 2.500000000000000000e+00
9.181970327887973848e-01 2.500000000000000000e+00
9.376412093442536566e-01 2.500000000000000000e+00
9.571314416629650434e-01 2.500000000000000000e+00
9.702346076258903107e-01 2.500000000000000000e+00
9.719104740186998992e-01 2.500000000000000000e+00
9.850308162275503987e-01 2.500000000000000000e+00
9.862967393828067086e-01 2.500000000000000000e+00
1.000947049584660631e+00 2.500000000000000000e+00
1.010183663688258404e+00 2.500000000000000000e+00
1.011711985963489768e+00 2.500000000000000000e+00
1.029513961590410531e+00 2.500000000000000000e+00
1.041490485578508762e+00 2.500000000000000000e+00
1.052653679642258977e+00 2.500000000000000000e+00
1.066153056023321888e+00 2.500000000000000000e+00
1.077289206161723856e+00 2.500000000000000000e+00
1.084404155385396251e+00 2.500000000000000000e+00
1.089398683549853697e+00 2.500000000000000000e+00
1.099214048448044156e+00 2.500000000000000000e+00
1.103186034805190729e+00 2.500000000000000000e+00
1.122238267605371487e+00 2.500000000000000000e+00
1.140544145528628928e+00 2.500000000000000000e+00
1.153263806853661366e+00 2.500000000000000000e+00
1.164110896432288822e+00 2.500000000000000000e+00
1.173031562013781892e+00 2.500000000000000000e+00
1.179828710547979664e+00 2.500000000000000000e+00
1.207944166239989903e+00 2.500000000000000000e+00
1.214523996488168001e+00 2.500000000000000000e+00
1.223962935729032253e+00 2.500000000000000000e+00
1.240618265969615219e+00 2.500000000000000000e+00
1.251208012047301255e+00 2.500000000000000000e+00
1.257707128739294244e+00 2.500000000000000000e+00
1.281193937443601882e+00 2.500000000000000000e+00
1.283982928718659711e+00 2.500000000000000000e+00
1.297797962767422320e+00 2.500000000000000000e+00
1.310690109078083587e+00 2.500000000000000000e+00
1.320067132670296184e+00 2.500000000000000000e+00
1.339219146441986252e+00 2.500000000000000000e+00
1.351873710115870875e+00 2.500000000000000000e+00
1.355732741678564723e+00 2.500000000000000000e+00
1.396342568032350684e+00 2.500000000000000000e+00
1.404972778310361381e+00 2.500000000000000000e+00
1.414381198209426982e+00 2.500000000000000000e+00
1.422487425660724725e+00 2.500000000000000000e+00
1.439823805792683542e+00 2.500000000000000000e+00
1.441757540745319144e+00 2.500000000000000000e+00
1.450394263866540356e+00 2.500000000000000000e+00
1.466190972069847831e+00 2.500000000000000000e+00
1.468432799037121095e+00 2.500000000000000000e+00
1.476614745149269492e+00 2.500000000000000000e+00
1.510893700652875316e+00 2.500000000000000000e+00
1.517569832459985113e+00 2.500000000000000000e+00
1.525898108760688876e+00 2.500000000000000000e+00
1.544154855973220108e+00 2.500000000000000000e+00
1.560558637820274042e+00 2.500000000000000000e+00
1.580977382096782069e+00 2.500000000000000000e+00
1.584096659207307800e+00 2.500000000000000000e+00
1.600778389052953443e+00 2.500000000000000000e+00
1.619965106268098864e+00 2.500000000000000000e+00
1.630540535083694786e+00 2.500000000000000000e+00
1.646318829166511621e+00 2.500000000000000000e+00
1.661531693792526632e+00 2.500000000000000000e+00
1.680411406525065932e+00 2.500000000000000000e+00
1.701705850382313479e+00 2.500000000000000000e+00
1.709746053692522194e+00 2.500000000000000000e+00
1.724837301908805021e+00 2.500000000000000000e+00
1.730603622289440757e+00 2.500000000000000000e+00
1.757583285540405216e+00 2.500000000000000000e+00
1.775914042013785998e+00 2.500000000000000000e+00
1.778437308439133613e+00 2.500000000000000000e+00
1.804890274008745354e+00 2.500000000000000000e+00
1.815184774232582621e+00 2.500000000000000000e+00
1.837982137711226871e+00 2.500000000000000000e+00
1.864734808176754299e+00 2.500000000000000000e+00
1.877624453973735896e+00 2.500000000000000000e+00
1.880737901551172708e+00 2.500000000000000000e+00
1.906643365055409323e+00 2.500000000000000000e+00
1.914536806365099597e+00 2.500000000000000000e+00
1.968069653220686721e+00 2.500000000000000000e+00
2.011821967023788016e+00 2.500000000000000000e+00
2.020429240365879675e+00 2.500000000000000000e+00
2.033116484108620892e+00 2.500000000000000000e+00
2.058866415770697067e+00 2.500000000000000000e+00
2.066209617524424669e+00 2.500000000000000000e+00
2.083029669117866689e+00 2.500000000000000000e+00
2.136374770707982762e+00 2.500000000000000000e+00
2.138070531779536321e+00 2.500000000000000000e+00
2.175231702541740031e+00 2.500000000000000000e+00
2.194107104714488887e+00 2.500000000000000000e+00
2.219170543545021079e+00 2.500000000000000000e+00
2.245684851066114263e+00 2.500000000000000000e+00
2.257722678023014851e+00 2.500000000000000000e+00
2.280891469077288569e+00 2.500000000000000000e+00
2.309513394534757236e+00 2.500000000000000000e+00
2.323250372816466847e+00 2.500000000000000000e+00
2.344087962740393660e+00 2.500000000000000000e+00
2.412796162714972326e+00 2.500000000000000000e+00
2.426170338901139978e+00 2.500000000000000000e+00
2.450265951529448039e+00 2.500000000000000000e+00
2.458331093256641786e+00 2.500000000000000000e+00
2.548695793713393609e+00 2.500000000000000000e+00
2.588441093183039943e+00 2.500000000000000000e+00
2.618059258989756888e+00 2.500000000000000000e+00
2.639484705362641126e+00 2.500000000000000000e+00
2.694233715035628141e+00 2.500000000000000000e+00
2.704838667643885586e+00 2.500000000000000000e+00
2.739433514749404885e+00 2.500000000000000000e+00
2.748275708922118810e+00 2.500000000000000000e+00
2.776586442003096344e+00 2.500000000000000000e+00
2.869434060836391964e+00 2.500000000000000000e+00
2.939133451097597938e+00 2.500000000000000000e+00
2.991572915356713214e+00 2.500000000000000000e+00
3.072089548992896546e+00 2.500000000000000000e+00
3.097650659232821013e+00 2.500000000000000000e+00
3.117366846810763370e+00 2.500000000000000000e+00
3.181320220532106724e+00 2.500000000000000000e+00
3.253103310456566533e+00 2.500000000000000000e+00
3.351750509638545594e+00 2.500000000000000000e+00
3.526927536244034656e+00 2.500000000000000000e+00
3.629013828386988827e+00 2.500000000000000000e+00
3.685894598535651934e+00 2.500000000000000000e+00
4.145877378255555357e+00 2.500000000000000000e+00
-3.261863213252532034e+00 1.500000000000000000e+00
-3.103401169190770581e+00 1.500000000000000000e+00
-3.047349735892182387e+00 1.500000000000000000e+00
-2.930888816097105387e+00 1.500000000000000000e+00
-2.900115185275126795e+00 1.500000000000000000e+00
-2.762455219582074406e+00 1.500000000000000000e+00
-2.741410403398373496e+00 1.500000000000000000e+00
-2.673794471129439465e+00 1.500000000000000000e+00
-2.649519755607010918e+00 1.500000000000000000e+00
-2.592419934156591221e+00 1.500000000000000000e+00
-2.570942179744256872e+00 1.500000000000000000e+00
-2.556935021920930140e+00 1.500000000000000000e+00
-2.520095808001928006e+00 1.500000000000000000e+00
-2.447189228554491169e+00 1.500000000000000000e+00
-2.438082370164349921e+00 1.500000000000000000e+00
-2.391604553705903857e+00 1.500000000000000000e+00
-2.339773713553381818e+00 1.500000000000000000e+00
-2.308016654586081184e+00 1.500000000000000000e+00
-2.305953146083051131e+00 1.500000000000000000e+00
-2.279398465265971119e+00 1.500000000000000000e+00
-2.247664954475186772e+00 1.500000000000000000e+00
-2.228926236802148964e+00 1.500000000000000000e+00
-2.175364426715808985e+00 1.500000000000000000e+00
-2.169472673259708273e+00 1.500000000000000000e+00
-2.150037069340377194e+00 1.500000000000000000e+00
-2.118015653211082316e+00 1.500000000000000000e+00
-2.100568919383745126e+00 1.500000000000000000e+00
-2.090511380715956324e+00 1.500000000000000000e+00
-2.079210852554542299e+00 1.500000000000000000e+00
-2.074464733782732218e+00 1.500000000000000000e+00
-2.044093999007119855e+00 1.500000000000000000e+00
-2.003347974250362373e+00 1.500000000000000000e+00
-1.987780517962225213e+00 1.500000000000000000e+00
-1.978819555639968142e+00 1.500000000000000000e+00
-1.955127407035355258e+00 1.500000000000000000e+00
-1.947789662559710422e+00 1.500000000000000000e+00
-1.917326157922907504e+00 1.500000000000000000e+00
-1.893361566679791830e+00 1.500000000000000000e+00
-1.875438897533625804e+00 1.500000000000000000e+00
-1.869788339732734617e+00 1.500000000000000000e+00
-1.855087260544268757e+00 1.500000000000000000e+00
-1.847620140889941309e+00 1.500000000000000000e+00
-1.841157368832765817e+00 1.500000000000000000e+00
-1.831561180484636342e+00 1.500000000000000000e+00
-1.773994417641465038e+00 1.500000000000000000e+00
-1.749671528917212004e+00 1.500000000000000000e+00
-1.738496673363984169e+00 1.500000000000000000e+00
-1.726363430958168799e+00 1.500000000000000000e+00
-1.717788140666177910e+00 1.500000000000000000e+00
-1.707300643705285337e+00 1.500000000000000000e+00
-1.682837142724611157e+00 1.500000000000000000e+00
-1.676407237331858147e+00 1.500000000000000000e+00
-1.669414868104664107e+00 1.500000000000000000e+00
-1.634911382920678280e+00 1.500000000000000000e+00
-1.628253263978077792e+00 1.500000000000000000e+00
-1.597794741104300531e+00 1.500000000000000000e+00
-1.593466356098247161e+00 1.500000000000000000e+00
-1.587888205047096379e+00 1.500000000000000000e+00
-1.569352834807681285e+00 1.500000000000000000e+00
-1.562715678409547282e+00 1.500000000000000000e+00
-1.560936420384254397e+00 1.500000000000000000e+00
-1.537068805206599720e+00 1.500000000000000000e+00
-1.533060601173552806e+00 1.500000000000000000e+00
-1.529508466606924744e+00 1.500000000000000000e+00
-1.517208552758972706e+00 1.500000000000000000e+00
-1.498242990140929987e+00 1.500000000000000000e+00
-1.480303320314543924e+00 1.500000000000000000e+00
-1.460389512819719071e+00 1.500000000000000000e+00
-1.453122675072445968e+00 1.500000000000000000e+00
-1.440895708972299571e+00 1.500000000000000000e+00
-1.436086015765782431e+00 1.500000000000000000e+00
-1.416138657211524432e+00 1.500000000000000000e+00
-1.405431457166456788e+00 1.500000000000000000e+00
-1.402541756573076892e+00 1.500000000000000000e+00
-1.387709877868224639e+00 1.500000000000000000e+00
-1.384923856573176071e+00 1.500000000000000000e+00
-1.367890754953265731e+00 1.500000000000000000e+00
-1.362884210098019411e+00 1.500000000000000000e+00
-1.339257803139652703e+00 1.500000000000000000e+00
-1.311500783609084175e+00 1.500000000000000000e+00
-1.304503643321294426e+00 1.500000000000000000e+00
-1.299267357353672603e+00 1.500000000000000000e+00
-1.283400043223097864e+00 1.500000000000000000e+00
-1.266618712486720089e+00 1.500000000000000000e+00
-1.263389596044194763e+00 1.500000000000000000e+00
-1.257126315074436507e+00 1.500000000000000000e+00
-1.242432355400126642e+00 1.500000000000000000e+00
-1.230705183711771733e+00 1.500000000000000000e+00
-1.225237313345839407e+00 1.500000000000000000e+00
-1.208522456818491575e+00 1.500000000000000000e+00
-1.206300569137522372e+00 1.500000000000000000e+00
-1.199376665935451003e+00 1.500000000000000000e+00
-1.189584867719929440e+00 1.500000000000000000e+00
-1.176908053762727002e+00 1.500000000000000000e+00
-1.169911881161865397e+00 1.500000000000000000e+00
-1.155655724390813655e+00 1.500000000000000000e+00
-1.148272906556430328e+00 1.500000000000000000e+00
-1.136187568589482444e+00 1.500000000000000000e+00
-1.126304834373651476e+00 1.500000000000000000e+00
-1.119330092622174755e+00 1.500000000000000000e+00
-1.109895178010314121e+00 1.500000000000000000e+00
-1.104604814076939556e+00 1.500000000000000000e+00
-1.099979476527522815e+00 1.500000000000000000e+00
-1.091261156153791934e+00 1.500000000000000000e+00
-1.077675727658872429e+00 1.500000000000000000e+00
-1.074836048668930566e+00 1.500000000000000000e+00
-1.059420801251286459e+00 1.500000000000000000e+00
-1.055185087224463025e+00 1.500000000000000000e+00
-1.045149080030505440e+00 1.500000000000000000e+00
-1.042478081796654799e+00 1.500000000000000000e+00
-1.029315264940450225e+00 1.500000000000000000e+00
-1.027665265470866007e+00 1.500000000000000000e+00
-1.012010608195443861e+00 1.500000000000000000e+00
-1.004413487607549893e+00 1.500000000000000000e+00
-9.953163463268897004e-01 1.500000000000000000e+00
-9.821110720294157215e-01 1.500000000000000000e+00
-9.620354627722519369e-01 1.500000000000000000e+00
-9.506029620885871889e-01 1.500000000000000000e+00
-9.450284471225451899e-01 1.500000000000000000e+00
-9.288262040724212243e-01 1.500000000000000000e+00
-9.209593251161219962e-01 1.500000000000000000e+00
-9.131628352580553054e-01 1.500000000000000000e+00
-9.049588875634757557e-01 1.500000000000000000e+00
-9.000768656488585817e-01 1.500000000000000000e+00
-8.895882792382723281e-01 1.500000000000000000e+00
-8.831322146130272666e-01 1.500000000000000000e+00
-8.683512966744697525e-01 1.500000000000000000e+00
-8.445460331463989778e-01 1.500000000000000000e+00
-8.433429496177995421e-01 1.500000000000000000e+00
-8.366027283151906691e-01 1.500000000000000000e+00
-8.273868894262219609e-01 1.500000000000000000e+00
-8.138297578896268591e-01 1.500000000000000000e+00
-8.120674787491169999e-01 1.500000000000000000e+00
-7.973499668035534116e-01 1.500000000000000000e+00
-7.864094511984812685e-01 1.500000000000000000e+00
-7.827111531770564179e-01 1.500000000000000000e+00
-7.714959310772976364e-01 1.500000000000000000e+00
-7.574166755408474616e-01 1.500000000000000000e+00
-7.518276402629331390e-01 1.500000000000000000e+00
-7.463925535966838831e-01 1.500000000000000000e+00
-7.324883834853596065e-01 1.500000000000000000e+00
-7.292434845460331605e-01 1.500000000000000000e+00
-7.270788068103971602e-01 1.500000000000000000e+00
-7.164535544638359621e-01 1.500000000000000000e+00
-7.078929468088869248e-01 1.500000000000000000e+00
-7.033679753412607205e-01 1.500000000000000000e+00
-6.975067515444430821e-01 1.500000000000000000e+00
-6.916932702183022919e-01 1.500000000000000000e+00
-6.850161646318728703e-01 1.500000000000000000e+00
-6.831719675259958491e-01 1.500000000000000000e+00
-6.700416345483334313e-01 1.500000000000000000e+00
-6.633693868733564480e-01 1.500000000000000000e+00
-6.501731964658155061e-01 1.500000000000000000e+00
-6.406632409982470078e-01 1.500000000000000000e+00
-6.309142510815163307e-01 1.500000000000000000e+00
-6.204981514752193617e-01 1.500000000000000000e+00
-6.166388975154855068e-01 1.500000000000000000e+00
-6.089663937469361743e-01 1.500000000000000000e+00
-5.983687728836383224e-01 1.500000000000000000e+00
-5.891395169361791639e-01 1.500000000000000000e+00
-5.829676415195494954e-01 1.500000000000000000e+00
-5.758573670440880754e-01 1.500000000000000000e+00
-5.726740187843250007e-01 1.500000000000000000e+00
-5.667051013836955642e-01 1.500000000000000000e+00
-5.502791759301201013e-01 1.500000000000000000e+00
-5.464467164910118413e-01 1.500000000000000000e+00
-5.359450860952487128e-01 1.500000000000000000e+00
-5.252139799537414167e-01 1.500000000000000000e+00
-5.195230107177626344e-01 1.500000000000000000e+00
-5.100597077082980046e-01 1.500000000000000000e+00
-5.049530149259439105e-01 1.500000000000000000e+00
-5.033922249368156798e-01 1.500000000000000000e+00
-5.007853980552601225e-01 1.500000000000000000e+00
-4.839870069296409727e-01 1.500000000000000000e+00
-4.781162914979897871e-01 1.500000000000000000e+00
-4.691378637166390142e-01 1.500000000000000000e+00
-4.617302631598070306e-01 1.500000000000000000e+00
-4.465630632387714294e-01 1.500000000000000000e+00
-4.388082799578123527e-01 1.500000000000000000e+00
-4.278359032397818229e-01 1.500000000000000000e+00
-4.156744418298439214e-01 1.500000000000000000e+00
-4.101066857717422520e-01 1.500000000000000000e+00
-3.961189885165808389e-01 1.500000000000000000e+00
-3.917900534856946226e-01 1.500000000000000000e+00
-3.839599745636467776e-01 1.500000000000000000e+00
-3.827973580721270586e-01 1.500000000000000000e+00
-3.813502170152740511e-01 1.500000000000000000e+00
-3.749903677012983438e-01 1.500000000000000000e+00
-3.693791635173385712e-01 1.500000000000000000e+00
-3.575911290001687060e-01 1.500000000000000000e+00
-3.535891959922884409e-01 1.500000000000000000e+00
-3.377861266155021691e-01 1.500000000000000000e+00
-3.330264810230702532e-01 1.500000000000000000e+00
-3.169137980353022299e-01 1.500000000000000000e+00
-3.149618157729001111e-01 1.500000000000000000e+00
-3.064080437123025136e-01 1.500000000000000000e+00
-3.018842661014470852e-01 1.500000000000000000e+00
-2.986258460253933822e-01 1.500000000000000000e+00
-2.927915516600585466e-01 1.500000000000000000e+00
-2.786170195275921579e-01 1.500000000000000000e+00
-2.760787646667765549e-01 1.500000000000000000e+00
-2.606662990341043207e-01 1.500000000000000000e+00
-2.573343907616080783e-01 1.500000000000000000e+00
-2.528984166716275461e-01 1.500000000000000000e+00
-2.506327775298232696e-01 1.500000000000000000e+00
-2.384906807614522450e-01 1.500000000000000000e+00
-2.367972749223920259e-01 1.500000000000000000e+00
-2.197248114137843322e-01 1.500000000000000000e+00
-2.086388594758442350e-01 1.500000000000000000e+00
-2.061929279243965019e-01 1.500000000000000000e+00
-2.015072788934301196e-01 1.500000000000000000e+00
-1.940879893031762782e-01 1.500000000000000000e+00
-1.871926168171201554e-01 1.500000000000000000e+00
-1.805417370802109289e-01 1.500000000000000000e+00
-1.740127539446182092e-01 1.500000000000000000e+00
-1.629419501935192860e-01 1.500000000000000000e+00
-1.557981063883958905e-01 1.500000000000000000e+00
-1.466712585312228145e-01 1.500000000000000000e+00
-1.419814016578656857e-01 1.500000000000000000e+00
-1.356847823361029270e-01 1.500000000000000000e+00
-1.267415085697382315e-01 1.500000000000000000e+00
-1.249627054582082702e-01 1.500000000000000000e+00
-1.191006828305422455e-01 1.500000000000000000e+00
-1.132346675458579532e-01 1.500000000000000000e+00
-1.034121575809315574e-01 1.500000000000000000e+00
-9.718287793616467440e-02 1.500000000000000000e+00
-8.729145715221997559e-02 1.500000000000000000e+00
-8.292869262567380273e-02 1.500000000000000000e+00
-6.949566652399717659e-02 1.500000000000000000e+00
-6.733245663429707206e-02 1.500000000000000000e+00
-5.993764538637522815e-02 1.500000000000000000e+00
-5.559751954978874033e-02 1.500000000000000000e+00
-5.060599340822648229e-02 1.500000000000000000e+00
-4.296431295213774121e-02 1.500000000000000000e+00
-3.216741160269815519e-02 1.500000000000000000e+00
-2.722260593631435979e-02 1.500000000000000000e+00
-1.134943794868737039e-02 1.500000000000000000e+00
-6.033795254397992039e-03 1.500000000000000000e+00
-1.098411403066396107e-03 1.500000000000000000e+00
3.614931273732705820e-03 1.500000000000000000e+00
1.114204452712046038e-02 1.500000000000000000e+00
2.002901481349177865e-02 1.500000000000000000e+00
2.704682182575228119e-02 1.500000000000000000e+00
3.093797861424377529e-02 1.500000000000000000e+00
4.408052530012790404e-02 1.500000000000000000e+00
5.053024113708160653e-02 1.500000000000000000e+00
5.641476275629533216e-02 1.500000000000000000e+00
6.308494602915949712e-02 1.500000000000000000e+00
6.472543193305485554e-02 1.500000000000000000e+00
7.411696566478329085e-02 1.500000000000000000e+00
7.751757082929944254e-02 1.500000000000000000e+00
8.602204504042038069e-02 1.500000000000000000e+00
8.873167870391268641e-02 1.500000000000000000e+00
9.418038621266626442e-02 1.500000000000000000e+00
1.013666485383690613e-01 1.500000000000000000e+00
1.077753434173366054e-01 1.500000000000000000e+00
1.235326227627549095e-01 1.500000000000000000e+00
1.345133321968053353e-01 1.500000000000000000e+00
1.377388658579449254e-01 1.500000000000000000e+00
1.463435691155379470e-01 1.500000000000000000e+00
1.506468964048965631e-01 1.500000000000000000e+00
1.624434262444078847e-01 1.500000000000000000e+00
1.685364274701554033e-01 1.500000000000000000e+00
1.762492204019753261e-01 1.500000000000000000e+00
1.832736669119386652e-01 1.500000000000000000e+00
1.910476798432526879e-01 1.500000000000000000e+00
1.924763319259763239e-01 1.500000000000000000e+00
2.010516877139754688e-01 1.500000000000000000e+00
2.047406568555375228e-01 1.500000000000000000e+00
2.179025648201748377e-01 1.500000000000000000e+00
2.182219770024649563e-01 1.500000000000000000e+00
2.297285323013048275e-01 1.500000000000000000e+00
2.305694118978210139e-01 1.500000000000000000e+00
2.375429823343051527e-01 1.500000000000000000e+00
2.503757798420333525e-01 1.500000000000000000e+00
2.569878051389071771e-01 1.500000000000000000e+00
2.670913601481197386e-01 1.500000000000000000e+00
2.692263887060448169e-01 1.500000000000000000e+00
2.753780405901042339e-01 1.500000000000000000e+00
2.837686922720117910e-01 1.500000000000000000e+00
2.929158612940856998e-01 1.500000000000000000e+00
3.018219629930507519e-01 1.500000000000000000e+00
3.103300456895756732e-01 1.500000000000000000e+00
3.126046151282005914e-01 1.500000000000000000e+00
3.278498227941362142e-01 1.500000000000000000e+00
3.292103298480500428e-01 1.500000000000000000e+00
3.365199524996736469e-01 1.500000000000000000e+00
3.508152595599150492e-01 1.500000000000000000e+00
3.549397915325789854e-01 1.500000000000000000e+00
3.598083936738958877e-01 1.500000000000000000e+00
3.634661455765844096e-01 1.500000000000000000e+00
3.700959401698643014e-01 1.500000000000000000e+00
3.796499417002764942e-01 1.500000000000000000e+00
3.844804530983491064e-01 1.500000000000000000e+00
3.895286559250105141e-01 1.500000000000000000e+00
3.976585371544492098e-01 1.500000000000000000e+00
4.091580035120607195e-01 1.500000000000000000e+00
4.118587258877805524e-01 1.500000000000000000e+00
4.267276594870879070e-01 1.500000000000000000e+00
4.354833215526913714e-01 1.500000000000000000e+00
4.418220316943411996e-01 1.500000000000000000e+00
4.443993974843473693e-01 1.500000000000000000e+00
4.491071958683259258e-01 1.500000000000000000e+00
4.538530521467242229e-01 1.500000000000000000e+00
4.621404646341756850e-01 1.500000000000000000e+00
4.681933381926463578e-01 1.500000000000000000e+00
4.760849771477020376e-01 1.500000000000000000e+00
4.795154995675597331e-01 1.500000000000000000e+00
4.854361384038163862e-01 1.500000000000000000e+00
4.958696461010898560e-01 1.500000000000000000e+00
4.988728160974511550e-01 1.500000000000000000e+00
5.077380395383357392e-01 1.500000000000000000e+00
5.152294333400874171e-01 1.500000000000000000e+00
5.220996207702146563e-01 1.500000000000000000e+00
5.284787244890293278e-01 1.500000000000000000e+00
5.374020399944923199e-01 1.500000000000000000e+00
5.434829483582660492e-01 1.500000000000000000e+00
5.497317363496375675e-01 1.500000000000000000e+00
5.606759581449208829e-01 1.500000000000000000e+00
5.706968206609509542e-01 1.500000000000000000e+00
5.767353166089990157e-01 1.500000000000000000e+00
5.794264303735580102e-01 1.500000000000000000e+00
5.883478419815262317e-01 1.500000000000000000e+00
5.964282580479327578e-01 1.500000000000000000e+00
5.984072853105975032e-01 1.500000000000000000e+00
6.166826421442441752e-01 1.500000000000000000e+00
6.248417816932290147e-01 1.500000000000000000e+00
6.279549040114218439e-01 1.500000000000000000e+00
6.347300217657602106e-01 1.500000000000000000e+00
6.434187479076082239e-01 1.500000000000000000e+00
6.455584822720337179e-01 1.500000000000000000e+00
6.574097629907962315e-01 1.500000000000000000e+00
6.678002290092470705e-01 1.500000000000000000e+00
6.703869427304688378e-01 1.500000000000000000e+00
6.818331317877747155e-01 1.500000000000000000e+00
6.850151200564307263e-01 1.500000000000000000e+00
6.875300922668188264e-01 1.500000000000000000e+00
6.929453835474773671e-01 1.500000000000000000e+00
7.040075632266555861e-01 1.500000000000000000e+00
7.074404981703364959e-01 1.500000000000000000e+00
7.199141331283007705e-01 1.500000000000000000e+00
7.268507571088373975e-01 1.500000000000000000e+00
7.319372589807252583e-01 1.500000000000000000e+00
7.396252585891863740e-01 1.500000000000000000e+00
7.472937867946679580e-01 1.500000000000000000e+00
7.513195749080918695e-01 1.500000000000000000e+00
7.579831256368316783e-01 1.500000000000000000e+00
7.628573767948808593e-01 1.500000000000000000e+00
7.745051654278101161e-01 1.500000000000000000e+00
7.789788925489122828e-01 1.500000000000000000e+00
7.884193778620669502e-01 1.500000000000000000e+00
8.004184489647369061e-01 1.500000000000000000e+00
8.035985432503947035e-01 1.500000000000000000e+00
8.143538671550155650e-01 1.500000000000000000e+00
8.244810894970614479e-01 1.500000000000000000e+00
8.315798523207514892e-01 1.500000000000000000e+00
8.404400177116000403e-01 1.500000000000000000e+00
8.447219374900126754e-01 1.500000000000000000e+00
8.558491580868096138e-01 1.500000000000000000e+00
8.626049044505067487e-01 1.500000000000000000e+00
8.680639347422702823e-01 1.500000000000000000e+00
8.812567096472140316e-01 1.500000000000000000e+00
8.924799160076897220e-01 1.500000000000000000e+00
8.952530066092029282e-01 1.500000000000000000e+00
9.060299562427810427e-01 1.500000000000000000e+00
9.114080267726046847e-01 1.500000000000000000e+00
9.225492122727992905e-01 1.500000000000000000e+00
9.278402424029498219e-01 1.500000000000000000e+00
9.383700180911884736e-01 1.500000000000000000e+00
9.444189694472024943e-01 1.500000000000000000e+00
9.485413581231313396e-01 1.500000000000000000e+00
9.534595888632967364e-01 1.500000000000000000e+00
9.640269493359704400e-01 1.500000000000000000e+00
9.760543943015812518e-01 1.500000000000000000e+00
9.822893277876710849e-01 1.500000000000000000e+00
9.851482666116079256e-01 1.500000000000000000e+00
9.938122391100585595e-01 1.500000000000000000e+00
9.974355585871887975e-01 1.500000000000000000e+00
1.012112641174883088e+00 1.500000000000000000e+00
1.016889083071785382e+00 1.500000000000000000e+00
1.037272731063460407e+00 1.500000000000000000e+00
1.037614174574532200e+00 1.500000000000000000e+00
1.044534704029985939e+00 1.500000000000000000e+00
1.055610667943110759e+00 1.500000000000000000e+00
1.059956245218288462e+00 1.500000000000000000e+00
1.069120656178556894e+00 1.500000000000000000e+00
1.078657205335335156e+00 1.500000000000000000e+00
1.082993916305100779e+00 1.500000000000000000e+00
1.090543890708513430e+00 1.500000000000000000e+00
1.094023349161482139e+00 1.500000000000000000e+00
1.098709728367399441e+00 1.500000000000000000e+00
1.123520950518963168e+00 1.500000000000000000e+00
1.136114679150494577e+00 1.500000000000000000e+00
1.145143147484825485e+00 1.500000000000000000e+00
1.152844130077970819e+00 1.500000000000000000e+00
1.162597040954370664e+00 1.500000000000000000e+00
1.166934611004303068e+00 1.500000000000000000e+00
1.172488972685834518e+00 1.500000000000000000e+00
1.178582551721340410e+00 1.500000000000000000e+00
1.183041234693300803e+00 1.500000000000000000e+00
1.189306507021617998e+00 1.500000000000000000e+00
1.194099477337375648e+00 1.500000000000000000e+00
1.209466506205309155e+00 1.500000000000000000e+00
1.215629153800824591e+00 1.500000000000000000e+00
1.220854325221660597e+00 1.500000000000000000e+00
1.231468054873859019e+00 1.500000000000000000e+00
1.242143207957966400e+00 1.500000000000000000e+00
1.256882462585016125e+00 1.500000000000000000e+00
1.268853645329049318e+00 1.500000000000000000e+00
1.274265921535516322e+00 1.500000000000000000e+00
1.281395592857502930e+00 1.500000000000000000e+00
1.293112892636423039e+00 1.500000000000000000e+00
1.303871647248934007e+00 1.500000000000000000e+00
1.306138479654558537e+00 1.500000000000000000e+00
1.314917249194705207e+00 1.500000000000000000e+00
1.319543464925110543e+00 1.500000000000000000e+00
1.334012695433042905e+00 1.500000000000000000e+00
1.335303132234771040e+00 1.500000000000000000e+00
1.344305380869074362e+00 1.500000000000000000e+00
1.354051483023826830e+00 1.500000000000000000e+00
1.364703764321862245e+00 1.500000000000000000e+00
1.376652444067285375e+00 1.500000000000000000e+00
1.385439888355901372e+00 1.500000000000000000e+00
1.388997775422872616e+00 1.500000000000000000e+00
1.390904053072389068e+00 1.500000000000000000e+00
1.406183896823914203e+00 1.500000000000000000e+00
1.413638038694131627e+00 1.500000000000000000e+00
1.427378796620889068e+00 1.500000000000000000e+00
1.432013411861877472e+00 1.500000000000000000e+00
1.438157819711693097e+00 1.500000000000000000e+00
1.453396509805764403e+00 1.500000000000000000e+00
1.459406027859308397e+00 1.500000000000000000e+00
1.468168853215892966e+00 1.500000000000000000e+00
1.477865712951107691e+00 1.500000000000000000e+00
1.489861264144374253e+00 1.500000000000000000e+00
1.503935933136570258e+00 1.500000000000000000e+00
1.510367994124672597e+00 1.500000000000000000e+00
1.526994485910509791e+00 1.500000000000000000e+00
1.531754411825655415e+00 1.500000000000000000e+00
1.539155989217972254e+00 1.500000000000000000e+00
1.549929216986128511e+00 1.500000000000000000e+00
1.558122766431381034e+00 1.500000000000000000e+00
1.574839870563418120e+00 1.500000000000000000e+00
1.579847696974003401e+00 1.500000000000000000e+00
1.580815997454936950e+00 1.500000000000000000e+00
1.588667332657530240e+00 1.500000000000000000e+00
1.596431505213186997e+00 1.500000000000000000e+00
1.614431940772297125e+00 1.500000000000000000e+00
1.629086735542135900e+00 1.500000000000000000e+00
1.633452214432894456e+00 1.500000000000000000e+00
1.638255136233503606e+00 1.500000000000000000e+00
1.646610805526481203e+00 1.500000000000000000e+00
1.660635853842731935e+00 1.500000000000000000e+00
1.669596830767766216e+00 1.500000000000000000e+00
1.670965370990890486e+00 1.500000000000000000e+00
1.681038744712347821e+00 1.500000000000000000e+00
1.695508572442236517e+00 1.500000000000000000e+00
1.717465531996815287e+00 1.500000000000000000e+00
1.722168680995708412e+00 1.500000000000000000e+00
1.728520362035506741e+00 1.500000000000000000e+00
1.734409912582407065e+00 1.500000000000000000e+00
1.765476671761431193e+00 1.500000000000000000e+00
1.778672623434617517e+00 1.500000000000000000e+00
1.793790959878085900e+00 1.500000000000000000e+00
1.798668671316165923e+00 1.500000000000000000e+00
1.805722505437752368e+00 1.500000000000000000e+00
1.811447815170284859e+00 1.500000000000000000e+00
1.824234919190980131e+00 1.500000000000000000e+00
1.827734321371544235e+00 1.500000000000000000e+00
1.836370270984180264e+00 1.500000000000000000e+00
1.844707332034811520e+00 1.500000000000000000e+00
1.855697584067941053e+00 1.500000000000000000e+00
1.880161352900347582e+00 1.500000000000000000e+00
1.891824147127441957e+00 1.500000000000000000e+00
1.906353119696899023e+00 1.500000000000000000e+00
1.914149946478145292e+00 1.500000000000000000e+00
1.928221054895266962e+00 1.500000000000000000e+00
1.930097777857214592e+00 1.500000000000000000e+00
1.943907584111126186e+00 1.500000000000000000e+00
1.959994489220680203e+00 1.500000000000000000e+00
1.973250435758902022e+00 1.500000000000000000e+00
1.991353612633594228e+00 1.500000000000000000e+00
1.994177015043213874e+00 1.500000000000000000e+00
2.000805244520450721e+00 1.500000000000000000e+00
2.008118703745934042e+00 1.500000000000000000e+00
2.013435089436091729e+00 1.500000000000000000e+00
2.028550294111403751e+00 1.500000000000000000e+00
2.061251909649177705e+00 1.500000000000000000e+00
2.075200630447078698e+00 1.500000000000000000e+00
2.080253050243427992e+00 1.500000000000000000e+00
2.085750527993572856e+00 1.500000000000000000e+00
2.092040431176267035e+00 1.500000000000000000e+00
2.107083595604220871e+00 1.500000000000000000e+00
2.112246983732152028e+00 1.500000000000000000e+00
2.114729372775974170e+00 1.500000000000000000e+00
2.136458639588183051e+00 1.500000000000000000e+00
2.145310304653268663e+00 1.500000000000000000e+00
2.149279998837311023e+00 1.500000000000000000e+00
2.172238931900623893e+00 1.500000000000000000e+00
2.192064602782153759e+00 1.500000000000000000e+00
2.228972844818513543e+00 1.500000000000000000e+00
2.244921076497801149e+00 1.500000000000000000e+00
2.246822764676214668e+00 1.500000000000000000e+00
2.273803960726185291e+00 1.500000000000000000e+00
2.279736834951311852e+00 1.500000000000000000e+00
2.285216124676797911e+00 1.500000000000000000e+00
2.300722254625877206e+00 1.500000000000000000e+00
2.323009955041376973e+00 1.500000000000000000e+00
2.330622713422624503e+00 1.500000000000000000e+00
2.341063152105444356e+00 1.500000000000000000e+00
2.356780602375905698e+00 1.500000000000000000e+00
2.375658989884127159e+00 1.500000000000000000e+00
2.396987379578764621e+00 1.500000000000000000e+00
2.411411494704380321e+00 1.500000000000000000e+00
2.422080401628681212e+00 1.500000000000000000e+00
2.424997831728809228e+00 1.500000000000000000e+00
2.445205805740386928e+00 1.500000000000000000e+00
2.487031537617440780e+00 1.500000000000000000e+00
2.489486666469259202e+00 1.500000000000000000e+00
2.499516916826827195e+00 1.500000000000000000e+00
2.529192230046108048e+00 1.500000000000000000e+00
2.539733479625592594e+00 1.500000000000000000e+00
2.558992316034141012e+00 1.500000000000000000e+00
2.586729677879896716e+00 1.500000000000000000e+00
2.589762001910253186e+00 1.500000000000000000e+00
2.602710630871219788e+00 1.500000000000000000e+00
2.626477017583070506e+00 1.500000000000000000e+00
2.639473126631084465e+00 1.500000000000000000e+00
2.679440733045061585e+00 1.500000000000000000e+00
2.707630021411743027e+00 1.500000000000000000e+00
2.714435434414822712e+00 1.500000000000000000e+00
2.739578059908678753e+00 1.500000000000000000e+00
2.763715480032205907e+00 1.500000000000000000e+00
2.795450843644842198e+00 1.500000000000000000e+00
2.844647862732812005e+00 1.500000000000000000e+00
2.861831120697738928e+00 1.500000000000000000e+00
2.870928428534705201e+00 1.500000000000000000e+00
2.884850297187133705e+00 1.500000000000000000e+00
2.901767516516090772e+00 1.500000000000000000e+00
2.910976846406774676e+00 1.500000000000000000e+00
2.927565791102544335e+00 1.500000000000000000e+00
2.938888811560634196e+00 1.500000000000000000e+00
2.959048928771229825e+00 1.500000000000000000e+00
2.968605310165088440e+00 1.500000000000000000e+00
3.005318959022717618e+00 1.500000000000000000e+00
3.078852096125813897e+00 1.500000000000000000e+00
3.106872436084948230e+00 1.500000000000000000e+00
3.132508991036937473e+00 1.500000000000000000e+00
3.176173897865646634e+00 1.500000000000000000e+00
3.201333545528812774e+00 1.500000000000000000e+00
3.253212512528043110e+00 1.500000000000000000e+00
3.266655078785625221e+00 1.500000000000000000e+00
3.307247752996758106e+00 1.500000000000000000e+00
3.324777212062581366e+00 1.500000000000000000e+00
3.376434672642730117e+00 1.500000000000000000e+00
3.417559140653985583e+00 1.500000000000000000e+00
3.448246068164820155e+00 1.500000000000000000e+00
3.466733845816104775e+00 1.500000000000000000e+00
3.522978211804517201e+00 1.500000000000000000e+00
3.572430054884653927e+00 1.500000000000000000e+00
3.615161418188527431e+00 1.500000000000000000e+00
3.773495065192945308e+00 1.500000000000000000e+00
3.807199544594516816e+00 1.500000000000000000e+00
3.835114715845051592e+00 1.500000000000000000e+00
3.908802956490855074e+00 1.500000000000000000e+00
3.940347126445994164e+00 1.500000000000000000e+00
3.977713725999716843e+00 1.500000000000000000e+00
4.106605033875247557e+00 1.500000000000000000e+00
4.371097707855013503e+00 1.500000000000000000e+00
4.409809627115689246e+00 1.500000000000000000e+00
4.581563883951459637e+00 1.500000000000000000e+00
4.986731833759013632e+00 1.500000000000000000e+00
-3.267477483545570660e+00 5.000000000000000000e-01
-3.108281875757143986e+00 5.000000000000000000e-01
-2.904064662003976061e+00 5.000000000000000000e-01
-2.768088486103235102e+00 5.000000000000000000e-01
-2.738724124653639791e+00 5.000000000000000000e-01
-2.566423650828736580e+00 5.000000000000000000e-01
-2.523637748612939991e+00 5.000000000000000000e-01
-2.456853414482831344e+00 5.000000000000000000e-01
-2.444886806238505184e+00 5.000000000000000000e-01
-2.345443659145399540e+00 5.000000000000000000e-01
-2.313862260696406103e+00 5.000000000000000000e-01
-2.279335837676083720e+00 5.000000000000000000e-01
-2.234690204075953091e+00 5.000000000000000000e-01
-2.186762916336727702e+00 5.000000000000000000e-01
-2.168725700517392774e+00 5.000000000000000000e-01
-2.145510569218615160e+00 5.000000000000000000e-01
-2.128010710517974857e+00 5.000000000000000000e-01
-2.093462947046514699e+00 5.000000000000000000e-01
-2.062635824936018381e+00 5.000000000000000000e-01
-2.000720372514416479e+00 5.000000000000000000e-01
-1.976138472657637202e+00 5.000000000000000000e-01
-1.948477024548522341e+00 5.000000000000000000e-01
-1.915515043542398654e+00 5.000000000000000000e-01
-1.894668804525706740e+00 5.000000000000000000e-01
-1.887982102688946284e+00 5.000000000000000000e-01
-1.862800772061705246e+00 5.000000000000000000e-01
-1.849966620226567215e+00 5.000000000000000000e-01
-1.795312986103541730e+00 5.000000000000000000e-01
-1.767147132962633815e+00 5.000000000000000000e-01
-1.737396949666029755e+00 5.000000000000000000e-01
-1.725400194985873936e+00 5.000000000000000000e-01
-1.690623168455050784e+00 5.000000000000000000e-01
-1.680610120197006507e+00 5.000000000000000000e-01
-1.669089092383887474e+00 5.000000000000000000e-01
-1.639941695749612904e+00 5.000000000000000000e-01
-1.628186742546287924e+00 5.000000000000000000e-01
-1.604875027823829292e+00 5.000000000000000000e-01
-1.591784544260820056e+00 5.000000000000000000e-01
-1.565005302780517304e+00 5.000000000000000000e-01
-1.539346113312841213e+00 5.000000000000000000e-01
-1.510173882779355159e+00 5.000000000000000000e-01
-1.478975467279297407e+00 5.000000000000000000e-01
-1.473157529552854728e+00 5.000000000000000000e-01
-1.461176522193742056e+00 5.000000000000000000e-01
-1.444854266435748436e+00 5.000000000000000000e-01
-1.437869750580658801e+00 5.000000000000000000e-01
-1.406366609522391675e+00 5.000000000000000000e-01
-1.403158423249095010e+00 5.000000000000000000e-01
-1.398094444702244754e+00 5.000000000000000000e-01
-1.367123495985064663e+00 5.000000000000000000e-01
-1.356047274031736194e+00 5.000000000000000000e-01
-1.328669098287712735e+00 5.000000000000000000e-01
-1.292910733358795472e+00 5.000000000000000000e-01
-1.289552410125782256e+00 5.000000000000000000e-01
-1.280418899019072576e+00 5.000000000000000000e-01
-1.265688644653148565e+00 5.000000000000000000e-01
-1.243376291103643450e+00 5.000000000000000000e-01
-1.231369358417483406e+00 5.000000000000000000e-01
-1.221797304938219586e+00 5.000000000000000000e-01
-1.196867919898691568e+00 5.000000000000000000e-01
-1.187528125731140527e+00 5.000000000000000000e-01
-1.177095646583503408e+00 5.000000000000000000e-01
-1.160846593016517270e+00 5.000000000000000000e-01
-1.157753523616468661e+00 5.000000000000000000e-01
-1.130443414891954657e+00 5.000000000000000000e-01
-1.128473074184882741e+00 5.000000000000000000e-01
-1.109461138278521997e+00 5.000000000000000000e-01
-1.090559146992634787e+00 5.000000000000000000e-01
-1.086647084630366189e+00 5.000000000000000000e-01
-1.066820772225693492e+00 5.000000000000000000e-01
-1.055330501887626671e+00 5.000000000000000000e-01
-1.032041192171754274e+00 5.000000000000000000e-01
-1.025539726687932252e+00 5.000000000000000000e-01
-1.016625389441768057e+00 5.000000000000000000e-01
-9.900086751733174761e-01 5.000000000000000000e-01
-9.733648644299893737e-01 5.000000000000000000e-01
-9.483504702016181120e-01 5.000000000000000000e-01
-9.387148038263766203e-01 5.000000000000000000e-01
-9.234724962966829320e-01 5.000000000000000000e-01
-9.151341730326192359e-01 5.000000000000000000e-01
-9.095299683672404267e-01 5.000000000000000000e-01
-8.956540466046668536e-01 5.000000000000000000e-01
-8.917446246056055514e-01 5.000000000000000000e-01
-8.796849866225677772e-01 5.000000000000000000e-01
-8.715613868681224563e-01 5.000000000000000000e-01
-8.545618177191136589e-01 5.000000000000000000e-01
-8.315754257394578630e-01 5.000000000000000000e-01
-8.201375431677119243e-01 5.000000000000000000e-01
-7.990014537104634940e-01 5.000000000000000000e-01
-7.901169354399626421e-01 5.000000000000000000e-01
-7.758771424746584433e-01 5.000000000000000000e-01
-7.537099466536107961e-01 5.000000000000000000e-01
-7.464141181768464417e-01 5.000000000000000000e-01
-7.329066459751487628e-01 5.000000000000000000e-01
-7.156028219789463130e-01 5.000000000000000000e-01
-7.013933615221364937e-01 5.000000000000000000e-01
-6.921413205342076269e-01 5.000000000000000000e-01
-6.830946293411090942e-01 5.000000000000000000e-01
-6.739650232223550752e-01 5.000000000000000000e-01
-6.666138149070124364e-01 5.000000000000000000e-01
-6.441284199268220156e-01 5.000000000000000000e-01
-6.372049902643615038e-01 5.000000000000000000e-01
-6.190174798991011640e-01 5.000000000000000000e-01
-5.925526081462714201e-01 5.000000000000000000e-01
-5.828015361069170952e-01 5.000000000000000000e-01
-5.729209562850381410e-01 5.000000000000000000e-01
-5.715219227022275694e-01 5.000000000000000000e-01
-5.695985095761798567e-01 5.000000000000000000e-01
-5.513061866852677628e-01 5.000000000000000000e-01
-5.396765528556555225e-01 5.000000000000000000e-01
-5.262350016793544416e-01 5.000000000000000000e-01
-5.098998155746437000e-01 5.000000000000000000e-01
-5.049328461046843630e-01 5.000000000000000000e-01
-4.901678607751189798e-01 5.000000000000000000e-01
-4.884598865443793847e-01 5.000000000000000000e-01
-4.776463807767087899e-01 5.000000000000000000e-01
-4.705744033276880733e-01 5.000000000000000000e-01
-4.553807526272708461e-01 5.000000000000000000e-01
-4.491743428022885176e-01 5.000000000000000000e-01
-4.335261505512106317e-01 5.000000000000000000e-01
-4.266515521090385454e-01 5.000000000000000000e-01
-4.229792055478994728e-01 5.000000000000000000e-01
-4.065040587819764850e-01 5.000000000000000000e-01
-3.934816692966688900e-01 5.000000000000000000e-01
-3.718929687728140254e-01 5.000000000000000000e-01
-3.690521125185783347e-01 5.000000000000000000e-01
-3.570123566448586416e-01 5.000000000000000000e-01
-3.407938348833270403e-01 5.000000000000000000e-01
-3.345031568505487107e-01 5.000000000000000000e-01
-3.207261899731451704e-01 5.000000000000000000e-01
-3.114119900652376760e-01 5.000000000000000000e-01
-2.964251246159101960e-01 5.000000000000000000e-01
-2.900654954437956734e-01 5.000000000000000000e-01
-2.862202608383444535e-01 5.000000000000000000e-01
-2.726621111554103916e-01 5.000000000000000000e-01
-2.726039500182246278e-01 5.000000000000000000e-01
-2.603161725638101220e-01 5.000000000000000000e-01
-2.401039282617931925e-01 5.000000000000000000e-01
-2.328727357007912002e-01 5.000000000000000000e-01
-2.273717737386260485e-01 5.000000000000000000e-01
-2.167587653508603607e-01 5.000000000000000000e-01
-2.082550449339096166e-01 5.000000000000000000e-01
-2.000993658661437968e-01 5.000000000000000000e-01
-1.862509995138068308e-01 5.000000000000000000e-01
-1.675728901439021701e-01 5.000000000000000000e-01
-1.534083996290157847e-01 5.000000000000000000e-01
-1.383955415660458321e-01 5.000000000000000000e-01
-1.315972398701572843e-01 5.000000000000000000e-01
-1.234281460874659259e-01 5.000000000000000000e-01
-1.188158304997386644e-01 5.000000000000000000e-01
-1.072659008288613658e-01 5.000000000000000000e-01
-9.503960147389109436e-02 5.000000000000000000e-01
-7.968336548889892734e-02 5.000000000000000000e-01
-7.655457659125296244e-02 5.000000000000000000e-01
-6.250575161618805720e-02 5.000000000000000000e-01
-5.876329247797532768e-02 5.000000000000000000e-01
-4.872794651738981270e-02 5.000000000000000000e-01
-3.596237114165339033e-02 5.000000000000000000e-01
-3.041271215134451478e-02 5.000000000000000000e-01
-2.187445583835393587e-02 5.000000000000000000e-01
-1.607244289585383484e-02 5.000000000000000000e-01
-5.232563667844324952e-03 5.000000000000000000e-01
2.891907027737568737e-03 5.000000000000000000e-01
1.168035771182080775e-02 5.000000000000000000e-01
2.266137819988470539e-02 5.000000000000000000e-01
3.293971756583907728e-02 5.000000000000000000e-01
3.859621248140882033e-02 5.000000000000000000e-01
5.003112189823351319e-02 5.000000000000000000e-01
6.426512945737269944e-02 5.000000000000000000e-01
7.492443568685100419e-02 5.000000000000000000e-01
8.200071643260957444e-02 5.000000000000000000e-01
8.859511259194716160e-02 5.000000000000000000e-01
9.403819481123208701e-02 5.000000000000000000e-01
1.077227637529170889e-01 5.000000000000000000e-01
1.219969286649270346e-01 5.000000000000000000e-01
1.255707593358097729e-01 5.000000000000000000e-01
1.428565781693815484e-01 5.000000000000000000e-01
1.568661944758984184e-01 5.000000000000000000e-01
1.632841690130217294e-01 5.000000000000000000e-01
1.722664758983913635e-01 5.000000000000000000e-01
1.807446053568555200e-01 5.000000000000000000e-01
1.983704754702705075e-01 5.000000000000000000e-01
2.069255915882894648e-01 5.000000000000000000e-01
2.274983893394825207e-01 5.000000000000000000e-01
2.344052910732015715e-01 5.000000000000000000e-01
2.404953675040114314e-01 5.000000000000000000e-01
2.429342299852918774e-01 5.000000000000000000e-01
2.480687911955634650e-01 5.000000000000000000e-01
2.526244407802661351e-01 5.000000000000000000e-01
2.706215358520850378e-01 5.000000000000000000e-01
2.820951141605661516e-01 5.000000000000000000e-01
2.907089292238172473e-01 5.000000000000000000e-01
2.977104443293187019e-01 5.000000000000000000e-01
3.085763209821812403e-01 5.000000000000000000e-01
3.159430700302926498e-01 5.000000000000000000e-01
3.188135111357426332e-01 5.000000000000000000e-01
3.349174198412640524e-01 5.000000000000000000e-01
3.524020310592412830e-01 5.000000000000000000e-01
3.597238390699431521e-01 5.000000000000000000e-01
3.703618019836159569e-01 5.000000000000000000e-01
3.779273265791558978e-01 5.000000000000000000e-01
4.010284781920928077e-01 5.000000000000000000e-01
4.095540143000249711e-01 5.000000000000000000e-01
4.119612842088192228e-01 5.000000000000000000e-01
4.190564682025536003e-01 5.000000000000000000e-01
4.306768145874581566e-01 5.000000000000000000e-01
4.391535451405566559e-01 5.000000000000000000e-01
4.515571269912857510e-01 5.000000000000000000e-01
4.535441913344229747e-01 5.000000000000000000e-01
4.614235974502475801e-01 5.000000000000000000e-01
4.741324273207967455e-01 5.000000000000000000e-01
4.912633402863602616e-01 5.000000000000000000e-01
5.020163751905870608e-01 5.000000000000000000e-01
5.069690922915024434e-01 5.000000000000000000e-01
5.120275038962790459e-01 5.000000000000000000e-01
5.198270306399673801e-01 5.000000000000000000e-01
5.410765276457693007e-01 5.000000000000000000e-01
5.478774014377353341e-01 5.000000000000000000e-01
5.550225782424044185e-01 5.000000000000000000e-01
5.685662359002412458e-01 5.000000000000000000e-01
5.796090956308966868e-01 5.000000000000000000e-01
5.899939948326068384e-01 5.000000000000000000e-01
6.018577899876665915e-01 5.000000000000000000e-01
6.056361285211182555e-01 5.000000000000000000e-01
6.252373558548681709e-01 5.000000000000000000e-01
6.286218134458212425e-01 5.000000000000000000e-01
6.391033506196814873e-01 5.000000000000000000e-01
6.472626520386264293e-01 5.000000000000000000e-01
6.531725134528453269e-01 5.000000000000000000e-01
6.622553455572769421e-01 5.000000000000000000e-01
6.681551852653758727e-01 5.000000000000000000e-01
6.692066225712450800e-01 5.000000000000000000e-01
6.850619002425194504e-01 5.000000000000000000e-01
6.946961571487847431e-01 5.000000000000000000e-01
7.151992182135540332e-01 5.000000000000000000e-01
7.244012427098766027e-01 5.000000000000000000e-01
7.341057963813030218e-01 5.000000000000000000e-01
7.416290017751697716e-01 5.000000000000000000e-01
7.582283243750260748e-01 5.000000000000000000e-01
7.623566668803115620e-01 5.000000000000000000e-01
7.694656957935687158e-01 5.000000000000000000e-01
7.799049211027635486e-01 5.000000000000000000e-01
7.859472027483339618e-01 5.000000000000000000e-01
7.944274051906763390e-01 5.000000000000000000e-01
8.062977425706790990e-01 5.000000000000000000e-01
8.152996223801685094e-01 5.000000000000000000e-01
8.195229612998033986e-01 5.000000000000000000e-01
8.282275479800044193e-01 5.000000000000000000e-01
8.406884270557842820e-01 5.000000000000000000e-01
8.567772236001737207e-01 5.000000000000000000e-01
8.781410702517673528e-01 5.000000000000000000e-01
8.804977859779203886e-01 5.000000000000000000e-01
8.950205760672054200e-01 5.000000000000000000e-01
9.041275609118397671e-01 5.000000000000000000e-01
9.112357682319390806e-01 5.000000000000000000e-01
9.204668306837875402e-01 5.000000000000000000e-01
9.244160735988579125e-01 5.000000000000000000e-01
9.426584049499343587e-01 5.000000000000000000e-01
9.487026312835021846e-01 5.000000000000000000e-01
9.609669599593627654e-01 5.000000000000000000e-01
9.656807922032576430e-01 5.000000000000000000e-01
9.889281203972815071e-01 5.000000000000000000e-01
1.003287738668608098e+00 5.000000000000000000e-01
1.010715704256803793e+00 5.000000000000000000e-01
1.014512457696421732e+00 5.000000000000000000e-01
1.022825837091400292e+00 5.000000000000000000e-01
1.042942544468199229e+00 5.000000000000000000e-01
1.052578035328270323e+00 5.000000000000000000e-01
1.064328441701778205e+00 5.000000000000000000e-01
1.078782392828024461e+00 5.000000000000000000e-01
1.087792649689577118e+00 5.000000000000000000e-01
1.096875145115658645e+00 5.000000000000000000e-01
1.101981629814593688e+00 5.000000000000000000e-01
1.115667907068685460e+00 5.000000000000000000e-01
1.118250091819296133e+00 5.000000000000000000e-01
1.128472986772586006e+00 5.000000000000000000e-01
1.145017709266498596e+00 5.000000000000000000e-01
1.151833380643949800e+00 5.000000000000000000e-01
1.173507853398609635e+00 5.000000000000000000e-01
1.176179303870457993e+00 5.000000000000000000e-01
1.178626232104916571e+00 5.000000000000000000e-01
1.184753395639767781e+00 5.000000000000000000e-01
1.199839820726294359e+00 5.000000000000000000e-01
1.216317639741176793e+00 5.000000000000000000e-01
1.220312108194284706e+00 5.000000000000000000e-01
1.252464635251403280e+00 5.000000000000000000e-01
1.267579050899086290e+00 5.000000000000000000e-01
1.273828994262694581e+00 5.000000000000000000e-01
1.277897205598679253e+00 5.000000000000000000e-01
1.282669423912581985e+00 5.000000000000000000e-01
1.304888178890926342e+00 5.000000000000000000e-01
1.329591387644573963e+00 5.000000000000000000e-01
1.333799498523527305e+00 5.000000000000000000e-01
1.342705563944710745e+00 5.000000000000000000e-01
1.349986828828523278e+00 5.000000000000000000e-01
1.358103545557342473e+00 5.000000000000000000e-01
1.372266173291669888e+00 5.000000000000000000e-01
1.382808788703466130e+00 5.000000000000000000e-01
1.390447270249075773e+00 5.000000000000000000e-01
1.405247643687550507e+00 5.000000000000000000e-01
1.408027119129217297e+00 5.000000000000000000e-01
1.438483930098058305e+00 5.000000000000000000e-01
1.446596823123956099e+00 5.000000000000000000e-01
1.449868323192478492e+00 5.000000000000000000e-01
1.453456857234842525e+00 5.000000000000000000e-01
1.464586539779406449e+00 5.000000000000000000e-01
1.481830746923525899e+00 5.000000000000000000e-01
1.493178054669644261e+00 5.000000000000000000e-01
1.507250411547126578e+00 5.000000000000000000e-01
1.535185500057740349e+00 5.000000000000000000e-01
1.539085192404724411e+00 5.000000000000000000e-01
1.551929855547548920e+00 5.000000000000000000e-01
1.563296153594744942e+00 5.000000000000000000e-01
1.571993420385453533e+00 5.000000000000000000e-01
1.590378760130280344e+00 5.000000000000000000e-01
1.600166167135602668e+00 5.000000000000000000e-01
1.614502871877518508e+00 5.000000000000000000e-01
1.620311751985914039e+00 5.000000000000000000e-01
1.625303328162999827e+00 5.000000000000000000e-01
1.632115716398642835e+00 5.000000000000000000e-01
1.658461401680075165e+00 5.000000000000000000e-01
1.661951243984900239e+00 5.000000000000000000e-01
1.669791928304101614e+00 5.000000000000000000e-01
1.676475163677408231e+00 5.000000000000000000e-01
1.687451433933431444e+00 5.000000000000000000e-01
1.698463858629966072e+00 5.000000000000000000e-01
1.718784474183860045e+00 5.000000000000000000e-01
1.742218475547369971e+00 5.000000000000000000e-01
1.747405024377185034e+00 5.000000000000000000e-01
1.761643162085472225e+00 5.000000000000000000e-01
1.774316737447195980e+00 5.000000000000000000e-01
1.779096186834894455e+00 5.000000000000000000e-01
1.794954693143515412e+00 5.000000000000000000e-01
1.796294129340939794e+00 5.000000000000000000e-01
1.820046454559616000e+00 5.000000000000000000e-01
1.850238710327596570e+00 5.000000000000000000e-01
1.870630912325423889e+00 5.000000000000000000e-01
1.873960065171559108e+00 5.000000000000000000e-01
1.878219473941140416e+00 5.000000000000000000e-01
1.899950094304051706e+00 5.000000000000000000e-01
1.909993232813301578e+00 5.000000000000000000e-01
1.949840264982797722e+00 5.000000000000000000e-01
1.963727611351277602e+00 5.000000000000000000e-01
1.967385819180920814e+00 5.000000000000000000e-01
1.977791778950833690e+00 5.000000000000000000e-01
1.992192633793910872e+00 5.000000000000000000e-01
2.004102845532910404e+00 5.000000000000000000e-01
2.012192668801866979e+00 5.000000000000000000e-01
2.026092423183028401e+00 5.000000000000000000e-01
2.038529802070870645e+00 5.000000000000000000e-01
2.048228385835107357e+00 5.000000000000000000e-01
2.079542529199859935e+00 5.000000000000000000e-01
2.087464594680358054e+00 5.000000000000000000e-01
2.109979077276514126e+00 5.000000000000000000e-01
2.134489724255332455e+00 5.000000000000000000e-01
2.146257111653746996e+00 5.000000000000000000e-01
2.172248669754049288e+00 5.000000000000000000e-01
2.184444875703062561e+00 5.000000000000000000e-01
2.194156301844746970e+00 5.000000000000000000e-01
2.215560130262567817e+00 5.000000000000000000e-01
2.229193985794372779e+00 5.000000000000000000e-01
2.236666953264297764e+00 5.000000000000000000e-01
2.255542326575945555e+00 5.000000000000000000e-01
2.260381080057050518e+00 5.000000000000000000e-01
2.287083639605890006e+00 5.000000000000000000e-01
2.296676202077858164e+00 5.000000000000000000e-01
2.304630382731956750e+00 5.000000000000000000e-01
2.316144770804783093e+00 5.000000000000000000e-01
2.347059264678636570e+00 5.000000000000000000e-01
2.362111785532208685e+00 5.000000000000000000e-01
2.376564030738723243e+00 5.000000000000000000e-01
2.389879084789994224e+00 5.000000000000000000e-01
2.421971959119829432e+00 5.000000000000000000e-01
2.441466239985047526e+00 5.000000000000000000e-01
2.461918020274568075e+00 5.000000000000000000e-01
2.480261193068920011e+00 5.000000000000000000e-01
2.495015877123507586e+00 5.000000000000000000e-01
2.518104290756548291e+00 5.000000000000000000e-01
2.524420325711704383e+00 5.000000000000000000e-01
2.547127529908259191e+00 5.000000000000000000e-01
2.581826706509458003e+00 5.000000000000000000e-01
2.585825345976972667e+00 5.000000000000000000e-01
2.607357509142245622e+00 5.000000000000000000e-01
2.643140356389532375e+00 5.000000000000000000e-01
2.657179061014267152e+00 5.000000000000000000e-01
2.682874882133750916e+00 5.000000000000000000e-01
2.708610575668234155e+00 5.000000000000000000e-01
2.743620561379445544e+00 5.000000000000000000e-01
2.764865035153731387e+00 5.000000000000000000e-01
2.790902092211640095e+00 5.000000000000000000e-01
2.819530583807542623e+00 5.000000000000000000e-01
2.850807960373332950e+00 5.000000000000000000e-01
2.863088609385844752e+00 5.000000000000000000e-01
2.874870408361354546e+00 5.000000000000000000e-01
2.896708863993094241e+00 5.000000000000000000e-01
2.925533436048969982e+00 5.000000000000000000e-01
2.969727263790290728e+00 5.000000000000000000e-01
2.999431770812142517e+00 5.000000000000000000e-01
3.019524285734817237e+00 5.000000000000000000e-01
3.054725097069936890e+00 5.000000000000000000e-01
3.071097333016658215e+00 5.000000000000000000e-01
3.088342738467588333e+00 5.000000000000000000e-01
3.130484105021414276e+00 5.000000000000000000e-01
3.187201666933128230e+00 5.000000000000000000e-01
3.206361679729952563e+00 5.000000000000000000e-01
3.250970542403142094e+00 5.000000000000000000e-01
3.258370740393528031e+00 5.000000000000000000e-01
3.312230455394031381e+00 5.000000000000000000e-01
3.361942970113348750e+00 5.000000000000000000e-01
3.394678079329659592e+00 5.000000000000000000e-01
3.430632547587307180e+00 5.000000000000000000e-01
3.476873295131139407e+00 5.000000000000000000e-01
3.509126334111131396e+00 5.000000000000000000e-01
3.544258129149709280e+00 5.000000000000000000e-01
3.653040691022128694e+00 5.000000000000000000e-01
3.682900731275385642e+00 5.000000000000000000e-01
3.733986398262846507e+00 5.000000000000000000e-01
3.738395183408998790e+00 5.000000000000000000e-01
3.882044698510111580e+00 5.000000000000000000e-01
3.908771556038737494e+00 5.000000000000000000e-01
3.949158564662257564e+00 5.000000000000000000e-01
4.039087820089818592e+00 5.000000000000000000e-01
4.135037043402395973e+00 5.000000000000000000e-01
4.186530766194726638e+00 5.000000000000000000e-01
4.394931228922094313e+00 5.000000000000000000e-01
4.407839023492446273e+00 5.000000000000000000e-01
4.772871989471170195e+00 5.000000000000000000e-01
4.940005803808389828e+00 5.000000000000000000e-01
5.421737295501684706e+00 5.000000000000000000e-01
