# Runtime: 6.714413404464722
-4.999999999999998335e-01 2.500000000000000000e+00
-1.353646634410827776e+00 1.500000000000000000e+00
-2.679700143384776134e-01 1.500000000000000000e+00
4.359666359159040105e-01 1.500000000000000000e+00
1.185650012833401989e+00 1.500000000000000000e+00
-8.892285591291939628e-01 5.000000000000000000e-01
1.942890293094024192e-16 5.000000000000000000e-01
2.498001805406601723e-16 5.000000000000000000e-01
6.445842732241552353e-01 5.000000000000000000e-01
1.744644285905039505e+00 5.000000000000000000e-01
