# Runtime: 8.955477237701416
-1.000000000000000444e+00 3.500000000000000000e+00
-1.687833693915266275e+00 2.500000000000000000e+00
-8.681069844589411888e-01 2.500000000000000000e+00
-4.082895564672349153e-01 2.500000000000000000e+00
-1.161393223586388440e-01 2.500000000000000000e+00
2.815153070369346699e-01 2.500000000000000000e+00
7.988542501631444859e-01 2.500000000000000000e+00
-1.780488876237436013e+00 1.500000000000000000e+00
-1.428549019713291290e+00 1.500000000000000000e+00
-7.957751108638391191e-01 1.500000000000000000e+00
-7.188735318285102149e-01 1.500000000000000000e+00
-3.195765564564489458e-01 1.500000000000000000e+00
-1.539318065678856040e-01 1.500000000000000000e+00
5.946201204869763085e-02 1.500000000000000000e+00
2.435980134193793667e-01 1.500000000000000000e+00
4.733202972227274485e-01 1.500000000000000000e+00
6.313559104692020307e-01 1.500000000000000000e+00
1.083363605573133048e+00 1.500000000000000000e+00
1.166336472233675536e+00 1.500000000000000000e+00
1.649952900218137009e+00 1.500000000000000000e+00
1.889805690482460054e+00 1.500000000000000000e+00
-1.466997299223488094e+00 5.000000000000000000e-01
-1.104186346976757438e+00 5.000000000000000000e-01
-8.490592096858677884e-01 5.000000000000000000e-01
-5.364476314946261537e-01 5.000000000000000000e-01
-2.390165363013952160e-01 5.000000000000000000e-01
6.611946521147769873e-02 5.000000000000000000e-01
3.032070302043860521e-01 5.000000000000000000e-01
4.190784730177165018e-01 5.000000000000000000e-01
6.644578067962318979e-01 5.000000000000000000e-01
8.567054784865605344e-01 5.000000000000000000e-01
1.434764839116856816e+00 5.000000000000000000e-01
1.598845767730319389e+00 5.000000000000000000e-01
2.089269496329127840e+00 5.000000000000000000e-01
2.763258666789460971e+00 5.000000000000000000e-01
