# Runtime: 8.559102058410645
-1.000000000000000222e+00 3.500000000000000000e+00
-1.853554077047503412e+00 2.500000000000000000e+00
-8.921214231926544169e-01 2.500000000000000000e+00
-5.484164925426551207e-01 2.500000000000000000e+00
-4.205645429398606472e-02 2.500000000000000000e+00
4.766572457283703712e-01 2.500000000000000000e+00
8.594912013484303781e-01 2.500000000000000000e+00
-1.666719277219741446e+00 1.500000000000000000e+00
-1.199072933577699951e+00 1.500000000000000000e+00
-7.724129395360712635e-01 1.500000000000000000e+00
-6.265391787198936191e-01 1.500000000000000000e+00
-4.782854025837763312e-01 1.500000000000000000e+00
-1.841871766085362849e-01 1.500000000000000000e+00
-1.236779589180002636e-01 1.500000000000000000e+00
1.167207763557545769e-01 1.500000000000000000e+00
2.001387928270562389e-01 1.500000000000000000e+00
6.624666997655819234e-01 1.500000000000000000e+00
1.065306505182725516e+00 1.500000000000000000e+00
1.183655482482252941e+00 1.500000000000000000e+00
1.609227590953690612e+00 1.500000000000000000e+00
2.213379019596659170e+00 1.500000000000000000e+00
-1.448405236072609625e+00 5.000000000000000000e-01
-1.073988516610671740e+00 5.000000000000000000e-01
-6.372466198939077398e-01 5.000000000000000000e-01
-4.138536734681619311e-01 5.000000000000000000e-01
-2.950179761187902150e-01 5.000000000000000000e-01
2.358538653700987808e-01 5.000000000000000000e-01
2.471624336643329645e-01 5.000000000000000000e-01
5.897219610513894095e-01 5.000000000000000000e-01
8.701007014277379881e-01 5.000000000000000000e-01
9.010247439233440847e-01 5.000000000000000000e-01
1.253711470996710320e+00 5.000000000000000000e-01
1.311456086022102951e+00 5.000000000000000000e-01
1.832453174090530768e+00 5.000000000000000000e-01
2.627027585617890182e+00 5.000000000000000000e-01
