# Runtime: 9.281487941741943
-1.000000000000000444e+00 3.500000000000000000e+00
-1.669350744044260537e+00 2.500000000000000000e+00
-8.305739505366740438e-01 2.500000000000000000e+00
-5.813522340854458959e-01 2.500000000000000000e+00
-6.198601060014729408e-02 2.500000000000000000e+00
4.531467737600159973e-01 2.500000000000000000e+00
6.901161655065106704e-01 2.500000000000000000e+00
-1.743277945755232983e+00 1.500000000000000000e+00
-1.243285162983829073e+00 1.500000000000000000e+00
-8.820015372934790765e-01 1.500000000000000000e+00
-6.199953002712903505e-01 1.500000000000000000e+00
-4.098848776838354691e-01 1.500000000000000000e+00
-3.155147636169819969e-01 1.500000000000000000e+00
3.631208682853518527e-02 1.500000000000000000e+00
1.802534184183886001e-01 1.500000000000000000e+00
4.359966166227126627e-01 1.500000000000000000e+00
7.021527873130404274e-01 1.500000000000000000e+00
1.033007837781472649e+00 1.500000000000000000e+00
1.273530446903430757e+00 1.500000000000000000e+00
1.409897099164064249e+00 1.500000000000000000e+00
2.142809294573006618e+00 1.500000000000000000e+00
-1.778327623010969916e+00 5.000000000000000000e-01
-1.268105796781823669e+00 5.000000000000000000e-01
-5.097418790530062749e-01 5.000000000000000000e-01
-4.327090827272488394e-01 5.000000000000000000e-01
-2.173992540563006726e-01 5.000000000000000000e-01
1.236726600267442494e-01 5.000000000000000000e-01
2.264079051927249120e-01 5.000000000000000000e-01
5.420166421325320893e-01 5.000000000000000000e-01
8.118505025986544332e-01 5.000000000000000000e-01
9.997516259326442167e-01 5.000000000000000000e-01
1.262533492828405768e+00 5.000000000000000000e-01
1.628211727604499170e+00 5.000000000000000000e-01
1.895684224137712093e+00 5.000000000000000000e-01
2.716154855175433980e+00 5.000000000000000000e-01
