# Runtime: 11.603922367095947
-1.250000000000000888e+00 4.000000000000000000e+00
-1.937811512543655246e+00 3.000000000000000000e+00
-1.156411069527611524e+00 3.000000000000000000e+00
-8.240541452490121044e-01 3.000000000000000000e+00
-4.222259848956803063e-01 3.000000000000000000e+00
-2.500000000000001665e-01 3.000000000000000000e+00
2.304652147766228509e-01 3.000000000000000000e+00
6.100374974393336647e-01 3.000000000000000000e+00
-2.029111710593972440e+00 2.000000000000000000e+00
-1.767791537496932186e+00 2.000000000000000000e+00
-1.305688979344612699e+00 2.000000000000000000e+00
-1.052998212402719069e+00 2.000000000000000000e+00
-7.601918794209502339e-01 2.000000000000000000e+00
-7.437952373140426232e-01 2.000000000000000000e+00
-4.540307211002468923e-01 2.000000000000000000e+00
-2.966607324545459390e-01 2.000000000000000000e+00
-2.499999999999999167e-01 2.000000000000000000e+00
-1.342700321700911470e-01 2.000000000000000000e+00
-9.660680297594351554e-03 2.000000000000000000e+00
1.801876667471131177e-01 2.000000000000000000e+00
3.940934577421785767e-01 2.000000000000000000e+00
5.922043732862983800e-01 2.000000000000000000e+00
7.916641537606877721e-01 2.000000000000000000e+00
9.165022755023883860e-01 2.000000000000000000e+00
1.130072744785904915e+00 2.000000000000000000e+00
1.310754764210589451e+00 2.000000000000000000e+00
1.518335151395090010e+00 2.000000000000000000e+00
1.970385135165459989e+00 2.000000000000000000e+00
-1.816613888437517144e+00 1.000000000000000000e+00
-1.564837333469344838e+00 1.000000000000000000e+00
-1.357291981877902565e+00 1.000000000000000000e+00
-1.179132258918256460e+00 1.000000000000000000e+00
-9.355811951777786017e-01 1.000000000000000000e+00
-8.108711282669928133e-01 1.000000000000000000e+00
-6.897683961117641038e-01 1.000000000000000000e+00
-4.364077837779873903e-01 1.000000000000000000e+00
-3.649945022051740429e-01 1.000000000000000000e+00
-1.602077646178307613e-01 1.000000000000000000e+00
-1.179496914806238278e-01 1.000000000000000000e+00
-1.026543391944728829e-02 1.000000000000000000e+00
9.254578171358136818e-02 1.000000000000000000e+00
2.509900908058104729e-01 1.000000000000000000e+00
3.459406731365926024e-01 1.000000000000000000e+00
5.324662723922238827e-01 1.000000000000000000e+00
5.740381224801517357e-01 1.000000000000000000e+00
7.250143466277034765e-01 1.000000000000000000e+00
8.323065756736683918e-01 1.000000000000000000e+00
1.016350484454985104e+00 1.000000000000000000e+00
1.054858458363238327e+00 1.000000000000000000e+00
1.340886156749778069e+00 1.000000000000000000e+00
1.551364014712679706e+00 1.000000000000000000e+00
1.783096905016775313e+00 1.000000000000000000e+00
1.859399684377881279e+00 1.000000000000000000e+00
2.224979443504957022e+00 1.000000000000000000e+00
2.401685635785825390e+00 1.000000000000000000e+00
2.857998712464782098e+00 1.000000000000000000e+00
-1.569721540864392084e+00 0.000000000000000000e+00
-1.241809544152858935e+00 0.000000000000000000e+00
-7.836007751100995122e-01 0.000000000000000000e+00
-4.439755468924084236e-01 0.000000000000000000e+00
1.369652499177599278e-03 0.000000000000000000e+00
1.235610947623758116e-01 0.000000000000000000e+00
3.487376991215577759e-01 0.000000000000000000e+00
6.590372686166131588e-01 0.000000000000000000e+00
8.773335979164094134e-01 0.000000000000000000e+00
1.058268052370380685e+00 0.000000000000000000e+00
1.425011676407154759e+00 0.000000000000000000e+00
1.640402047031557231e+00 0.000000000000000000e+00
2.083743135559387838e+00 0.000000000000000000e+00
3.321643182735149136e+00 0.000000000000000000e+00
