# Runtime: 15.511287212371826
-2.000000000000000888e+00 5.500000000000000000e+00
-2.669086094443171575e+00 4.500000000000000000e+00
-1.951253608526549943e+00 4.500000000000000000e+00
-1.776889415585023002e+00 4.500000000000000000e+00
-1.605062247241337836e+00 4.500000000000000000e+00
-1.403114647407797122e+00 4.500000000000000000e+00
-1.030829961988530163e+00 4.500000000000000000e+00
-6.464971317067094159e-01 4.500000000000000000e+00
-5.373833450707140580e-01 4.500000000000000000e+00
-3.012783868717264224e-01 4.500000000000000000e+00
-7.860516115845050944e-02 4.500000000000000000e+00
-2.734771093642635265e+00 3.500000000000000000e+00
-2.584922601041315549e+00 3.500000000000000000e+00
-2.319066044312267483e+00 3.500000000000000000e+00
-1.943957665040792815e+00 3.500000000000000000e+00
-1.898651317772534597e+00 3.500000000000000000e+00
-1.879650488358566074e+00 3.500000000000000000e+00
-1.735273360216755156e+00 3.500000000000000000e+00
-1.567237382821345060e+00 3.500000000000000000e+00
-1.529500069785525440e+00 3.500000000000000000e+00
-1.525445602519969635e+00 3.500000000000000000e+00
-1.388727596288486854e+00 3.500000000000000000e+00
-1.335098581408738827e+00 3.500000000000000000e+00
-1.252400164645224523e+00 3.500000000000000000e+00
-1.143606801931843053e+00 3.500000000000000000e+00
-1.103275632481840463e+00 3.500000000000000000e+00
-1.074525815633740056e+00 3.500000000000000000e+00
-9.703037908870076889e-01 3.500000000000000000e+00
-9.080732253162798751e-01 3.500000000000000000e+00
-8.271155338006555002e-01 3.500000000000000000e+00
-7.252230024360123428e-01 3.500000000000000000e+00
-6.577002525715709425e-01 3.500000000000000000e+00
-5.846998463463408680e-01 3.500000000000000000e+00
-5.500943188266065320e-01 3.500000000000000000e+00
-4.728345323919768139e-01 3.500000000000000000e+00
-3.221350907128456287e-01 3.500000000000000000e+00
-2.745738772136369077e-01 3.500000000000000000e+00
-2.262874713850104025e-01 3.500000000000000000e+00
-1.836470770253595952e-01 3.500000000000000000e+00
-7.982952686548789418e-05 3.500000000000000000e+00
1.104895125498011818e-02 3.500000000000000000e+00
4.798864051422359334e-02 3.500000000000000000e+00
1.416966631956399214e-01 3.500000000000000000e+00
1.577651920058534551e-01 3.500000000000000000e+00
2.420288833288392338e-01 3.500000000000000000e+00
3.881549006971720117e-01 3.500000000000000000e+00
4.251337809249039479e-01 3.500000000000000000e+00
5.132093842131129069e-01 3.500000000000000000e+00
7.508038594884941519e-01 3.500000000000000000e+00
8.126275965893501319e-01 3.500000000000000000e+00
9.414557510047979472e-01 3.500000000000000000e+00
1.155242580106926154e+00 3.500000000000000000e+00
1.183689582138768515e+00 3.500000000000000000e+00
1.379063186363315152e+00 3.500000000000000000e+00
1.568969114515365471e+00 3.500000000000000000e+00
-2.769038627468763725e+00 2.500000000000000000e+00
-2.629799365535741895e+00 2.500000000000000000e+00
-2.489052557819242839e+00 2.500000000000000000e+00
-2.360974112752056264e+00 2.500000000000000000e+00
-2.246772738797111035e+00 2.500000000000000000e+00
-1.998665355890534068e+00 2.500000000000000000e+00
-1.988165353332697505e+00 2.500000000000000000e+00
-1.841260080725921622e+00 2.500000000000000000e+00
-1.827489917682316722e+00 2.500000000000000000e+00
-1.784688162341367956e+00 2.500000000000000000e+00
-1.773386025734076776e+00 2.500000000000000000e+00
-1.691369654979077541e+00 2.500000000000000000e+00
-1.585855511089591774e+00 2.500000000000000000e+00
-1.539209068625504218e+00 2.500000000000000000e+00
-1.530918692964648997e+00 2.500000000000000000e+00
-1.474814478926983474e+00 2.500000000000000000e+00
-1.398959007934225340e+00 2.500000000000000000e+00
-1.397214054791448667e+00 2.500000000000000000e+00
-1.320184698798017031e+00 2.500000000000000000e+00
-1.269002325916768203e+00 2.500000000000000000e+00
-1.235335101140098590e+00 2.500000000000000000e+00
-1.192705523784952648e+00 2.500000000000000000e+00
-1.174892364995771876e+00 2.500000000000000000e+00
-1.098703458955053724e+00 2.500000000000000000e+00
-1.049541380530131685e+00 2.500000000000000000e+00
-1.028944177427010942e+00 2.500000000000000000e+00
-9.855885938558480719e-01 2.500000000000000000e+00
-9.473811481379075250e-01 2.500000000000000000e+00
-9.376884445465202278e-01 2.500000000000000000e+00
-9.052797372900033279e-01 2.500000000000000000e+00
-8.848995093841617310e-01 2.500000000000000000e+00
-8.474547751840304510e-01 2.500000000000000000e+00
-8.009375204122232139e-01 2.500000000000000000e+00
-7.470953285088722806e-01 2.500000000000000000e+00
-7.102749901624912932e-01 2.500000000000000000e+00
-6.735809925932015885e-01 2.500000000000000000e+00
-6.537450843611339879e-01 2.500000000000000000e+00
-6.180381109318946464e-01 2.500000000000000000e+00
-5.852411570404003616e-01 2.500000000000000000e+00
-5.481154587892076435e-01 2.500000000000000000e+00
-5.075562956769962275e-01 2.500000000000000000e+00
-4.995929489388568623e-01 2.500000000000000000e+00
-4.833009894934422457e-01 2.500000000000000000e+00
-4.506326597440113990e-01 2.500000000000000000e+00
-4.014520249807871366e-01 2.500000000000000000e+00
-3.446689639280911543e-01 2.500000000000000000e+00
-2.979313616562617173e-01 2.500000000000000000e+00
-2.720049053627487945e-01 2.500000000000000000e+00
-2.223872939232835744e-01 2.500000000000000000e+00
-2.206366120769308881e-01 2.500000000000000000e+00
-1.725144708906434510e-01 2.500000000000000000e+00
-1.438297373909565580e-01 2.500000000000000000e+00
-1.317975966412303079e-01 2.500000000000000000e+00
-1.048168454454092569e-01 2.500000000000000000e+00
-6.572612034329827768e-02 2.500000000000000000e+00
-2.043985406014650966e-02 2.500000000000000000e+00
5.302877925379896953e-03 2.500000000000000000e+00
3.036470707012816142e-02 2.500000000000000000e+00
8.058145769508816281e-02 2.500000000000000000e+00
8.765900608105997582e-02 2.500000000000000000e+00
9.493878695284568847e-02 2.500000000000000000e+00
1.224246102223544297e-01 2.500000000000000000e+00
1.611118265834163565e-01 2.500000000000000000e+00
1.875720235622998222e-01 2.500000000000000000e+00
2.266823052964702656e-01 2.500000000000000000e+00
2.386535966446357848e-01 2.500000000000000000e+00
2.797547763575647939e-01 2.500000000000000000e+00
3.159884867101341310e-01 2.500000000000000000e+00
3.356997226156987479e-01 2.500000000000000000e+00
3.650434824979844062e-01 2.500000000000000000e+00
4.065363670047321687e-01 2.500000000000000000e+00
4.473004570903628130e-01 2.500000000000000000e+00
4.698420109620286556e-01 2.500000000000000000e+00
5.042900383984340040e-01 2.500000000000000000e+00
5.255077104674974464e-01 2.500000000000000000e+00
5.821045672179631092e-01 2.500000000000000000e+00
6.089775919675556315e-01 2.500000000000000000e+00
6.346801440251812476e-01 2.500000000000000000e+00
6.520787242244950876e-01 2.500000000000000000e+00
7.165975504636744597e-01 2.500000000000000000e+00
7.840412723872833833e-01 2.500000000000000000e+00
7.946664252963173691e-01 2.500000000000000000e+00
7.992961420651617521e-01 2.500000000000000000e+00
8.733608689613333587e-01 2.500000000000000000e+00
9.088621979215212310e-01 2.500000000000000000e+00
9.601205409463046125e-01 2.500000000000000000e+00
9.986046653200529866e-01 2.500000000000000000e+00
1.066319116277462786e+00 2.500000000000000000e+00
1.093578318822303830e+00 2.500000000000000000e+00
1.201876050449037558e+00 2.500000000000000000e+00
1.234894552934551415e+00 2.500000000000000000e+00
1.258052435173273587e+00 2.500000000000000000e+00
1.329763813548972662e+00 2.500000000000000000e+00
1.350643499088279409e+00 2.500000000000000000e+00
1.484883032177249262e+00 2.500000000000000000e+00
1.514542027453333217e+00 2.500000000000000000e+00
1.555876189852758662e+00 2.500000000000000000e+00
1.595179547914221674e+00 2.500000000000000000e+00
1.612413946407347476e+00 2.500000000000000000e+00
1.708887859067531378e+00 2.500000000000000000e+00
1.780540474891442182e+00 2.500000000000000000e+00
1.806403788939624944e+00 2.500000000000000000e+00
1.960054289817700246e+00 2.500000000000000000e+00
1.968557933688237727e+00 2.500000000000000000e+00
2.185029045169348816e+00 2.500000000000000000e+00
2.229382015143120288e+00 2.500000000000000000e+00
2.395497734104963250e+00 2.500000000000000000e+00
2.628587137689571307e+00 2.500000000000000000e+00
2.697745883190412197e+00 2.500000000000000000e+00
3.024197697954430719e+00 2.500000000000000000e+00
-2.650963776764307500e+00 1.500000000000000000e+00
-2.510320373989490594e+00 1.500000000000000000e+00
-2.382489858029187779e+00 1.500000000000000000e+00
-2.374316345021013852e+00 1.500000000000000000e+00
-2.272715088862631294e+00 1.500000000000000000e+00
-2.159032750501256981e+00 1.500000000000000000e+00
-2.035767940876900717e+00 1.500000000000000000e+00
-2.012565156714300141e+00 1.500000000000000000e+00
-1.846093466645663206e+00 1.500000000000000000e+00
-1.833390702607551104e+00 1.500000000000000000e+00
-1.777124680468322726e+00 1.500000000000000000e+00
-1.716680303725057755e+00 1.500000000000000000e+00
-1.678579177227401908e+00 1.500000000000000000e+00
-1.642987253358996425e+00 1.500000000000000000e+00
-1.608617964649409426e+00 1.500000000000000000e+00
-1.515990663178086173e+00 1.500000000000000000e+00
-1.502382758142556618e+00 1.500000000000000000e+00
-1.451959226902187261e+00 1.500000000000000000e+00
-1.426678732063322963e+00 1.500000000000000000e+00
-1.400734875505285304e+00 1.500000000000000000e+00
-1.308706331042287507e+00 1.500000000000000000e+00
-1.263618417524824178e+00 1.500000000000000000e+00
-1.249540329763502156e+00 1.500000000000000000e+00
-1.206649162155871480e+00 1.500000000000000000e+00
-1.193564198172791579e+00 1.500000000000000000e+00
-1.167364375398753040e+00 1.500000000000000000e+00
-1.112772332401330555e+00 1.500000000000000000e+00
-1.084000100067090688e+00 1.500000000000000000e+00
-1.051050613931107769e+00 1.500000000000000000e+00
-1.034729482154318037e+00 1.500000000000000000e+00
-1.010800495052004422e+00 1.500000000000000000e+00
-9.840276313128768493e-01 1.500000000000000000e+00
-9.640229784759586362e-01 1.500000000000000000e+00
-9.471691670260543594e-01 1.500000000000000000e+00
-9.079143203167272524e-01 1.500000000000000000e+00
-8.696233783799288686e-01 1.500000000000000000e+00
-8.300321991138380762e-01 1.500000000000000000e+00
-8.182375680298188403e-01 1.500000000000000000e+00
-7.882439164821986033e-01 1.500000000000000000e+00
-7.550488019231254011e-01 1.500000000000000000e+00
-7.166774373281616928e-01 1.500000000000000000e+00
-6.960752919565744712e-01 1.500000000000000000e+00
-6.770831606046135986e-01 1.500000000000000000e+00
-6.455169040567090288e-01 1.500000000000000000e+00
-6.357308609357591456e-01 1.500000000000000000e+00
-5.742937449534848415e-01 1.500000000000000000e+00
-5.487354803749853183e-01 1.500000000000000000e+00
-5.173345499904211664e-01 1.500000000000000000e+00
-4.967367768547696905e-01 1.500000000000000000e+00
-4.761554788436643260e-01 1.500000000000000000e+00
-4.436018776881523462e-01 1.500000000000000000e+00
-4.073760435144453407e-01 1.500000000000000000e+00
-3.843575970295562416e-01 1.500000000000000000e+00
-3.683605297321261851e-01 1.500000000000000000e+00
-3.606442867103356043e-01 1.500000000000000000e+00
-3.276315584504043144e-01 1.500000000000000000e+00
-3.002957875619538530e-01 1.500000000000000000e+00
-2.751402826629456011e-01 1.500000000000000000e+00
-2.435402240236506921e-01 1.500000000000000000e+00
-2.268527523453875150e-01 1.500000000000000000e+00
-2.005327133864831524e-01 1.500000000000000000e+00
-1.891260540123506084e-01 1.500000000000000000e+00
-1.733821482214165932e-01 1.500000000000000000e+00
-1.433421651167381961e-01 1.500000000000000000e+00
-1.355705864452242948e-01 1.500000000000000000e+00
-7.851297924158254227e-02 1.500000000000000000e+00
-5.335531495986590295e-02 1.500000000000000000e+00
-3.596856810772782603e-02 1.500000000000000000e+00
-2.232669031748277244e-02 1.500000000000000000e+00
-8.278460949169921118e-03 1.500000000000000000e+00
1.815633117821554773e-02 1.500000000000000000e+00
6.730094930365988770e-02 1.500000000000000000e+00
7.477825127335195610e-02 1.500000000000000000e+00
9.392464108552894819e-02 1.500000000000000000e+00
1.057349791105892250e-01 1.500000000000000000e+00
1.448657558997177575e-01 1.500000000000000000e+00
1.518342110171700954e-01 1.500000000000000000e+00
1.747501810376015929e-01 1.500000000000000000e+00
1.825301688275691170e-01 1.500000000000000000e+00
1.944634475706073784e-01 1.500000000000000000e+00
1.981584479978858171e-01 1.500000000000000000e+00
2.739804216308555085e-01 1.500000000000000000e+00
2.921925233681310630e-01 1.500000000000000000e+00
3.045682175205637887e-01 1.500000000000000000e+00
3.281849190066247202e-01 1.500000000000000000e+00
3.575072070252737766e-01 1.500000000000000000e+00
3.630620324633663798e-01 1.500000000000000000e+00
3.939442449697529436e-01 1.500000000000000000e+00
4.126683469292068418e-01 1.500000000000000000e+00
4.302080692556423114e-01 1.500000000000000000e+00
4.385357298138838344e-01 1.500000000000000000e+00
4.815972430964329254e-01 1.500000000000000000e+00
5.404949044044459194e-01 1.500000000000000000e+00
5.536159746971690554e-01 1.500000000000000000e+00
5.675568451687137417e-01 1.500000000000000000e+00
5.840323987955322593e-01 1.500000000000000000e+00
5.915506691930004779e-01 1.500000000000000000e+00
5.992059588557595573e-01 1.500000000000000000e+00
6.369448168097696650e-01 1.500000000000000000e+00
6.581881687813518900e-01 1.500000000000000000e+00
7.041398802596435802e-01 1.500000000000000000e+00
7.147519851427778237e-01 1.500000000000000000e+00
7.324132527744408039e-01 1.500000000000000000e+00
7.726101362543119633e-01 1.500000000000000000e+00
8.075183202201682287e-01 1.500000000000000000e+00
8.256315071936064509e-01 1.500000000000000000e+00
8.646262243918895196e-01 1.500000000000000000e+00
8.910109518591092792e-01 1.500000000000000000e+00
9.322728730200121605e-01 1.500000000000000000e+00
9.402682322204292120e-01 1.500000000000000000e+00
9.587238444671987159e-01 1.500000000000000000e+00
9.750806166419907495e-01 1.500000000000000000e+00
1.001580282357626750e+00 1.500000000000000000e+00
1.009709740240961606e+00 1.500000000000000000e+00
1.024516496355131645e+00 1.500000000000000000e+00
1.065748013492681334e+00 1.500000000000000000e+00
1.092440997848357576e+00 1.500000000000000000e+00
1.132223492724367953e+00 1.500000000000000000e+00
1.144050155456607820e+00 1.500000000000000000e+00
1.171425844808254402e+00 1.500000000000000000e+00
1.234905951471133800e+00 1.500000000000000000e+00
1.267284712736504337e+00 1.500000000000000000e+00
1.282482040220744635e+00 1.500000000000000000e+00
1.320174769501434087e+00 1.500000000000000000e+00
1.363168608272854909e+00 1.500000000000000000e+00
1.371988201693865150e+00 1.500000000000000000e+00
1.404698925146173893e+00 1.500000000000000000e+00
1.438439279853580111e+00 1.500000000000000000e+00
1.456987995317969409e+00 1.500000000000000000e+00
1.482992173468111297e+00 1.500000000000000000e+00
1.505601482841079086e+00 1.500000000000000000e+00
1.547850615248082207e+00 1.500000000000000000e+00
1.590372905598167463e+00 1.500000000000000000e+00
1.603194426110868820e+00 1.500000000000000000e+00
1.612588818963778481e+00 1.500000000000000000e+00
1.634052828416810765e+00 1.500000000000000000e+00
1.684937748121688950e+00 1.500000000000000000e+00
1.738339541385574671e+00 1.500000000000000000e+00
1.761838971003465870e+00 1.500000000000000000e+00
1.780358118188225758e+00 1.500000000000000000e+00
1.869353637136740076e+00 1.500000000000000000e+00
1.890904741093683006e+00 1.500000000000000000e+00
1.893332305949027017e+00 1.500000000000000000e+00
1.931615510741000019e+00 1.500000000000000000e+00
1.993088387998648958e+00 1.500000000000000000e+00
1.996083443793316814e+00 1.500000000000000000e+00
2.111373666304388497e+00 1.500000000000000000e+00
2.130879048495557093e+00 1.500000000000000000e+00
2.167568124985538969e+00 1.500000000000000000e+00
2.183635039551889978e+00 1.500000000000000000e+00
2.255717236403327774e+00 1.500000000000000000e+00
2.363587378524335758e+00 1.500000000000000000e+00
2.373043830197386850e+00 1.500000000000000000e+00
2.434458619500634136e+00 1.500000000000000000e+00
2.557081900209428049e+00 1.500000000000000000e+00
2.580698622218657867e+00 1.500000000000000000e+00
2.751290372214298507e+00 1.500000000000000000e+00
2.819128180271937900e+00 1.500000000000000000e+00
2.961002095940509005e+00 1.500000000000000000e+00
2.993341853084171333e+00 1.500000000000000000e+00
3.138691919935773456e+00 1.500000000000000000e+00
3.212031870054044891e+00 1.500000000000000000e+00
3.248809282008393140e+00 1.500000000000000000e+00
3.653407506588882914e+00 1.500000000000000000e+00
4.141381609754940740e+00 1.500000000000000000e+00
-2.518293561712437789e+00 5.000000000000000000e-01
-2.369743077092846484e+00 5.000000000000000000e-01
-2.286714549383026096e+00 5.000000000000000000e-01
-2.207914211416548422e+00 5.000000000000000000e-01
-2.057099897439864655e+00 5.000000000000000000e-01
-1.862858961662629653e+00 5.000000000000000000e-01
-1.854342815126723609e+00 5.000000000000000000e-01
-1.715714665858231847e+00 5.000000000000000000e-01
-1.702174037790822547e+00 5.000000000000000000e-01
-1.574089105813862188e+00 5.000000000000000000e-01
-1.547451871395474132e+00 5.000000000000000000e-01
-1.527968773782938383e+00 5.000000000000000000e-01
-1.434226595709289009e+00 5.000000000000000000e-01
-1.357628629471735682e+00 5.000000000000000000e-01
-1.323453823916537209e+00 5.000000000000000000e-01
-1.243291080361742740e+00 5.000000000000000000e-01
-1.198837586076134665e+00 5.000000000000000000e-01
-1.129198059379767916e+00 5.000000000000000000e-01
-1.076015307165343549e+00 5.000000000000000000e-01
-1.039612009851520691e+00 5.000000000000000000e-01
-1.031680262214150767e+00 5.000000000000000000e-01
-9.552489251362388245e-01 5.000000000000000000e-01
-8.841605875525249125e-01 5.000000000000000000e-01
-8.650894713731166474e-01 5.000000000000000000e-01
-7.995248800429496372e-01 5.000000000000000000e-01
-7.325524071032945006e-01 5.000000000000000000e-01
-7.291131742240604119e-01 5.000000000000000000e-01
-6.894008306868439906e-01 5.000000000000000000e-01
-6.683664878621408123e-01 5.000000000000000000e-01
-6.250013889728576189e-01 5.000000000000000000e-01
-5.809123823942385911e-01 5.000000000000000000e-01
-5.406208481677058364e-01 5.000000000000000000e-01
-5.284606577325995369e-01 5.000000000000000000e-01
-4.993455546731557781e-01 5.000000000000000000e-01
-4.548231406489013917e-01 5.000000000000000000e-01
-4.359458491705134886e-01 5.000000000000000000e-01
-3.783615071998097101e-01 5.000000000000000000e-01
-3.705271753667586099e-01 5.000000000000000000e-01
-3.282737433767932700e-01 5.000000000000000000e-01
-3.024448033314709461e-01 5.000000000000000000e-01
-2.642011238587969046e-01 5.000000000000000000e-01
-2.395449315770790122e-01 5.000000000000000000e-01
-2.299617475925596344e-01 5.000000000000000000e-01
-2.142186160363485636e-01 5.000000000000000000e-01
-1.958154289911312462e-01 5.000000000000000000e-01
-1.736216277892195237e-01 5.000000000000000000e-01
-1.378827105597431602e-01 5.000000000000000000e-01
-8.492960430038488939e-02 5.000000000000000000e-01
-1.900558023438350327e-02 5.000000000000000000e-01
-8.042492694628633086e-04 5.000000000000000000e-01
5.485156281359120090e-02 5.000000000000000000e-01
7.908983063777674793e-02 5.000000000000000000e-01
8.568178430970040116e-02 5.000000000000000000e-01
1.051020706297927654e-01 5.000000000000000000e-01
1.353314106465053068e-01 5.000000000000000000e-01
1.683760584903113977e-01 5.000000000000000000e-01
1.908723472521717257e-01 5.000000000000000000e-01
2.711641577501108236e-01 5.000000000000000000e-01
2.815660230913523687e-01 5.000000000000000000e-01
3.067358478096223195e-01 5.000000000000000000e-01
3.258954735034310102e-01 5.000000000000000000e-01
3.523767528026755524e-01 5.000000000000000000e-01
3.934508387730187851e-01 5.000000000000000000e-01
4.014799659827569811e-01 5.000000000000000000e-01
4.137165384166886506e-01 5.000000000000000000e-01
4.672777719055027923e-01 5.000000000000000000e-01
4.960206864773955004e-01 5.000000000000000000e-01
5.148082763678525353e-01 5.000000000000000000e-01
5.485218736492254443e-01 5.000000000000000000e-01
5.871093557233769689e-01 5.000000000000000000e-01
6.321971912693450379e-01 5.000000000000000000e-01
6.673472780801306126e-01 5.000000000000000000e-01
6.817463567205017672e-01 5.000000000000000000e-01
7.028367087998550478e-01 5.000000000000000000e-01
7.484547100171994316e-01 5.000000000000000000e-01
7.556268319636202380e-01 5.000000000000000000e-01
7.805867201676507383e-01 5.000000000000000000e-01
7.953915172469083750e-01 5.000000000000000000e-01
8.274497531753403079e-01 5.000000000000000000e-01
8.627544250747188892e-01 5.000000000000000000e-01
8.854176064694145865e-01 5.000000000000000000e-01
9.318648517835458334e-01 5.000000000000000000e-01
9.881526566526385169e-01 5.000000000000000000e-01
1.035759846730615941e+00 5.000000000000000000e-01
1.082995883192600095e+00 5.000000000000000000e-01
1.098094352126363304e+00 5.000000000000000000e-01
1.134798173679149924e+00 5.000000000000000000e-01
1.159122538104103706e+00 5.000000000000000000e-01
1.201020168983413239e+00 5.000000000000000000e-01
1.225598755016058972e+00 5.000000000000000000e-01
1.290803560366866387e+00 5.000000000000000000e-01
1.312871164825209380e+00 5.000000000000000000e-01
1.343613222237568738e+00 5.000000000000000000e-01
1.363819886168574858e+00 5.000000000000000000e-01
1.389749927874653457e+00 5.000000000000000000e-01
1.455494763151944593e+00 5.000000000000000000e-01
1.496968531982711514e+00 5.000000000000000000e-01
1.521734162835674642e+00 5.000000000000000000e-01
1.531206510041909441e+00 5.000000000000000000e-01
1.599959365247143994e+00 5.000000000000000000e-01
1.648221490528036570e+00 5.000000000000000000e-01
1.705892140162163617e+00 5.000000000000000000e-01
1.734696151281533982e+00 5.000000000000000000e-01
1.747403986604102011e+00 5.000000000000000000e-01
1.777031554956195913e+00 5.000000000000000000e-01
1.812825480048146254e+00 5.000000000000000000e-01
1.854202608390790541e+00 5.000000000000000000e-01
1.858985406253557571e+00 5.000000000000000000e-01
1.935859367214838533e+00 5.000000000000000000e-01
1.980685788764120936e+00 5.000000000000000000e-01
2.023460772043836009e+00 5.000000000000000000e-01
2.098176001098415622e+00 5.000000000000000000e-01
2.118316713395012929e+00 5.000000000000000000e-01
2.206021092223398039e+00 5.000000000000000000e-01
2.242287861851260278e+00 5.000000000000000000e-01
2.349110965271632878e+00 5.000000000000000000e-01
2.420447695968540369e+00 5.000000000000000000e-01
2.476109521197340957e+00 5.000000000000000000e-01
2.503746179892407664e+00 5.000000000000000000e-01
2.551404763962780819e+00 5.000000000000000000e-01
2.662428694598832912e+00 5.000000000000000000e-01
2.744207489110308540e+00 5.000000000000000000e-01
2.798899833924874514e+00 5.000000000000000000e-01
2.949045218167054561e+00 5.000000000000000000e-01
3.021136246402996939e+00 5.000000000000000000e-01
3.040791617092770238e+00 5.000000000000000000e-01
3.204226439713863339e+00 5.000000000000000000e-01
3.391203248865315434e+00 5.000000000000000000e-01
3.445545277379265414e+00 5.000000000000000000e-01
3.587997487392047269e+00 5.000000000000000000e-01
3.932980389495484452e+00 5.000000000000000000e-01
4.480254787577578668e+00 5.000000000000000000e-01
