# Runtime: 14.492832660675049
-1.750000000000000888e+00 5.000000000000000000e+00
-2.416726856533409684e+00 4.000000000000000000e+00
-1.675186750309719974e+00 4.000000000000000000e+00
-1.559016994374948339e+00 4.000000000000000000e+00
-1.183670142721796603e+00 4.000000000000000000e+00
-1.059016994374948117e+00 4.000000000000000000e+00
-5.129528045745823661e-01 4.000000000000000000e+00
-4.409830056250528263e-01 4.000000000000000000e+00
3.853655413950517888e-02 4.000000000000000000e+00
5.901699437494744432e-02 4.000000000000000000e+00
-2.469024427908416364e+00 3.000000000000000000e+00
-2.188545529448867821e+00 3.000000000000000000e+00
-2.139123904897012984e+00 3.000000000000000000e+00
-1.591282138067098284e+00 3.000000000000000000e+00
-1.531694763534718229e+00 3.000000000000000000e+00
-1.517930750973708998e+00 3.000000000000000000e+00
-1.477328731995794842e+00 3.000000000000000000e+00
-1.354039751033164540e+00 3.000000000000000000e+00
-1.109799346114742624e+00 3.000000000000000000e+00
-1.058874973568493694e+00 3.000000000000000000e+00
-9.666038752906079834e-01 3.000000000000000000e+00
-9.569214514915971304e-01 3.000000000000000000e+00
-8.736934858699272333e-01 3.000000000000000000e+00
-8.208482644327359523e-01 3.000000000000000000e+00
-5.640094506363746429e-01 3.000000000000000000e+00
-4.804218845612583388e-01 3.000000000000000000e+00
-4.338707047866846023e-01 3.000000000000000000e+00
-3.395408184125415785e-01 3.000000000000000000e+00
-2.895667670227121682e-01 3.000000000000000000e+00
-2.243906672295272742e-01 3.000000000000000000e+00
-1.638056542068967447e-01 3.000000000000000000e+00
1.442705985651767664e-01 3.000000000000000000e+00
1.679409455151166519e-01 3.000000000000000000e+00
1.741853845280819657e-01 3.000000000000000000e+00
1.823493971929112389e-01 3.000000000000000000e+00
3.584319051003891921e-01 3.000000000000000000e+00
3.779788119815769010e-01 3.000000000000000000e+00
6.836591575354507011e-01 3.000000000000000000e+00
6.901267277925515753e-01 3.000000000000000000e+00
7.948082323520457848e-01 3.000000000000000000e+00
1.103748433391543493e+00 3.000000000000000000e+00
1.117758303380687490e+00 3.000000000000000000e+00
1.325286109784646671e+00 3.000000000000000000e+00
1.333475696471189798e+00 3.000000000000000000e+00
1.847297637891510913e+00 3.000000000000000000e+00
-2.498034205107637629e+00 2.000000000000000000e+00
-2.196156949668929492e+00 2.000000000000000000e+00
-2.176290909006967311e+00 2.000000000000000000e+00
-1.910088967269450544e+00 2.000000000000000000e+00
-1.841473066728390950e+00 2.000000000000000000e+00
-1.826999666319541360e+00 2.000000000000000000e+00
-1.565549595785986847e+00 2.000000000000000000e+00
-1.560455572660636836e+00 2.000000000000000000e+00
-1.485254958567391759e+00 2.000000000000000000e+00
-1.373082187083929151e+00 2.000000000000000000e+00
-1.277929177959103768e+00 2.000000000000000000e+00
-1.271433943146186962e+00 2.000000000000000000e+00
-1.244242285526178549e+00 2.000000000000000000e+00
-1.124011472889614671e+00 2.000000000000000000e+00
-1.015772827872781559e+00 2.000000000000000000e+00
-9.597015444798594475e-01 2.000000000000000000e+00
-9.076907810379419850e-01 2.000000000000000000e+00
-8.784207923965382525e-01 2.000000000000000000e+00
-8.319943980772318559e-01 2.000000000000000000e+00
-7.916639348120334541e-01 2.000000000000000000e+00
-7.251086597582709903e-01 2.000000000000000000e+00
-6.182023589136443897e-01 2.000000000000000000e+00
-5.976077941390492976e-01 2.000000000000000000e+00
-5.703169865437252017e-01 2.000000000000000000e+00
-5.351646621406397353e-01 2.000000000000000000e+00
-4.008009001497226387e-01 2.000000000000000000e+00
-3.992833132856130618e-01 2.000000000000000000e+00
-3.362444060741068830e-01 2.000000000000000000e+00
-3.161213756409769204e-01 2.000000000000000000e+00
-3.033441367198404515e-01 2.000000000000000000e+00
-2.307851297362978338e-01 2.000000000000000000e+00
-2.079702354121982233e-01 2.000000000000000000e+00
-1.342550933295355853e-01 2.000000000000000000e+00
-9.163320190212223548e-02 2.000000000000000000e+00
-4.812827536606761186e-02 2.000000000000000000e+00
-3.401370003224449962e-02 2.000000000000000000e+00
4.368281248017107099e-02 2.000000000000000000e+00
8.883367462247593327e-02 2.000000000000000000e+00
1.487909157718871611e-01 2.000000000000000000e+00
2.344203879631822640e-01 2.000000000000000000e+00
2.439437778665433099e-01 2.000000000000000000e+00
2.616354385543222527e-01 2.000000000000000000e+00
2.941547283661813950e-01 2.000000000000000000e+00
2.946818893432860964e-01 2.000000000000000000e+00
3.921848996109658647e-01 2.000000000000000000e+00
4.275657236723892085e-01 2.000000000000000000e+00
4.902182680068710718e-01 2.000000000000000000e+00
5.150285985116668241e-01 2.000000000000000000e+00
5.826451854333634106e-01 2.000000000000000000e+00
6.404839971549193267e-01 2.000000000000000000e+00
7.545510514081453790e-01 2.000000000000000000e+00
7.686089763527272911e-01 2.000000000000000000e+00
8.068515830827669433e-01 2.000000000000000000e+00
8.264035058045561266e-01 2.000000000000000000e+00
9.124261333590180101e-01 2.000000000000000000e+00
9.849929773157912738e-01 2.000000000000000000e+00
1.017584111354667531e+00 2.000000000000000000e+00
1.068742732363247461e+00 2.000000000000000000e+00
1.136757826090871282e+00 2.000000000000000000e+00
1.155540229292614907e+00 2.000000000000000000e+00
1.263867420755358406e+00 2.000000000000000000e+00
1.303184041310628372e+00 2.000000000000000000e+00
1.424406384249952584e+00 2.000000000000000000e+00
1.536813058514884478e+00 2.000000000000000000e+00
1.539871201835748327e+00 2.000000000000000000e+00
1.695396687701847149e+00 2.000000000000000000e+00
1.696553905744637269e+00 2.000000000000000000e+00
1.778118304086673929e+00 2.000000000000000000e+00
1.779915294336615661e+00 2.000000000000000000e+00
2.071462881406976209e+00 2.000000000000000000e+00
2.242302476636122144e+00 2.000000000000000000e+00
2.371604467735447308e+00 2.000000000000000000e+00
2.411098560141481606e+00 2.000000000000000000e+00
2.871551513218137508e+00 2.000000000000000000e+00
2.958351844083252580e+00 2.000000000000000000e+00
-2.514643164635329775e+00 1.000000000000000000e+00
-2.201812096352368631e+00 1.000000000000000000e+00
-2.195889417757174833e+00 1.000000000000000000e+00
-1.905911837367373574e+00 1.000000000000000000e+00
-1.601835432180288787e+00 1.000000000000000000e+00
-1.590931692782754148e+00 1.000000000000000000e+00
-1.565864330653069514e+00 1.000000000000000000e+00
-1.541705733245857246e+00 1.000000000000000000e+00
-1.367590671165816341e+00 1.000000000000000000e+00
-1.298546476269210048e+00 1.000000000000000000e+00
-1.267416640768564973e+00 1.000000000000000000e+00
-1.206137944763660430e+00 1.000000000000000000e+00
-1.042796766442926293e+00 1.000000000000000000e+00
-9.541684070888167835e-01 1.000000000000000000e+00
-9.450804249554680680e-01 1.000000000000000000e+00
-9.309792676393706667e-01 1.000000000000000000e+00
-9.110382275282369324e-01 1.000000000000000000e+00
-8.640415667578618120e-01 1.000000000000000000e+00
-7.605848075468403247e-01 1.000000000000000000e+00
-7.176710412216671386e-01 1.000000000000000000e+00
-7.167901364989723856e-01 1.000000000000000000e+00
-6.782895312977522684e-01 1.000000000000000000e+00
-6.247949826358074610e-01 1.000000000000000000e+00
-6.033285863469267651e-01 1.000000000000000000e+00
-5.285823102816227248e-01 1.000000000000000000e+00
-4.674248766487232865e-01 1.000000000000000000e+00
-3.773439140208018072e-01 1.000000000000000000e+00
-3.101161132711579560e-01 1.000000000000000000e+00
-2.909732280919203884e-01 1.000000000000000000e+00
-2.396456772684643077e-01 1.000000000000000000e+00
-2.361082312013184914e-01 1.000000000000000000e+00
-1.648721415446234850e-01 1.000000000000000000e+00
-1.185090318283848754e-01 1.000000000000000000e+00
-7.900758895294009154e-02 1.000000000000000000e+00
-5.765067768682881344e-02 1.000000000000000000e+00
-1.801200084768888113e-02 1.000000000000000000e+00
4.966533061991224192e-03 1.000000000000000000e+00
1.024490910864584159e-01 1.000000000000000000e+00
1.050167563784239338e-01 1.000000000000000000e+00
1.710966303637420638e-01 1.000000000000000000e+00
1.862985453125171054e-01 1.000000000000000000e+00
2.124623073544692209e-01 1.000000000000000000e+00
3.229498686515115957e-01 1.000000000000000000e+00
3.483415972156712059e-01 1.000000000000000000e+00
3.588419129797371099e-01 1.000000000000000000e+00
4.058257330588049272e-01 1.000000000000000000e+00
4.428641675920722554e-01 1.000000000000000000e+00
4.654793870366571995e-01 1.000000000000000000e+00
4.713689379478284147e-01 1.000000000000000000e+00
5.311034537058996197e-01 1.000000000000000000e+00
6.164510536356004877e-01 1.000000000000000000e+00
6.332012128748392144e-01 1.000000000000000000e+00
7.010005628158194613e-01 1.000000000000000000e+00
7.087585721816980211e-01 1.000000000000000000e+00
8.177151626370050552e-01 1.000000000000000000e+00
8.192616695298921003e-01 1.000000000000000000e+00
8.777050818277501998e-01 1.000000000000000000e+00
9.443341168683413445e-01 1.000000000000000000e+00
9.619336045937465496e-01 1.000000000000000000e+00
9.826195403774544701e-01 1.000000000000000000e+00
1.046572842718630936e+00 1.000000000000000000e+00
1.141958040312745393e+00 1.000000000000000000e+00
1.178780876998076099e+00 1.000000000000000000e+00
1.229817703557858577e+00 1.000000000000000000e+00
1.284316650800081838e+00 1.000000000000000000e+00
1.349153434740339996e+00 1.000000000000000000e+00
1.381003474707871659e+00 1.000000000000000000e+00
1.457620610592285093e+00 1.000000000000000000e+00
1.457899278497765794e+00 1.000000000000000000e+00
1.477584700415570884e+00 1.000000000000000000e+00
1.477708912942096386e+00 1.000000000000000000e+00
1.543772110057306080e+00 1.000000000000000000e+00
1.657863763050265504e+00 1.000000000000000000e+00
1.734716522431603902e+00 1.000000000000000000e+00
1.780705766354627073e+00 1.000000000000000000e+00
1.873561522742267504e+00 1.000000000000000000e+00
1.882322237482410454e+00 1.000000000000000000e+00
1.954253582803177958e+00 1.000000000000000000e+00
2.007813870667082945e+00 1.000000000000000000e+00
2.066216524442101132e+00 1.000000000000000000e+00
2.241560113808070742e+00 1.000000000000000000e+00
2.250780402228333532e+00 1.000000000000000000e+00
2.401596208546149303e+00 1.000000000000000000e+00
2.621842356395118312e+00 1.000000000000000000e+00
2.684033993741260282e+00 1.000000000000000000e+00
2.716163041052966243e+00 1.000000000000000000e+00
2.789343092363687493e+00 1.000000000000000000e+00
3.248831790725859037e+00 1.000000000000000000e+00
3.278677201519923035e+00 1.000000000000000000e+00
3.987578849763186550e+00 1.000000000000000000e+00
-2.522331432848421429e+00 0.000000000000000000e+00
-1.909463658555300647e+00 0.000000000000000000e+00
-1.348063663076445984e+00 0.000000000000000000e+00
-1.263535746055455267e+00 0.000000000000000000e+00
-1.230149844440006968e+00 0.000000000000000000e+00
-1.155378904386531236e+00 0.000000000000000000e+00
-7.991584259622271924e-01 0.000000000000000000e+00
-6.607561009451646816e-01 0.000000000000000000e+00
-6.410299397556578072e-01 0.000000000000000000e+00
-6.009765076244161230e-01 0.000000000000000000e+00
-5.439347369450965308e-01 0.000000000000000000e+00
-2.784592847209600985e-01 0.000000000000000000e+00
-2.546307121199599122e-01 0.000000000000000000e+00
-1.718191705575720374e-01 0.000000000000000000e+00
-4.837936060088329077e-02 0.000000000000000000e+00
1.389671564790019576e-01 0.000000000000000000e+00
1.501776830267589624e-01 0.000000000000000000e+00
1.775267115475957225e-01 0.000000000000000000e+00
3.048772384639213961e-01 0.000000000000000000e+00
3.644681310631490700e-01 0.000000000000000000e+00
4.986784351396476578e-01 0.000000000000000000e+00
5.238852242273961402e-01 0.000000000000000000e+00
6.621218212847288509e-01 0.000000000000000000e+00
6.997130141431645578e-01 0.000000000000000000e+00
7.886847498614710794e-01 0.000000000000000000e+00
8.668277036753847531e-01 0.000000000000000000e+00
8.830921633150365935e-01 0.000000000000000000e+00
1.068895557256340778e+00 0.000000000000000000e+00
1.281315533376623961e+00 0.000000000000000000e+00
1.392207526698364450e+00 0.000000000000000000e+00
1.445070234717182656e+00 0.000000000000000000e+00
1.486544171531877234e+00 0.000000000000000000e+00
1.704584200929856186e+00 0.000000000000000000e+00
1.735893834242891787e+00 0.000000000000000000e+00
1.900573929731562695e+00 0.000000000000000000e+00
2.017127144617654189e+00 0.000000000000000000e+00
2.315388553958170448e+00 0.000000000000000000e+00
2.616339027697653474e+00 0.000000000000000000e+00
2.743014687620656478e+00 0.000000000000000000e+00
2.982538714042679562e+00 0.000000000000000000e+00
3.350639260974109579e+00 0.000000000000000000e+00
3.828915078971244057e+00 0.000000000000000000e+00
