# Runtime: 11.157800436019897
-1.500000000000000888e+00 4.500000000000000000e+00
-2.166967279837668681e+00 3.500000000000000000e+00
-1.405851957109414130e+00 3.500000000000000000e+00
-1.253444669528778643e+00 3.500000000000000000e+00
-8.764372568529847918e-01 3.500000000000000000e+00
-5.601033643379491611e-01 3.500000000000000000e+00
-2.236529231610232260e-01 3.500000000000000000e+00
1.861741746735321446e-01 3.500000000000000000e+00
3.002832761542835738e-01 3.500000000000000000e+00
-2.224882340013657700e+00 2.500000000000000000e+00
-1.916870946439086731e+00 2.500000000000000000e+00
-1.737398682331840138e+00 2.500000000000000000e+00
-1.299907472935232455e+00 2.500000000000000000e+00
-1.273233737327023940e+00 2.500000000000000000e+00
-1.144519559326645952e+00 2.500000000000000000e+00
-9.861810265677162235e-01 2.500000000000000000e+00
-8.725917663756703746e-01 2.500000000000000000e+00
-8.042204961461496548e-01 2.500000000000000000e+00
-6.756832010424707047e-01 2.500000000000000000e+00
-5.820542074717626191e-01 2.500000000000000000e+00
-4.351626267675726134e-01 2.500000000000000000e+00
-2.704675932801806626e-01 2.500000000000000000e+00
-1.976310259869828723e-01 2.500000000000000000e+00
-6.612169524332309201e-02 2.500000000000000000e+00
8.256828889582654152e-02 2.500000000000000000e+00
1.356201505979333644e-01 2.500000000000000000e+00
3.219914271376063120e-01 2.500000000000000000e+00
4.641809546107543150e-01 2.500000000000000000e+00
6.487163814320452415e-01 2.500000000000000000e+00
6.736152967127291280e-01 2.500000000000000000e+00
7.444406035979324043e-01 2.500000000000000000e+00
8.649842373175197219e-01 2.500000000000000000e+00
1.220537678105803936e+00 2.500000000000000000e+00
1.377839678154018310e+00 2.500000000000000000e+00
1.466419935131059615e+00 2.500000000000000000e+00
1.986011745562090036e+00 2.500000000000000000e+00
-2.256146526855148160e+00 1.500000000000000000e+00
-1.938779458055727378e+00 1.500000000000000000e+00
-1.762677129572750134e+00 1.500000000000000000e+00
-1.594394739804913641e+00 1.500000000000000000e+00
-1.470654123001265079e+00 1.500000000000000000e+00
-1.313644071268587954e+00 1.500000000000000000e+00
-1.161672401951653999e+00 1.500000000000000000e+00
-1.018120362438174720e+00 1.500000000000000000e+00
-9.307312744107889557e-01 1.500000000000000000e+00
-8.639416196028568695e-01 1.500000000000000000e+00
-8.023318254070996858e-01 1.500000000000000000e+00
-6.949481478673705803e-01 1.500000000000000000e+00
-6.415135293044741394e-01 1.500000000000000000e+00
-5.652584209434872164e-01 1.500000000000000000e+00
-5.010759847623146301e-01 1.500000000000000000e+00
-3.530426331444615484e-01 1.500000000000000000e+00
-3.134146900930145918e-01 1.500000000000000000e+00
-2.408398937632907910e-01 1.500000000000000000e+00
-1.879823005737978059e-01 1.500000000000000000e+00
-9.384877070052820291e-02 1.500000000000000000e+00
-6.515271143437063872e-02 1.500000000000000000e+00
1.816749730487911621e-02 1.500000000000000000e+00
9.465686936933258300e-02 1.500000000000000000e+00
2.024896509374164433e-01 1.500000000000000000e+00
2.253046526117205572e-01 1.500000000000000000e+00
3.154161018457904420e-01 1.500000000000000000e+00
4.282398695598114147e-01 1.500000000000000000e+00
4.584652402523324288e-01 1.500000000000000000e+00
4.801511661646463702e-01 1.500000000000000000e+00
6.656438122781895839e-01 1.500000000000000000e+00
6.771096657340400782e-01 1.500000000000000000e+00
8.353342730783174241e-01 1.500000000000000000e+00
8.722404157884667830e-01 1.500000000000000000e+00
9.374921384235923583e-01 1.500000000000000000e+00
9.759215808270232939e-01 1.500000000000000000e+00
1.032805867399839261e+00 1.500000000000000000e+00
1.127803398395850198e+00 1.500000000000000000e+00
1.224948408982301506e+00 1.500000000000000000e+00
1.390602748992979976e+00 1.500000000000000000e+00
1.536486712452986847e+00 1.500000000000000000e+00
1.592961682557088476e+00 1.500000000000000000e+00
1.694491118836878973e+00 1.500000000000000000e+00
1.733262492567201329e+00 1.500000000000000000e+00
2.039317109144207496e+00 1.500000000000000000e+00
2.269358261324723181e+00 1.500000000000000000e+00
2.319401016419186057e+00 1.500000000000000000e+00
2.564809801007942980e+00 1.500000000000000000e+00
3.057289062699352744e+00 1.500000000000000000e+00
-2.272512331726911583e+00 5.000000000000000000e-01
-1.950979400149941201e+00 5.000000000000000000e-01
-1.483987997568122941e+00 5.000000000000000000e-01
-1.338044126221266117e+00 5.000000000000000000e-01
-1.145737235681864252e+00 5.000000000000000000e-01
-9.754268397255760892e-01 5.000000000000000000e-01
-8.934336027238327649e-01 5.000000000000000000e-01
-7.431811204965379503e-01 5.000000000000000000e-01
-6.688452979406744880e-01 5.000000000000000000e-01
-5.980706288755572864e-01 5.000000000000000000e-01
-4.293206837727076008e-01 5.000000000000000000e-01
-3.304713800439720850e-01 5.000000000000000000e-01
-2.935110322611369504e-01 5.000000000000000000e-01
-2.217468604512360664e-01 5.000000000000000000e-01
-1.183652678320012558e-01 5.000000000000000000e-01
-5.351984727599408409e-02 5.000000000000000000e-01
2.007410469591667038e-02 5.000000000000000000e-01
1.330691799457371371e-01 5.000000000000000000e-01
2.554307431065563350e-01 5.000000000000000000e-01
3.496022992758786030e-01 5.000000000000000000e-01
3.608317102039372282e-01 5.000000000000000000e-01
5.012113562013474910e-01 5.000000000000000000e-01
6.430883311112201017e-01 5.000000000000000000e-01
6.610200050674780448e-01 5.000000000000000000e-01
7.810488399236407142e-01 5.000000000000000000e-01
8.697211533277421358e-01 5.000000000000000000e-01
9.507502843957267302e-01 5.000000000000000000e-01
1.045251754084481899e+00 5.000000000000000000e-01
1.087597153468725875e+00 5.000000000000000000e-01
1.216535939016097245e+00 5.000000000000000000e-01
1.356281802930887181e+00 5.000000000000000000e-01
1.430485401283664082e+00 5.000000000000000000e-01
1.521041562698648208e+00 5.000000000000000000e-01
1.621349971197074691e+00 5.000000000000000000e-01
1.737898438096022735e+00 5.000000000000000000e-01
1.926904484653276572e+00 5.000000000000000000e-01
2.008136928895528417e+00 5.000000000000000000e-01
2.283699730865003108e+00 5.000000000000000000e-01
2.375623506176557154e+00 5.000000000000000000e-01
2.741134415438748473e+00 5.000000000000000000e-01
3.002836797889492981e+00 5.000000000000000000e-01
3.636527758797968968e+00 5.000000000000000000e-01
