# Runtime: 8.979870080947876
-7.500000000000001110e-01 3.000000000000000000e+00
-1.603561392196430457e+00 2.000000000000000000e+00
-5.980500332965361654e-01 2.000000000000000000e+00
-1.174587480855708715e-01 2.000000000000000000e+00
5.212483070012031705e-01 2.000000000000000000e+00
1.047821866577334671e+00 2.000000000000000000e+00
-1.321709932176632352e+00 1.000000000000000000e+00
-6.785434570467789861e-01 1.000000000000000000e+00
-4.274476719045788298e-01 1.000000000000000000e+00
-3.664635803612239368e-02 1.000000000000000000e+00
-6.162477576793255925e-03 1.000000000000000000e+00
4.374628164123699481e-01 1.000000000000000000e+00
7.998659768727777175e-01 1.000000000000000000e+00
1.371702330948221027e+00 1.000000000000000000e+00
2.111478772507539237e+00 1.000000000000000000e+00
-9.832791151950789343e-01 0.000000000000000000e+00
-2.311013581397630412e-01 0.000000000000000000e+00
5.819579319227106140e-01 0.000000000000000000e+00
1.054300779933978305e+00 0.000000000000000000e+00
1.828121761478153973e+00 0.000000000000000000e+00
