# Runtime: 11.194886207580566
-1.500000000000000888e+00 4.500000000000000000e+00
-2.353553395645126667e+00 3.500000000000000000e+00
-1.436959223741957503e+00 3.500000000000000000e+00
-1.238305717267918826e+00 3.500000000000000000e+00
-9.192905758728930898e-01 3.500000000000000000e+00
-5.313087261491444835e-01 3.500000000000000000e+00
-1.383544807871147642e-01 3.500000000000000000e+00
1.966669209602950885e-01 3.500000000000000000e+00
4.211051985038591905e-01 3.500000000000000000e+00
-2.255395824374109459e+00 2.500000000000000000e+00
-1.987031581743720521e+00 2.500000000000000000e+00
-1.607752595170968357e+00 2.500000000000000000e+00
-1.368061396557651355e+00 2.500000000000000000e+00
-1.187957758041788381e+00 2.500000000000000000e+00
-1.187083629738336699e+00 2.500000000000000000e+00
-9.918211427824926707e-01 2.500000000000000000e+00
-8.468146141245110892e-01 2.500000000000000000e+00
-7.950139347709586080e-01 2.500000000000000000e+00
-7.720906717393810625e-01 2.500000000000000000e+00
-5.855674046186288839e-01 2.500000000000000000e+00
-4.949191857880075318e-01 2.500000000000000000e+00
-4.498145401488760076e-01 2.500000000000000000e+00
-2.941798943385900422e-01 2.500000000000000000e+00
-1.787848506322034237e-01 2.500000000000000000e+00
-4.793203700984057652e-02 2.500000000000000000e+00
2.348560930943846270e-01 2.500000000000000000e+00
2.946100434544084989e-01 2.500000000000000000e+00
5.240545898722075435e-01 2.500000000000000000e+00
5.891975947309168182e-01 2.500000000000000000e+00
6.402582248308246182e-01 2.500000000000000000e+00
8.269100103540009128e-01 2.500000000000000000e+00
1.003024365488562442e+00 2.500000000000000000e+00
1.246975033235040442e+00 2.500000000000000000e+00
1.437990164497998435e+00 2.500000000000000000e+00
1.686751248394071201e+00 2.500000000000000000e+00
2.065593693627654215e+00 2.500000000000000000e+00
-2.144814919490159788e+00 1.500000000000000000e+00
-1.906089062698835601e+00 1.500000000000000000e+00
-1.663037890117480933e+00 1.500000000000000000e+00
-1.475103247135602480e+00 1.500000000000000000e+00
-1.449035655184404137e+00 1.500000000000000000e+00
-1.291771602054104795e+00 1.500000000000000000e+00
-1.134338446602579653e+00 1.500000000000000000e+00
-1.039932444763940644e+00 1.500000000000000000e+00
-9.844178714560704035e-01 1.500000000000000000e+00
-8.655317110497872113e-01 1.500000000000000000e+00
-7.778486963454152026e-01 1.500000000000000000e+00
-6.717822122210568292e-01 1.500000000000000000e+00
-6.343765441432055452e-01 1.500000000000000000e+00
-6.174043870367686981e-01 1.500000000000000000e+00
-4.142707778910244554e-01 1.500000000000000000e+00
-3.636314849476789957e-01 1.500000000000000000e+00
-3.239528942644577247e-01 1.500000000000000000e+00
-2.530213067972642560e-01 1.500000000000000000e+00
-1.545769843504830598e-01 1.500000000000000000e+00
-1.181160717404337035e-01 1.500000000000000000e+00
7.934296393996186775e-03 1.500000000000000000e+00
5.085716541095896409e-02 1.500000000000000000e+00
6.889189251655655766e-02 1.500000000000000000e+00
2.059840713341958007e-01 1.500000000000000000e+00
2.803980858756511818e-01 1.500000000000000000e+00
2.882084925386452778e-01 1.500000000000000000e+00
4.034645540182759116e-01 1.500000000000000000e+00
5.030423682051126111e-01 1.500000000000000000e+00
5.359313887461162329e-01 1.500000000000000000e+00
6.394976417100746158e-01 1.500000000000000000e+00
6.600379024481122237e-01 1.500000000000000000e+00
7.514747891099988752e-01 1.500000000000000000e+00
7.658812745374854458e-01 1.500000000000000000e+00
9.082701605308803883e-01 1.500000000000000000e+00
9.169390773509991099e-01 1.500000000000000000e+00
9.783061104347701153e-01 1.500000000000000000e+00
1.142385625544959371e+00 1.500000000000000000e+00
1.188408347503173479e+00 1.500000000000000000e+00
1.196722165571082908e+00 1.500000000000000000e+00
1.395359828259015833e+00 1.500000000000000000e+00
1.537834237111863844e+00 1.500000000000000000e+00
1.595083042422569264e+00 1.500000000000000000e+00
1.853293817403171673e+00 1.500000000000000000e+00
2.011366500350265429e+00 1.500000000000000000e+00
2.247191322909789069e+00 1.500000000000000000e+00
2.279714926783434681e+00 1.500000000000000000e+00
2.688875229575303116e+00 1.500000000000000000e+00
3.181699895694317881e+00 1.500000000000000000e+00
-2.017133019042850250e+00 5.000000000000000000e-01
-1.818499168210743644e+00 5.000000000000000000e-01
-1.356059350183142165e+00 5.000000000000000000e-01
-1.205846719896342956e+00 5.000000000000000000e-01
-1.151871968885400666e+00 5.000000000000000000e-01
-1.078521481374756119e+00 5.000000000000000000e-01
-8.772354445128888178e-01 5.000000000000000000e-01
-7.056398796976438570e-01 5.000000000000000000e-01
-6.324846201035938531e-01 5.000000000000000000e-01
-5.875782239383366967e-01 5.000000000000000000e-01
-4.482243303126176026e-01 5.000000000000000000e-01
-2.737052202153284486e-01 5.000000000000000000e-01
-2.185493542314518312e-01 5.000000000000000000e-01
-1.443100164475387137e-01 5.000000000000000000e-01
-1.322916747798347781e-01 5.000000000000000000e-01
-1.213009487920237578e-01 5.000000000000000000e-01
9.236708822786858508e-02 5.000000000000000000e-01
1.593300931505875484e-01 5.000000000000000000e-01
2.153578135694720341e-01 5.000000000000000000e-01
3.301588998647670969e-01 5.000000000000000000e-01
4.425741179485429555e-01 5.000000000000000000e-01
4.701912570187752882e-01 5.000000000000000000e-01
5.262500735857861267e-01 5.000000000000000000e-01
7.241876458738500943e-01 5.000000000000000000e-01
7.715392566539150954e-01 5.000000000000000000e-01
8.183634425355112985e-01 5.000000000000000000e-01
8.335527359850412044e-01 5.000000000000000000e-01
9.866787279161348678e-01 5.000000000000000000e-01
1.041981642325482849e+00 5.000000000000000000e-01
1.251874436187024431e+00 5.000000000000000000e-01
1.286121837601492235e+00 5.000000000000000000e-01
1.512102977769690160e+00 5.000000000000000000e-01
1.526292795632743893e+00 5.000000000000000000e-01
1.768574094436020872e+00 5.000000000000000000e-01
1.801085802432133232e+00 5.000000000000000000e-01
1.869413261604886634e+00 5.000000000000000000e-01
2.031100277386634012e+00 5.000000000000000000e-01
2.044110696320804887e+00 5.000000000000000000e-01
2.396945029303207075e+00 5.000000000000000000e-01
2.466155467031739601e+00 5.000000000000000000e-01
2.892019134601745645e+00 5.000000000000000000e-01
3.510922815660653118e+00 5.000000000000000000e-01
