# Runtime: 8.913665771484375
-7.500000000000000000e-01 3.000000000000000000e+00
-1.438039489144258498e+00 2.000000000000000000e+00
-5.475939721060429921e-01 2.000000000000000000e+00
4.759397210604330436e-02 2.000000000000000000e+00
2.500000000000001110e-01 2.000000000000000000e+00
9.380394891442577210e-01 2.000000000000000000e+00
-1.533844687026760134e+00 1.000000000000000000e+00
-1.006364641945867389e+00 1.000000000000000000e+00
-3.044222251287008740e-01 1.000000000000000000e+00
-1.462160879534278590e-01 1.000000000000000000e+00
3.187075612061999186e-01 1.000000000000000000e+00
5.376878797576052360e-01 1.000000000000000000e+00
1.083940435742039909e+00 1.000000000000000000e+00
1.462239849389979973e+00 1.000000000000000000e+00
1.838271915958932690e+00 1.000000000000000000e+00
-1.034580380008562450e+00 0.000000000000000000e+00
-2.221938222121048467e-01 0.000000000000000000e+00
2.500000000000000555e-01 0.000000000000000000e+00
8.138368446659938193e-01 0.000000000000000000e+00
2.442937357554674893e+00 0.000000000000000000e+00
