# Runtime: 13.64257001876831
-1.750000000000000666e+00 5.000000000000000000e+00
-2.437808866582492406e+00 4.000000000000000000e+00
-1.694965155093558939e+00 4.000000000000000000e+00
-1.503892168474902258e+00 4.000000000000000000e+00
-1.192622999520891014e+00 4.000000000000000000e+00
-9.059213267370787026e-01 4.000000000000000000e+00
-7.500000000000007772e-01 4.000000000000000000e+00
-3.838887163343627229e-01 4.000000000000000000e+00
-5.221681252852686944e-02 4.000000000000000000e+00
1.713160452718054672e-01 4.000000000000000000e+00
-2.528275868923134606e+00 3.000000000000000000e+00
-2.349666194361001104e+00 3.000000000000000000e+00
-2.085108170297469421e+00 3.000000000000000000e+00
-1.709313881857546402e+00 3.000000000000000000e+00
-1.635346243262249200e+00 3.000000000000000000e+00
-1.460225777861704044e+00 3.000000000000000000e+00
-1.295433425802305694e+00 3.000000000000000000e+00
-1.265340905880094624e+00 3.000000000000000000e+00
-1.129889405444084227e+00 3.000000000000000000e+00
-1.039167727012216158e+00 3.000000000000000000e+00
-9.165529820862728938e-01 3.000000000000000000e+00
-8.442995863394969769e-01 3.000000000000000000e+00
-8.268792132858809873e-01 3.000000000000000000e+00
-6.908360343229723588e-01 3.000000000000000000e+00
-6.466042657323356480e-01 3.000000000000000000e+00
-5.722200912311078413e-01 3.000000000000000000e+00
-4.898360512008185785e-01 3.000000000000000000e+00
-4.239000236868283311e-01 3.000000000000000000e+00
-3.068066604208989356e-01 3.000000000000000000e+00
-2.270502266847721218e-01 3.000000000000000000e+00
-3.001269813707807196e-02 3.000000000000000000e+00
3.253267349718598489e-02 3.000000000000000000e+00
1.004399029057388981e-01 3.000000000000000000e+00
2.610225294944321650e-01 3.000000000000000000e+00
3.199665872596572092e-01 3.000000000000000000e+00
3.760847583424880014e-01 3.000000000000000000e+00
5.168383835191771025e-01 3.000000000000000000e+00
5.567301245458693426e-01 3.000000000000000000e+00
7.112465530894890309e-01 3.000000000000000000e+00
8.588636029514421510e-01 3.000000000000000000e+00
9.414005098053168652e-01 3.000000000000000000e+00
1.090061438257876381e+00 3.000000000000000000e+00
1.196307670739255258e+00 3.000000000000000000e+00
1.443958556132409088e+00 3.000000000000000000e+00
1.817312143289917081e+00 3.000000000000000000e+00
-2.414544809804246128e+00 2.000000000000000000e+00
-2.250262146247230532e+00 2.000000000000000000e+00
-2.142651063013680357e+00 2.000000000000000000e+00
-2.010748681639402680e+00 2.000000000000000000e+00
-1.771724773180586521e+00 2.000000000000000000e+00
-1.763146977556445227e+00 2.000000000000000000e+00
-1.589442728010457939e+00 2.000000000000000000e+00
-1.570028212541594748e+00 2.000000000000000000e+00
-1.540986400662255562e+00 2.000000000000000000e+00
-1.413987360192555665e+00 2.000000000000000000e+00
-1.364120427923943613e+00 2.000000000000000000e+00
-1.257524234556405052e+00 2.000000000000000000e+00
-1.161446143589763169e+00 2.000000000000000000e+00
-1.121518856860683089e+00 2.000000000000000000e+00
-1.069103974638942578e+00 2.000000000000000000e+00
-9.957052255910511240e-01 2.000000000000000000e+00
-9.073636842324694918e-01 2.000000000000000000e+00
-7.969878341578982006e-01 2.000000000000000000e+00
-7.753348754907376517e-01 2.000000000000000000e+00
-7.527520569321074495e-01 2.000000000000000000e+00
-7.336067417634951626e-01 2.000000000000000000e+00
-6.914396272654789177e-01 2.000000000000000000e+00
-6.169257608509726154e-01 2.000000000000000000e+00
-5.943562566349982479e-01 2.000000000000000000e+00
-5.296941936056178690e-01 2.000000000000000000e+00
-4.734125844340466571e-01 2.000000000000000000e+00
-4.218360355938384765e-01 2.000000000000000000e+00
-3.900905530182737779e-01 2.000000000000000000e+00
-3.264772324657466696e-01 2.000000000000000000e+00
-2.975036118833581655e-01 2.000000000000000000e+00
-2.623653547735696479e-01 2.000000000000000000e+00
-2.222402206160019045e-01 2.000000000000000000e+00
-1.436641237290031681e-01 2.000000000000000000e+00
-8.134646660306074639e-02 2.000000000000000000e+00
-5.588377773436412066e-02 2.000000000000000000e+00
1.474119771837834221e-02 2.000000000000000000e+00
3.527713370310876784e-02 2.000000000000000000e+00
6.565955572881013169e-02 2.000000000000000000e+00
1.262413836573658965e-01 2.000000000000000000e+00
1.322739354901837916e-01 2.000000000000000000e+00
2.004988217396249106e-01 2.000000000000000000e+00
2.568296397722201752e-01 2.000000000000000000e+00
3.610803763179245007e-01 2.000000000000000000e+00
3.748232455208738156e-01 2.000000000000000000e+00
3.873550802747686150e-01 2.000000000000000000e+00
4.553478908597790586e-01 2.000000000000000000e+00
5.218080830776676837e-01 2.000000000000000000e+00
5.977677403553015578e-01 2.000000000000000000e+00
6.180971777698195391e-01 2.000000000000000000e+00
6.315232246826952833e-01 2.000000000000000000e+00
6.603564276032878322e-01 2.000000000000000000e+00
8.001375954503731069e-01 2.000000000000000000e+00
8.371270202901148760e-01 2.000000000000000000e+00
8.987942482286753743e-01 2.000000000000000000e+00
9.255801806073236104e-01 2.000000000000000000e+00
9.692766655004372289e-01 2.000000000000000000e+00
1.016884737465202138e+00 2.000000000000000000e+00
1.078913642747505008e+00 2.000000000000000000e+00
1.193039117075074262e+00 2.000000000000000000e+00
1.249300069021261450e+00 2.000000000000000000e+00
1.286707969912934901e+00 2.000000000000000000e+00
1.322519601047057680e+00 2.000000000000000000e+00
1.355299946977232661e+00 2.000000000000000000e+00
1.521981968169098032e+00 2.000000000000000000e+00
1.599600017860435708e+00 2.000000000000000000e+00
1.623365518897163406e+00 2.000000000000000000e+00
1.783602862845394377e+00 2.000000000000000000e+00
1.860340653788775889e+00 2.000000000000000000e+00
1.978596192588456315e+00 2.000000000000000000e+00
2.046295101589315824e+00 2.000000000000000000e+00
2.084741052454077703e+00 2.000000000000000000e+00
2.322647802902784164e+00 2.000000000000000000e+00
2.421033177324801944e+00 2.000000000000000000e+00
2.698075580038189702e+00 2.000000000000000000e+00
2.946681370740801942e+00 2.000000000000000000e+00
-2.285235464312337150e+00 1.000000000000000000e+00
-2.133831188488215069e+00 1.000000000000000000e+00
-2.046928352305998455e+00 1.000000000000000000e+00
-1.924019675812195240e+00 1.000000000000000000e+00
-1.812710317274464300e+00 1.000000000000000000e+00
-1.618575429760980899e+00 1.000000000000000000e+00
-1.616241733266637892e+00 1.000000000000000000e+00
-1.497325909245106557e+00 1.000000000000000000e+00
-1.477472665923602158e+00 1.000000000000000000e+00
-1.364805172998608374e+00 1.000000000000000000e+00
-1.265440943469525070e+00 1.000000000000000000e+00
-1.237424953821680162e+00 1.000000000000000000e+00
-1.194585757131165105e+00 1.000000000000000000e+00
-1.010682722254202082e+00 1.000000000000000000e+00
-1.003965969326076513e+00 1.000000000000000000e+00
-8.728991960115475290e-01 1.000000000000000000e+00
-8.297686732192653958e-01 1.000000000000000000e+00
-8.119118098993743926e-01 1.000000000000000000e+00
-7.527562262098421719e-01 1.000000000000000000e+00
-6.602178846039724602e-01 1.000000000000000000e+00
-5.952538449833181255e-01 1.000000000000000000e+00
-5.683805358188256385e-01 1.000000000000000000e+00
-5.216970201535523488e-01 1.000000000000000000e+00
-5.071642841335118890e-01 1.000000000000000000e+00
-4.730269938282117281e-01 1.000000000000000000e+00
-4.363208102172199676e-01 1.000000000000000000e+00
-4.135792893088366950e-01 1.000000000000000000e+00
-3.521032510475395338e-01 1.000000000000000000e+00
-3.061887691495884800e-01 1.000000000000000000e+00
-2.837108012489457654e-01 1.000000000000000000e+00
-2.641526697539416380e-01 1.000000000000000000e+00
-1.547389904102798863e-01 1.000000000000000000e+00
-1.340768327029811802e-01 1.000000000000000000e+00
-1.186559913480008388e-01 1.000000000000000000e+00
-3.508228603212202451e-02 1.000000000000000000e+00
7.245484947332064309e-03 1.000000000000000000e+00
2.430291035035977987e-02 1.000000000000000000e+00
4.010164545584578299e-02 1.000000000000000000e+00
7.299667642279292212e-02 1.000000000000000000e+00
1.405941152483025092e-01 1.000000000000000000e+00
2.152184936924667058e-01 1.000000000000000000e+00
2.313015795041954703e-01 1.000000000000000000e+00
2.838190825889231328e-01 1.000000000000000000e+00
3.060705301270626455e-01 1.000000000000000000e+00
3.305935564599357113e-01 1.000000000000000000e+00
3.504970442902807237e-01 1.000000000000000000e+00
4.421449629084501787e-01 1.000000000000000000e+00
4.561968129521821735e-01 1.000000000000000000e+00
4.761072473964975682e-01 1.000000000000000000e+00
5.271836739012352169e-01 1.000000000000000000e+00
6.148782509457225709e-01 1.000000000000000000e+00
6.288392567618543705e-01 1.000000000000000000e+00
6.934311161722721550e-01 1.000000000000000000e+00
7.075503441907321500e-01 1.000000000000000000e+00
7.315028891691918167e-01 1.000000000000000000e+00
7.524973888136889943e-01 1.000000000000000000e+00
8.489399498973815295e-01 1.000000000000000000e+00
8.783840643629264866e-01 1.000000000000000000e+00
9.477295625403827639e-01 1.000000000000000000e+00
1.007729485144419623e+00 1.000000000000000000e+00
1.065461518814545760e+00 1.000000000000000000e+00
1.127130844143400701e+00 1.000000000000000000e+00
1.158203870284215675e+00 1.000000000000000000e+00
1.182357592319514872e+00 1.000000000000000000e+00
1.209208264880789363e+00 1.000000000000000000e+00
1.284152819239217092e+00 1.000000000000000000e+00
1.355950692562769344e+00 1.000000000000000000e+00
1.362684971614122498e+00 1.000000000000000000e+00
1.441504326725327356e+00 1.000000000000000000e+00
1.513349501086205029e+00 1.000000000000000000e+00
1.576878970868710317e+00 1.000000000000000000e+00
1.600510515357046248e+00 1.000000000000000000e+00
1.626731206030067156e+00 1.000000000000000000e+00
1.653392986667992171e+00 1.000000000000000000e+00
1.763307839920300379e+00 1.000000000000000000e+00
1.797617686700757833e+00 1.000000000000000000e+00
1.858954998935532510e+00 1.000000000000000000e+00
1.903603749864573036e+00 1.000000000000000000e+00
2.067317563368942679e+00 1.000000000000000000e+00
2.172717358124530485e+00 1.000000000000000000e+00
2.214726758864430600e+00 1.000000000000000000e+00
2.277294253150480952e+00 1.000000000000000000e+00
2.507053057163673326e+00 1.000000000000000000e+00
2.630326760708674882e+00 1.000000000000000000e+00
2.695856731517560334e+00 1.000000000000000000e+00
2.922389851631556290e+00 1.000000000000000000e+00
2.962209042346535703e+00 1.000000000000000000e+00
3.217271294824162631e+00 1.000000000000000000e+00
3.388727028765819327e+00 1.000000000000000000e+00
3.828184234745848791e+00 1.000000000000000000e+00
-2.135657049036179256e+00 0.000000000000000000e+00
-1.974817961630531915e+00 0.000000000000000000e+00
-1.478871064016102688e+00 0.000000000000000000e+00
-1.413834032897772097e+00 0.000000000000000000e+00
-1.295126319767535783e+00 0.000000000000000000e+00
-1.008692374026646243e+00 0.000000000000000000e+00
-9.240260926912575723e-01 0.000000000000000000e+00
-7.990133036283384449e-01 0.000000000000000000e+00
-6.036552755993795927e-01 0.000000000000000000e+00
-5.489953160909912810e-01 0.000000000000000000e+00
-4.294073341893389073e-01 0.000000000000000000e+00
-3.334602503260159501e-01 0.000000000000000000e+00
-2.966573080832888842e-01 0.000000000000000000e+00
-1.580901807880014387e-01 0.000000000000000000e+00
-3.091994733674474638e-02 0.000000000000000000e+00
-2.278785660433956840e-03 0.000000000000000000e+00
7.809308589192827388e-02 0.000000000000000000e+00
1.559971508326767065e-01 0.000000000000000000e+00
3.036272076283744736e-01 0.000000000000000000e+00
3.624731700401124801e-01 0.000000000000000000e+00
4.431802483921888913e-01 0.000000000000000000e+00
5.738706259951541488e-01 0.000000000000000000e+00
6.285569356337761260e-01 0.000000000000000000e+00
6.513526356675746198e-01 0.000000000000000000e+00
8.036978527268584527e-01 0.000000000000000000e+00
8.842736987488295508e-01 0.000000000000000000e+00
1.062526324296238389e+00 0.000000000000000000e+00
1.210481505236304267e+00 0.000000000000000000e+00
1.286395674168563596e+00 0.000000000000000000e+00
1.446124339162867978e+00 0.000000000000000000e+00
1.510930015053517650e+00 0.000000000000000000e+00
1.581216376680089297e+00 0.000000000000000000e+00
1.636276034956621661e+00 0.000000000000000000e+00
1.749895612782264021e+00 0.000000000000000000e+00
1.985348805761522506e+00 0.000000000000000000e+00
2.056144773385028657e+00 0.000000000000000000e+00
2.298436901021585932e+00 0.000000000000000000e+00
2.462517335742103075e+00 0.000000000000000000e+00
2.546240943735911699e+00 0.000000000000000000e+00
2.802856657150456954e+00 0.000000000000000000e+00
3.209495224871435681e+00 0.000000000000000000e+00
4.203493460206599863e+00 0.000000000000000000e+00
