# Runtime: 6.901181697845459
-5.000000000000002220e-01 2.500000000000000000e+00
-1.353646634410828220e+00 1.500000000000000000e+00
-2.679700143384772804e-01 1.500000000000000000e+00
4.359666359159037885e-01 1.500000000000000000e+00
1.185650012833401545e+00 1.500000000000000000e+00
-8.892285591291944069e-01 5.000000000000000000e-01
-1.120342159360647646e-16 5.000000000000000000e-01
1.134096374613713954e-17 5.000000000000000000e-01
6.445842732241550133e-01 5.000000000000000000e-01
1.744644285905039727e+00 5.000000000000000000e-01
