# Runtime: 11.294836521148682
-1.500000000000001332e+00 4.500000000000000000e+00
-2.353553395645127555e+00 3.500000000000000000e+00
-1.436959223741957947e+00 3.500000000000000000e+00
-1.238305717267918826e+00 3.500000000000000000e+00
-9.192905758728939780e-01 3.500000000000000000e+00
-5.313087261491451496e-01 3.500000000000000000e+00
-1.383544807871156523e-01 3.500000000000000000e+00
1.966669209602955048e-01 3.500000000000000000e+00
4.211051985038588019e-01 3.500000000000000000e+00
-2.255395824374111235e+00 2.500000000000000000e+00
-1.987031581743719411e+00 2.500000000000000000e+00
-1.607752595170967247e+00 2.500000000000000000e+00
-1.368061396557651799e+00 2.500000000000000000e+00
-1.187957758041787271e+00 2.500000000000000000e+00
-1.187083629738336032e+00 2.500000000000000000e+00
-9.918211427824927817e-01 2.500000000000000000e+00
-8.468146141245115333e-01 2.500000000000000000e+00
-7.950139347709579418e-01 2.500000000000000000e+00
-7.720906717393803964e-01 2.500000000000000000e+00
-5.855674046186286619e-01 2.500000000000000000e+00
-4.949191857880070322e-01 2.500000000000000000e+00
-4.498145401488760076e-01 2.500000000000000000e+00
-2.941798943385905973e-01 2.500000000000000000e+00
-1.787848506322043118e-01 2.500000000000000000e+00
-4.793203700984202675e-02 2.500000000000000000e+00
2.348560930943834058e-01 2.500000000000000000e+00
2.946100434544083879e-01 2.500000000000000000e+00
5.240545898722080986e-01 2.500000000000000000e+00
5.891975947309162631e-01 2.500000000000000000e+00
6.402582248308245072e-01 2.500000000000000000e+00
8.269100103540012459e-01 2.500000000000000000e+00
1.003024365488560221e+00 2.500000000000000000e+00
1.246975033235037778e+00 2.500000000000000000e+00
1.437990164497998213e+00 2.500000000000000000e+00
1.686751248394066316e+00 2.500000000000000000e+00
2.065593693627654215e+00 2.500000000000000000e+00
-2.144814919490154015e+00 1.500000000000000000e+00
-1.906089062698839154e+00 1.500000000000000000e+00
-1.663037890117482709e+00 1.500000000000000000e+00
-1.475103247135600926e+00 1.500000000000000000e+00
-1.449035655184403693e+00 1.500000000000000000e+00
-1.291771602054101686e+00 1.500000000000000000e+00
-1.134338446602577877e+00 1.500000000000000000e+00
-1.039932444763941088e+00 1.500000000000000000e+00
-9.844178714560711807e-01 1.500000000000000000e+00
-8.655317110497877664e-01 1.500000000000000000e+00
-7.778486963454145364e-01 1.500000000000000000e+00
-6.717822122210581615e-01 1.500000000000000000e+00
-6.343765441432061003e-01 1.500000000000000000e+00
-6.174043870367692532e-01 1.500000000000000000e+00
-4.142707778910237892e-01 1.500000000000000000e+00
-3.636314849476786071e-01 1.500000000000000000e+00
-3.239528942644580023e-01 1.500000000000000000e+00
-2.530213067972645891e-01 1.500000000000000000e+00
-1.545769843504827823e-01 1.500000000000000000e+00
-1.181160717404336064e-01 1.500000000000000000e+00
7.934296393996101773e-03 1.500000000000000000e+00
5.085716541095849919e-02 1.500000000000000000e+00
6.889189251655672419e-02 1.500000000000000000e+00
2.059840713341961338e-01 1.500000000000000000e+00
2.803980858756509043e-01 1.500000000000000000e+00
2.882084925386449448e-01 1.500000000000000000e+00
4.034645540182760226e-01 1.500000000000000000e+00
5.030423682051127221e-01 1.500000000000000000e+00
5.359313887461160109e-01 1.500000000000000000e+00
6.394976417100735055e-01 1.500000000000000000e+00
6.600379024481117796e-01 1.500000000000000000e+00
7.514747891099988752e-01 1.500000000000000000e+00
7.658812745374850017e-01 1.500000000000000000e+00
9.082701605308787229e-01 1.500000000000000000e+00
9.169390773509981107e-01 1.500000000000000000e+00
9.783061104347703374e-01 1.500000000000000000e+00
1.142385625544959815e+00 1.500000000000000000e+00
1.188408347503175921e+00 1.500000000000000000e+00
1.196722165571083352e+00 1.500000000000000000e+00
1.395359828259012946e+00 1.500000000000000000e+00
1.537834237111863400e+00 1.500000000000000000e+00
1.595083042422570374e+00 1.500000000000000000e+00
1.853293817403171007e+00 1.500000000000000000e+00
2.011366500350267206e+00 1.500000000000000000e+00
2.247191322909790401e+00 1.500000000000000000e+00
2.279714926783432016e+00 1.500000000000000000e+00
2.688875229575301784e+00 1.500000000000000000e+00
3.181699895694316105e+00 1.500000000000000000e+00
-2.017133019042851583e+00 5.000000000000000000e-01
-1.818499168210744754e+00 5.000000000000000000e-01
-1.356059350183142165e+00 5.000000000000000000e-01
-1.205846719896342956e+00 5.000000000000000000e-01
-1.151871968885398889e+00 5.000000000000000000e-01
-1.078521481374757673e+00 5.000000000000000000e-01
-8.772354445128881517e-01 5.000000000000000000e-01
-7.056398796976427468e-01 5.000000000000000000e-01
-6.324846201035936311e-01 5.000000000000000000e-01
-5.875782239383366967e-01 5.000000000000000000e-01
-4.482243303126174361e-01 5.000000000000000000e-01
-2.737052202153282821e-01 5.000000000000000000e-01
-2.185493542314513871e-01 5.000000000000000000e-01
-1.443100164475390745e-01 5.000000000000000000e-01
-1.322916747798346115e-01 5.000000000000000000e-01
-1.213009487920247015e-01 5.000000000000000000e-01
9.236708822786801609e-02 5.000000000000000000e-01
1.593300931505886031e-01 5.000000000000000000e-01
2.153578135694722284e-01 5.000000000000000000e-01
3.301588998647672635e-01 5.000000000000000000e-01
4.425741179485432886e-01 5.000000000000000000e-01
4.701912570187736229e-01 5.000000000000000000e-01
5.262500735857863488e-01 5.000000000000000000e-01
7.241876458738495392e-01 5.000000000000000000e-01
7.715392566539152064e-01 5.000000000000000000e-01
8.183634425355104103e-01 5.000000000000000000e-01
8.335527359850417595e-01 5.000000000000000000e-01
9.866787279161352009e-01 5.000000000000000000e-01
1.041981642325482849e+00 5.000000000000000000e-01
1.251874436187020656e+00 5.000000000000000000e-01
1.286121837601490459e+00 5.000000000000000000e-01
1.512102977769688383e+00 5.000000000000000000e-01
1.526292795632746113e+00 5.000000000000000000e-01
1.768574094436020427e+00 5.000000000000000000e-01
1.801085802432133010e+00 5.000000000000000000e-01
1.869413261604887522e+00 5.000000000000000000e-01
2.031100277386634012e+00 5.000000000000000000e-01
2.044110696320804443e+00 5.000000000000000000e-01
2.396945029303206187e+00 5.000000000000000000e-01
2.466155467031745374e+00 5.000000000000000000e-01
2.892019134601745645e+00 5.000000000000000000e-01
3.510922815660656227e+00 5.000000000000000000e-01
