# Runtime: 11.067959070205688
-1.500000000000001110e+00 4.500000000000000000e+00
-2.187809123798100774e+00 3.500000000000000000e+00
-1.429675070007072168e+00 3.500000000000000000e+00
-1.181856922157027201e+00 3.500000000000000000e+00
-8.030339600077357476e-01 3.500000000000000000e+00
-6.082549666506330555e-01 3.500000000000000000e+00
-2.966890711532422786e-01 3.500000000000000000e+00
1.101564982908695145e-01 3.500000000000000000e+00
3.971626154829362987e-01 3.500000000000000000e+00
-2.278526913395982234e+00 2.500000000000000000e+00
-2.068510564439109967e+00 2.500000000000000000e+00
-1.723420141778458037e+00 2.500000000000000000e+00
-1.352899159600548185e+00 2.500000000000000000e+00
-1.262421305607522193e+00 2.500000000000000000e+00
-1.129336890196635634e+00 2.500000000000000000e+00
-8.853753983438585884e-01 2.500000000000000000e+00
-7.982418791081954401e-01 2.500000000000000000e+00
-7.118236890297582331e-01 2.500000000000000000e+00
-6.342795294596097477e-01 2.500000000000000000e+00
-5.178380872510854882e-01 2.500000000000000000e+00
-4.346231092805813989e-01 2.500000000000000000e+00
-2.919369855005429781e-01 2.500000000000000000e+00
-1.949195580831927233e-01 2.500000000000000000e+00
-1.592370861550974348e-01 2.500000000000000000e+00
7.914521850875130826e-02 2.500000000000000000e+00
2.181065000619485383e-01 2.500000000000000000e+00
2.396951782954059584e-01 2.500000000000000000e+00
5.201872751673682904e-01 2.500000000000000000e+00
5.632142896967273771e-01 2.500000000000000000e+00
6.239560777563202265e-01 2.500000000000000000e+00
9.106432663248272830e-01 2.500000000000000000e+00
9.740901840075063545e-01 2.500000000000000000e+00
1.154634233945413868e+00 2.500000000000000000e+00
1.256216010374775927e+00 2.500000000000000000e+00
1.473132045713854366e+00 2.500000000000000000e+00
1.930370017377278202e+00 2.500000000000000000e+00
-2.126253308539568732e+00 1.500000000000000000e+00
-1.930766090405567237e+00 1.500000000000000000e+00
-1.777406168119656238e+00 1.500000000000000000e+00
-1.627147050728393829e+00 1.500000000000000000e+00
-1.341462860710294303e+00 1.500000000000000000e+00
-1.324020563476292489e+00 1.500000000000000000e+00
-1.267755763035949945e+00 1.500000000000000000e+00
-1.077699390108127320e+00 1.500000000000000000e+00
-1.073763251157173526e+00 1.500000000000000000e+00
-8.952931494756036779e-01 1.500000000000000000e+00
-8.712283004406615738e-01 1.500000000000000000e+00
-6.300647083449344432e-01 1.500000000000000000e+00
-5.906121127694300421e-01 1.500000000000000000e+00
-5.425340033097587611e-01 1.500000000000000000e+00
-4.306081328759948090e-01 1.500000000000000000e+00
-3.939220048926267981e-01 1.500000000000000000e+00
-3.580107527810735268e-01 1.500000000000000000e+00
-2.195313092401748045e-01 1.500000000000000000e+00
-1.536385505540237284e-01 1.500000000000000000e+00
-1.050539996580790447e-01 1.500000000000000000e+00
-7.321441763881113285e-02 1.500000000000000000e+00
-4.744483302958840167e-03 1.500000000000000000e+00
7.146091305381908898e-02 1.500000000000000000e+00
1.950248162370014360e-01 1.500000000000000000e+00
2.315461847911343962e-01 1.500000000000000000e+00
3.201661575720048947e-01 1.500000000000000000e+00
3.445923375505928754e-01 1.500000000000000000e+00
3.685698445131829204e-01 1.500000000000000000e+00
5.485358731450536984e-01 1.500000000000000000e+00
6.589089380664843176e-01 1.500000000000000000e+00
6.669592004153863662e-01 1.500000000000000000e+00
7.424354525431517970e-01 1.500000000000000000e+00
8.385361915112121700e-01 1.500000000000000000e+00
1.012900331263002718e+00 1.500000000000000000e+00
1.034809930498577168e+00 1.500000000000000000e+00
1.116962580741005073e+00 1.500000000000000000e+00
1.179586157967587923e+00 1.500000000000000000e+00
1.328503589882852998e+00 1.500000000000000000e+00
1.401904184079643345e+00 1.500000000000000000e+00
1.499045242829840419e+00 1.500000000000000000e+00
1.588041503787682052e+00 1.500000000000000000e+00
1.660804473372976764e+00 1.500000000000000000e+00
1.891421501500215152e+00 1.500000000000000000e+00
2.025548289635743071e+00 1.500000000000000000e+00
2.172863868886794947e+00 1.500000000000000000e+00
2.339801992491469029e+00 1.500000000000000000e+00
2.717342757246298035e+00 1.500000000000000000e+00
2.858458057982467437e+00 1.500000000000000000e+00
-1.951381906992754711e+00 5.000000000000000000e-01
-1.760958453151685976e+00 5.000000000000000000e-01
-1.661337965589770649e+00 5.000000000000000000e-01
-1.412791956390547110e+00 5.000000000000000000e-01
-1.170542468205463038e+00 5.000000000000000000e-01
-1.094435031063881292e+00 5.000000000000000000e-01
-1.002205250986524021e+00 5.000000000000000000e-01
-9.189584525876379750e-01 5.000000000000000000e-01
-6.186135403569574809e-01 5.000000000000000000e-01
-5.390873911559181941e-01 5.000000000000000000e-01
-3.434543160884193091e-01 5.000000000000000000e-01
-3.127340563261120643e-01 5.000000000000000000e-01
-2.316680034378754138e-01 5.000000000000000000e-01
-1.451592186654878935e-01 5.000000000000000000e-01
-1.176352140586845590e-01 5.000000000000000000e-01
-1.370834509591634803e-02 5.000000000000000000e-01
2.766825290489757783e-02 5.000000000000000000e-01
8.311260529523152585e-02 5.000000000000000000e-01
2.427594940203310625e-01 5.000000000000000000e-01
2.780368983095266588e-01 5.000000000000000000e-01
3.879008337800872730e-01 5.000000000000000000e-01
4.769532692650295669e-01 5.000000000000000000e-01
5.282864051121765048e-01 5.000000000000000000e-01
6.374703036343086771e-01 5.000000000000000000e-01
7.490380570274735028e-01 5.000000000000000000e-01
8.344229244409295809e-01 5.000000000000000000e-01
8.916284288453084628e-01 5.000000000000000000e-01
9.671754444585912713e-01 5.000000000000000000e-01
1.147775431174630212e+00 5.000000000000000000e-01
1.262384483643808730e+00 5.000000000000000000e-01
1.308198518262322141e+00 5.000000000000000000e-01
1.379443921239538406e+00 5.000000000000000000e-01
1.504372529766095701e+00 5.000000000000000000e-01
1.648980137521693479e+00 5.000000000000000000e-01
1.695178435871699474e+00 5.000000000000000000e-01
1.911609598504121710e+00 5.000000000000000000e-01
2.060813866651481696e+00 5.000000000000000000e-01
2.291404630925628627e+00 5.000000000000000000e-01
2.484399960461819656e+00 5.000000000000000000e-01
2.685891988199026414e+00 5.000000000000000000e-01
3.140540707942898191e+00 5.000000000000000000e-01
3.669224442895000937e+00 5.000000000000000000e-01
