# Runtime: 9.032066106796265
-1.000000000000000666e+00 3.500000000000000000e+00
-1.687833693915265609e+00 2.500000000000000000e+00
-8.681069844589406337e-01 2.500000000000000000e+00
-4.082895564672349709e-01 2.500000000000000000e+00
-1.161393223586388440e-01 2.500000000000000000e+00
2.815153070369348920e-01 2.500000000000000000e+00
7.988542501631453741e-01 2.500000000000000000e+00
-1.780488876237435569e+00 1.500000000000000000e+00
-1.428549019713292179e+00 1.500000000000000000e+00
-7.957751108638395632e-01 1.500000000000000000e+00
-7.188735318285104370e-01 1.500000000000000000e+00
-3.195765564564488348e-01 1.500000000000000000e+00
-1.539318065678854930e-01 1.500000000000000000e+00
5.946201204869762391e-02 1.500000000000000000e+00
2.435980134193793667e-01 1.500000000000000000e+00
4.733202972227282257e-01 1.500000000000000000e+00
6.313559104692019197e-01 1.500000000000000000e+00
1.083363605573133714e+00 1.500000000000000000e+00
1.166336472233675980e+00 1.500000000000000000e+00
1.649952900218137897e+00 1.500000000000000000e+00
1.889805690482459832e+00 1.500000000000000000e+00
-1.466997299223488316e+00 5.000000000000000000e-01
-1.104186346976755662e+00 5.000000000000000000e-01
-8.490592096858676774e-01 5.000000000000000000e-01
-5.364476314946268198e-01 5.000000000000000000e-01
-2.390165363013947719e-01 5.000000000000000000e-01
6.611946521147760158e-02 5.000000000000000000e-01
3.032070302043856636e-01 5.000000000000000000e-01
4.190784730177161133e-01 5.000000000000000000e-01
6.644578067962321200e-01 5.000000000000000000e-01
8.567054784865608674e-01 5.000000000000000000e-01
1.434764839116857260e+00 5.000000000000000000e-01
1.598845767730318057e+00 5.000000000000000000e-01
2.089269496329127840e+00 5.000000000000000000e-01
2.763258666789464080e+00 5.000000000000000000e-01
