# Runtime: 9.31827998161316
-1.000000000000000444e+00 3.500000000000000000e+00
-1.853554077047503856e+00 2.500000000000000000e+00
-8.921214231926554161e-01 2.500000000000000000e+00
-5.484164925426558979e-01 2.500000000000000000e+00
-4.205645429398603002e-02 2.500000000000000000e+00
4.766572457283700937e-01 2.500000000000000000e+00
8.594912013484300450e-01 2.500000000000000000e+00
-1.666719277219740336e+00 1.500000000000000000e+00
-1.199072933577700173e+00 1.500000000000000000e+00
-7.724129395360717076e-01 1.500000000000000000e+00
-6.265391787198927309e-01 1.500000000000000000e+00
-4.782854025837766088e-01 1.500000000000000000e+00
-1.841871766085363959e-01 1.500000000000000000e+00
-1.236779589179999583e-01 1.500000000000000000e+00
1.167207763557544936e-01 1.500000000000000000e+00
2.001387928270566829e-01 1.500000000000000000e+00
6.624666997655819234e-01 1.500000000000000000e+00
1.065306505182725738e+00 1.500000000000000000e+00
1.183655482482252497e+00 1.500000000000000000e+00
1.609227590953692832e+00 1.500000000000000000e+00
2.213379019596658281e+00 1.500000000000000000e+00
-1.448405236072607627e+00 5.000000000000000000e-01
-1.073988516610671962e+00 5.000000000000000000e-01
-6.372466198939081838e-01 5.000000000000000000e-01
-4.138536734681635965e-01 5.000000000000000000e-01
-2.950179761187902705e-01 5.000000000000000000e-01
2.358538653700993637e-01 5.000000000000000000e-01
2.471624336643331032e-01 5.000000000000000000e-01
5.897219610513892984e-01 5.000000000000000000e-01
8.701007014277384322e-01 5.000000000000000000e-01
9.010247439233441957e-01 5.000000000000000000e-01
1.253711470996710764e+00 5.000000000000000000e-01
1.311456086022104062e+00 5.000000000000000000e-01
1.832453174090531434e+00 5.000000000000000000e-01
2.627027585617892846e+00 5.000000000000000000e-01
