# Runtime: 11.019684076309204
-1.500000000000001332e+00 4.500000000000000000e+00
-2.169089302789245721e+00 3.500000000000000000e+00
-1.418262406998740843e+00 3.500000000000000000e+00
-1.164643559100233983e+00 3.500000000000000000e+00
-1.000000000000000888e+00 3.500000000000000000e+00
-5.411866622771918101e-01 3.500000000000000000e+00
-6.710027880752772456e-02 3.500000000000000000e+00
-1.920070737436622149e-16 3.500000000000000000e+00
3.602822099729347527e-01 3.500000000000000000e+00
-2.236322554803551022e+00 2.500000000000000000e+00
-2.004052785423804384e+00 2.500000000000000000e+00
-1.540203891088362198e+00 2.500000000000000000e+00
-1.380833391661967946e+00 2.500000000000000000e+00
-1.327366798772076972e+00 2.500000000000000000e+00
-1.082124386601218013e+00 2.500000000000000000e+00
-9.801071290789964419e-01 2.500000000000000000e+00
-9.208888460066055881e-01 2.500000000000000000e+00
-7.656286562028237208e-01 2.500000000000000000e+00
-6.568923269207543880e-01 2.500000000000000000e+00
-4.902794696369502381e-01 2.500000000000000000e+00
-4.422539549785151070e-01 2.500000000000000000e+00
-3.681319215280766111e-01 2.500000000000000000e+00
-2.180884304772281457e-01 2.500000000000000000e+00
-6.461542591368205080e-02 2.500000000000000000e+00
6.351548699128889419e-02 2.500000000000000000e+00
1.322038354451818554e-01 2.500000000000000000e+00
3.882699569234036030e-01 2.500000000000000000e+00
4.178904098890837693e-01 2.500000000000000000e+00
5.173663500399081627e-01 2.500000000000000000e+00
6.871919490959086385e-01 2.500000000000000000e+00
7.656554299339024539e-01 2.500000000000000000e+00
9.228071333226751660e-01 2.500000000000000000e+00
1.119219105583525664e+00 2.500000000000000000e+00
1.432195897594588097e+00 2.500000000000000000e+00
1.705926835568929434e+00 2.500000000000000000e+00
1.825547578706214980e+00 2.500000000000000000e+00
-2.271080454728255482e+00 1.500000000000000000e+00
-2.038610544918068701e+00 1.500000000000000000e+00
-1.803868620685334490e+00 1.500000000000000000e+00
-1.580285369714604427e+00 1.500000000000000000e+00
-1.414123568633592010e+00 1.500000000000000000e+00
-1.225753840470315215e+00 1.500000000000000000e+00
-1.202700294948886972e+00 1.500000000000000000e+00
-1.037133733929411106e+00 1.500000000000000000e+00
-9.862308783176799709e-01 1.500000000000000000e+00
-8.313131695573051649e-01 1.500000000000000000e+00
-7.972518499767518030e-01 1.500000000000000000e+00
-6.816994053601186376e-01 1.500000000000000000e+00
-6.599222081437000620e-01 1.500000000000000000e+00
-5.211589288580060764e-01 1.500000000000000000e+00
-3.947372649055988503e-01 1.500000000000000000e+00
-3.674526976221366148e-01 1.500000000000000000e+00
-2.902728434177583861e-01 1.500000000000000000e+00
-2.382036774556958725e-01 1.500000000000000000e+00
-2.020993355698477156e-01 1.500000000000000000e+00
-1.246650275963355342e-01 1.500000000000000000e+00
-1.238217180132243460e-02 1.500000000000000000e+00
5.869816745445845252e-02 1.500000000000000000e+00
1.639127199338407948e-01 1.500000000000000000e+00
2.192649864766568202e-01 1.500000000000000000e+00
2.778720289716271052e-01 1.500000000000000000e+00
3.508745701652374871e-01 1.500000000000000000e+00
4.564997835416504390e-01 1.500000000000000000e+00
4.808063714773813113e-01 1.500000000000000000e+00
5.078460177511707752e-01 1.500000000000000000e+00
5.819122836320306247e-01 1.500000000000000000e+00
7.073938712041178967e-01 1.500000000000000000e+00
7.433917365580344772e-01 1.500000000000000000e+00
7.835000231760541611e-01 1.500000000000000000e+00
8.334849194910686210e-01 1.500000000000000000e+00
9.685544221199555714e-01 1.500000000000000000e+00
1.070910088888634260e+00 1.500000000000000000e+00
1.095747666034193157e+00 1.500000000000000000e+00
1.205701247243234686e+00 1.500000000000000000e+00
1.349928590500280468e+00 1.500000000000000000e+00
1.392136244271440448e+00 1.500000000000000000e+00
1.618336973712882321e+00 1.500000000000000000e+00
1.642863706655243394e+00 1.500000000000000000e+00
2.025339739064792699e+00 1.500000000000000000e+00
2.042446322574620332e+00 1.500000000000000000e+00
2.149231602870001367e+00 1.500000000000000000e+00
2.206988264951890155e+00 1.500000000000000000e+00
2.575586783388688961e+00 1.500000000000000000e+00
3.171716754501558100e+00 1.500000000000000000e+00
-2.054513842807578428e+00 5.000000000000000000e-01
-1.804883000746704935e+00 5.000000000000000000e-01
-1.599872829040825062e+00 5.000000000000000000e-01
-1.471121548900377052e+00 5.000000000000000000e-01
-1.092214509127178435e+00 5.000000000000000000e-01
-1.061223029573509447e+00 5.000000000000000000e-01
-9.886570352491301783e-01 5.000000000000000000e-01
-7.809847011623488600e-01 5.000000000000000000e-01
-7.055191208454896223e-01 5.000000000000000000e-01
-6.487923576774381473e-01 5.000000000000000000e-01
-5.859399173833451657e-01 5.000000000000000000e-01
-5.106502279588638338e-01 5.000000000000000000e-01
-2.657074536923181296e-01 5.000000000000000000e-01
-1.817890948094547376e-01 5.000000000000000000e-01
-1.062875208370998997e-01 5.000000000000000000e-01
1.640344494075893569e-02 5.000000000000000000e-01
5.046781551037442248e-02 5.000000000000000000e-01
1.824437469626147279e-01 5.000000000000000000e-01
3.224355562794816721e-01 5.000000000000000000e-01
3.618647518033443200e-01 5.000000000000000000e-01
4.232913331326622064e-01 5.000000000000000000e-01
4.951342664139665728e-01 5.000000000000000000e-01
5.951386708999012454e-01 5.000000000000000000e-01
6.579183551710464650e-01 5.000000000000000000e-01
7.477667287029776677e-01 5.000000000000000000e-01
8.650965639212768732e-01 5.000000000000000000e-01
9.438442198674433792e-01 5.000000000000000000e-01
1.057759034784627294e+00 5.000000000000000000e-01
1.167573536056698558e+00 5.000000000000000000e-01
1.233009900874550535e+00 5.000000000000000000e-01
1.372436292846997752e+00 5.000000000000000000e-01
1.409965861269358856e+00 5.000000000000000000e-01
1.515718832074053113e+00 5.000000000000000000e-01
1.732426092619821834e+00 5.000000000000000000e-01
1.850615545910804238e+00 5.000000000000000000e-01
1.920619732743301888e+00 5.000000000000000000e-01
2.119970519438911793e+00 5.000000000000000000e-01
2.292988316107374303e+00 5.000000000000000000e-01
2.372329040318361670e+00 5.000000000000000000e-01
2.627526868386762526e+00 5.000000000000000000e-01
2.926321204130599263e+00 5.000000000000000000e-01
3.597089958643620911e+00 5.000000000000000000e-01
