# Runtime: 21.763949394226074
-2.250000000000001776e+00 6.000000000000000000e+00
-2.916937318864598172e+00 5.000000000000000000e+00
-2.206822884338074608e+00 5.000000000000000000e+00
-2.073125334388677743e+00 5.000000000000000000e+00
-1.957106781186547684e+00 5.000000000000000000e+00
-1.672917714332027961e+00 5.000000000000000000e+00
-1.342982567883080902e+00 5.000000000000000000e+00
-1.250000000000000666e+00 5.000000000000000000e+00
-8.866693734719305331e-01 5.000000000000000000e+00
-5.719931370489831357e-01 5.000000000000000000e+00
-5.428932188134527603e-01 5.000000000000000000e+00
-3.285516696726337726e-01 5.000000000000000000e+00
-2.970205500559208289e+00 4.000000000000000000e+00
-2.835032061140922099e+00 4.000000000000000000e+00
-2.570666263687284125e+00 4.000000000000000000e+00
-2.486300577484975349e+00 4.000000000000000000e+00
-2.189175907559322454e+00 4.000000000000000000e+00
-2.160152861006972458e+00 4.000000000000000000e+00
-2.029666902218240754e+00 4.000000000000000000e+00
-1.918997305440814038e+00 4.000000000000000000e+00
-1.876330656148925913e+00 4.000000000000000000e+00
-1.781523012226589264e+00 4.000000000000000000e+00
-1.773768671222559989e+00 4.000000000000000000e+00
-1.680572403379427371e+00 4.000000000000000000e+00
-1.627707174900580478e+00 4.000000000000000000e+00
-1.604882357498929935e+00 4.000000000000000000e+00
-1.529451326343947093e+00 4.000000000000000000e+00
-1.447592582625332192e+00 4.000000000000000000e+00
-1.376399205055561792e+00 4.000000000000000000e+00
-1.330040627196078740e+00 4.000000000000000000e+00
-1.283040503282826705e+00 4.000000000000000000e+00
-1.197819616553496891e+00 4.000000000000000000e+00
-1.136032980831724215e+00 4.000000000000000000e+00
-1.083193411789564076e+00 4.000000000000000000e+00
-1.042414330669770406e+00 4.000000000000000000e+00
-9.903480849956427523e-01 4.000000000000000000e+00
-9.438583757409012565e-01 4.000000000000000000e+00
-8.782384919129316847e-01 4.000000000000000000e+00
-8.238475532755739072e-01 4.000000000000000000e+00
-7.051517188184780460e-01 4.000000000000000000e+00
-6.564682980348894858e-01 4.000000000000000000e+00
-5.130061871543549756e-01 4.000000000000000000e+00
-5.027212773056971562e-01 4.000000000000000000e+00
-4.808959989460502849e-01 4.000000000000000000e+00
-3.536578780187001336e-01 4.000000000000000000e+00
-3.318733744798914587e-01 4.000000000000000000e+00
-3.110695127306695729e-01 4.000000000000000000e+00
-2.602279418138171430e-01 4.000000000000000000e+00
-1.531913303871632048e-01 4.000000000000000000e+00
-1.131770534250080978e-01 4.000000000000000000e+00
-1.116024298870607612e-01 4.000000000000000000e+00
-5.294838559408008433e-02 4.000000000000000000e+00
5.240625364830500676e-02 4.000000000000000000e+00
7.663650048233310030e-02 4.000000000000000000e+00
8.529320613064078627e-02 4.000000000000000000e+00
2.402330103691475149e-01 4.000000000000000000e+00
3.962087357351419814e-01 4.000000000000000000e+00
4.148793511323753957e-01 4.000000000000000000e+00
4.797161877247335671e-01 4.000000000000000000e+00
6.238502986426089914e-01 4.000000000000000000e+00
6.898189616340504315e-01 4.000000000000000000e+00
8.028564216118532215e-01 4.000000000000000000e+00
9.408496279489042546e-01 4.000000000000000000e+00
1.134484548805716697e+00 4.000000000000000000e+00
1.312588852398320460e+00 4.000000000000000000e+00
1.363428175079819171e+00 4.000000000000000000e+00
-2.999245853355636982e+00 3.000000000000000000e+00
-2.869682323629759946e+00 3.000000000000000000e+00
-2.740716636554901608e+00 3.000000000000000000e+00
-2.602282843630689957e+00 3.000000000000000000e+00
-2.511177656421921700e+00 3.000000000000000000e+00
-2.497413494717259486e+00 3.000000000000000000e+00
-2.394096195429926244e+00 3.000000000000000000e+00
-2.247279168829249496e+00 3.000000000000000000e+00
-2.228594880306742354e+00 3.000000000000000000e+00
-2.134771256174535559e+00 3.000000000000000000e+00
-2.109243355862612468e+00 3.000000000000000000e+00
-2.071060950985098348e+00 3.000000000000000000e+00
-2.021349093889059478e+00 3.000000000000000000e+00
-1.983891620969561398e+00 3.000000000000000000e+00
-1.878794292443987768e+00 3.000000000000000000e+00
-1.836380806395432108e+00 3.000000000000000000e+00
-1.812908872877598387e+00 3.000000000000000000e+00
-1.777042190750267370e+00 3.000000000000000000e+00
-1.747412723885816144e+00 3.000000000000000000e+00
-1.690379116166656592e+00 3.000000000000000000e+00
-1.664023165593470965e+00 3.000000000000000000e+00
-1.650886992634686745e+00 3.000000000000000000e+00
-1.626560912023643279e+00 3.000000000000000000e+00
-1.598440474214199547e+00 3.000000000000000000e+00
-1.566547993073077460e+00 3.000000000000000000e+00
-1.532372006959793032e+00 3.000000000000000000e+00
-1.488920873217912666e+00 3.000000000000000000e+00
-1.455461736241215220e+00 3.000000000000000000e+00
-1.403477825803457035e+00 3.000000000000000000e+00
-1.372051266855913054e+00 3.000000000000000000e+00
-1.368511167392018502e+00 3.000000000000000000e+00
-1.318684853780560440e+00 3.000000000000000000e+00
-1.275715477585711577e+00 3.000000000000000000e+00
-1.270433755722792712e+00 3.000000000000000000e+00
-1.248267956898966524e+00 3.000000000000000000e+00
-1.234869425494864892e+00 3.000000000000000000e+00
-1.232524257333528661e+00 3.000000000000000000e+00
-1.196687664160490883e+00 3.000000000000000000e+00
-1.149666261813368617e+00 3.000000000000000000e+00
-1.133446408684061657e+00 3.000000000000000000e+00
-1.096977327773185573e+00 3.000000000000000000e+00
-1.082143142396741586e+00 3.000000000000000000e+00
-1.058037091373163152e+00 3.000000000000000000e+00
-1.007106247847836311e+00 3.000000000000000000e+00
-9.984758119057961512e-01 3.000000000000000000e+00
-9.777528203049999922e-01 3.000000000000000000e+00
-9.465698669753841443e-01 3.000000000000000000e+00
-9.273920116545567582e-01 3.000000000000000000e+00
-9.082311390636377268e-01 3.000000000000000000e+00
-8.734812226537751467e-01 3.000000000000000000e+00
-8.612531926210073019e-01 3.000000000000000000e+00
-8.303317146188189390e-01 3.000000000000000000e+00
-8.106495291647959345e-01 3.000000000000000000e+00
-7.791855250250143694e-01 3.000000000000000000e+00
-7.635969201768725290e-01 3.000000000000000000e+00
-7.545973416967307612e-01 3.000000000000000000e+00
-7.227306735727827558e-01 3.000000000000000000e+00
-6.847438201888444986e-01 3.000000000000000000e+00
-6.371059621554749919e-01 3.000000000000000000e+00
-6.323718233789463739e-01 3.000000000000000000e+00
-5.949276213301358807e-01 3.000000000000000000e+00
-5.829648880851305837e-01 3.000000000000000000e+00
-5.367905938082598860e-01 3.000000000000000000e+00
-5.243402295258521306e-01 3.000000000000000000e+00
-4.862594481214729814e-01 3.000000000000000000e+00
-4.559495980010645488e-01 3.000000000000000000e+00
-4.473897565606580473e-01 3.000000000000000000e+00
-4.220197191265987469e-01 3.000000000000000000e+00
-4.106767152241488361e-01 3.000000000000000000e+00
-4.089760492135948167e-01 3.000000000000000000e+00
-3.919677851917903744e-01 3.000000000000000000e+00
-3.666346168824370921e-01 3.000000000000000000e+00
-3.036863264815779506e-01 3.000000000000000000e+00
-2.860386655012882029e-01 3.000000000000000000e+00
-2.818441101455744224e-01 3.000000000000000000e+00
-2.602080081059128247e-01 3.000000000000000000e+00
-2.475721243130609983e-01 3.000000000000000000e+00
-2.047337620566149485e-01 3.000000000000000000e+00
-1.834324750823558003e-01 3.000000000000000000e+00
-1.652107582475602354e-01 3.000000000000000000e+00
-1.048246064852317028e-01 3.000000000000000000e+00
-8.910742013753901458e-02 3.000000000000000000e+00
-8.273630005922276431e-02 3.000000000000000000e+00
-6.960887561720033312e-02 3.000000000000000000e+00
-3.630909180215077803e-02 3.000000000000000000e+00
-2.898665943060832473e-02 3.000000000000000000e+00
-3.854018755355421728e-03 3.000000000000000000e+00
1.952246581730652381e-02 3.000000000000000000e+00
3.756177597817338815e-02 3.000000000000000000e+00
7.571868252176114367e-02 3.000000000000000000e+00
9.295701697927467866e-02 3.000000000000000000e+00
1.126993408057873902e-01 3.000000000000000000e+00
1.234329307662116876e-01 3.000000000000000000e+00
1.314182935696346644e-01 3.000000000000000000e+00
1.423047006766745282e-01 3.000000000000000000e+00
1.533149317043156767e-01 3.000000000000000000e+00
1.705191348696959708e-01 3.000000000000000000e+00
1.863251118789956695e-01 3.000000000000000000e+00
2.234386673112025989e-01 3.000000000000000000e+00
2.725203115800683418e-01 3.000000000000000000e+00
3.005111481615878044e-01 3.000000000000000000e+00
3.241966064308235418e-01 3.000000000000000000e+00
3.393415777922960674e-01 3.000000000000000000e+00
3.610577374938765405e-01 3.000000000000000000e+00
3.676685032441922019e-01 3.000000000000000000e+00
4.139706773726394839e-01 3.000000000000000000e+00
4.533889984054635947e-01 3.000000000000000000e+00
4.758379349800493374e-01 3.000000000000000000e+00
4.827071397529817398e-01 3.000000000000000000e+00
4.863119845077011338e-01 3.000000000000000000e+00
4.919335976981553671e-01 3.000000000000000000e+00
5.634042634453081400e-01 3.000000000000000000e+00
5.924200041780965931e-01 3.000000000000000000e+00
6.119900827358504269e-01 3.000000000000000000e+00
6.997712746046074184e-01 3.000000000000000000e+00
7.128351966885499991e-01 3.000000000000000000e+00
7.334361393540904661e-01 3.000000000000000000e+00
7.779208751264353738e-01 3.000000000000000000e+00
7.831177735656096317e-01 3.000000000000000000e+00
8.226092542420109233e-01 3.000000000000000000e+00
8.461882695322449077e-01 3.000000000000000000e+00
8.814061395908522334e-01 3.000000000000000000e+00
8.891347824206935480e-01 3.000000000000000000e+00
9.116512274554717798e-01 3.000000000000000000e+00
9.511413269956794370e-01 3.000000000000000000e+00
9.969284436136091054e-01 3.000000000000000000e+00
1.032163657767259934e+00 3.000000000000000000e+00
1.099476799151490436e+00 3.000000000000000000e+00
1.158327314456560009e+00 3.000000000000000000e+00
1.183809358834590375e+00 3.000000000000000000e+00
1.200600095846543258e+00 3.000000000000000000e+00
1.222250812474796611e+00 3.000000000000000000e+00
1.282403268972776234e+00 3.000000000000000000e+00
1.368555559630638019e+00 3.000000000000000000e+00
1.411777034063564695e+00 3.000000000000000000e+00
1.440458586296673449e+00 3.000000000000000000e+00
1.455084236826494459e+00 3.000000000000000000e+00
1.504954893332448584e+00 3.000000000000000000e+00
1.547430964160798395e+00 3.000000000000000000e+00
1.577307916361655016e+00 3.000000000000000000e+00
1.592894417749388669e+00 3.000000000000000000e+00
1.632705438783875085e+00 3.000000000000000000e+00
1.708732761425762137e+00 3.000000000000000000e+00
1.738398278298505906e+00 3.000000000000000000e+00
1.871486052104101017e+00 3.000000000000000000e+00
1.921242226709543699e+00 3.000000000000000000e+00
1.945660551574407426e+00 3.000000000000000000e+00
1.959278877066474855e+00 3.000000000000000000e+00
2.196390539666348563e+00 3.000000000000000000e+00
2.256505268799391395e+00 3.000000000000000000e+00
2.376809623930166371e+00 3.000000000000000000e+00
2.441359250746457210e+00 3.000000000000000000e+00
2.628379834140701199e+00 3.000000000000000000e+00
3.003999273581810403e+00 3.000000000000000000e+00
-3.017062181111995756e+00 2.000000000000000000e+00
-2.887774317149974568e+00 2.000000000000000000e+00
-2.755060622553233252e+00 2.000000000000000000e+00
-2.626013447960545921e+00 2.000000000000000000e+00
-2.620496956732154104e+00 2.000000000000000000e+00
-2.517930577024256600e+00 2.000000000000000000e+00
-2.410094191424573040e+00 2.000000000000000000e+00
-2.407457078138452555e+00 2.000000000000000000e+00
-2.292354522489053359e+00 2.000000000000000000e+00
-2.276010639557944248e+00 2.000000000000000000e+00
-2.248449495087819550e+00 2.000000000000000000e+00
-2.148698055250759520e+00 2.000000000000000000e+00
-2.090202515361769819e+00 2.000000000000000000e+00
-2.075283122801097502e+00 2.000000000000000000e+00
-2.052272033744725110e+00 2.000000000000000000e+00
-2.051877423902110031e+00 2.000000000000000000e+00
-1.963873650309638119e+00 2.000000000000000000e+00
-1.934822356990895997e+00 2.000000000000000000e+00
-1.852819617913360695e+00 2.000000000000000000e+00
-1.826723612750416059e+00 2.000000000000000000e+00
-1.811594564796164430e+00 2.000000000000000000e+00
-1.790167315295408290e+00 2.000000000000000000e+00
-1.782412498487680574e+00 2.000000000000000000e+00
-1.751793980237135173e+00 2.000000000000000000e+00
-1.712423643769722448e+00 2.000000000000000000e+00
-1.669877307900486496e+00 2.000000000000000000e+00
-1.638683352732660969e+00 2.000000000000000000e+00
-1.624067933094131666e+00 2.000000000000000000e+00
-1.594967397491398930e+00 2.000000000000000000e+00
-1.578050658663910477e+00 2.000000000000000000e+00
-1.563368141494235974e+00 2.000000000000000000e+00
-1.513558553106493232e+00 2.000000000000000000e+00
-1.498936181559440861e+00 2.000000000000000000e+00
-1.491184943717776212e+00 2.000000000000000000e+00
-1.470018146151702787e+00 2.000000000000000000e+00
-1.440431119877272570e+00 2.000000000000000000e+00
-1.429613997144471016e+00 2.000000000000000000e+00
-1.398393917202450210e+00 2.000000000000000000e+00
-1.367400446702793815e+00 2.000000000000000000e+00
-1.341311572853689960e+00 2.000000000000000000e+00
-1.311442722730750132e+00 2.000000000000000000e+00
-1.302225125004944806e+00 2.000000000000000000e+00
-1.288420646652043811e+00 2.000000000000000000e+00
-1.257282848709876166e+00 2.000000000000000000e+00
-1.238658839644826370e+00 2.000000000000000000e+00
-1.235748253973650401e+00 2.000000000000000000e+00
-1.218141676944007656e+00 2.000000000000000000e+00
-1.187796489508198494e+00 2.000000000000000000e+00
-1.166401896095765611e+00 2.000000000000000000e+00
-1.155887851469238559e+00 2.000000000000000000e+00
-1.146188492283076954e+00 2.000000000000000000e+00
-1.107514609651679027e+00 2.000000000000000000e+00
-1.096544696152629506e+00 2.000000000000000000e+00
-1.079478799816050660e+00 2.000000000000000000e+00
-1.051898168804034750e+00 2.000000000000000000e+00
-1.043504652580656167e+00 2.000000000000000000e+00
-1.015436376613212399e+00 2.000000000000000000e+00
-1.000277581518837167e+00 2.000000000000000000e+00
-9.667121228884915096e-01 2.000000000000000000e+00
-9.592795805571602274e-01 2.000000000000000000e+00
-9.524116713763997044e-01 2.000000000000000000e+00
-9.452496592902570605e-01 2.000000000000000000e+00
-9.392955995211765829e-01 2.000000000000000000e+00
-9.170978489094673280e-01 2.000000000000000000e+00
-9.063944124726311946e-01 2.000000000000000000e+00
-8.927143927511465016e-01 2.000000000000000000e+00
-8.714146901463312167e-01 2.000000000000000000e+00
-8.607285712916652454e-01 2.000000000000000000e+00
-8.446818410152771017e-01 2.000000000000000000e+00
-8.209772112025462976e-01 2.000000000000000000e+00
-8.061348434835841070e-01 2.000000000000000000e+00
-7.847818520383410545e-01 2.000000000000000000e+00
-7.753186755083237847e-01 2.000000000000000000e+00
-7.605875921330679246e-01 2.000000000000000000e+00
-7.537684343839636814e-01 2.000000000000000000e+00
-7.513531968498183833e-01 2.000000000000000000e+00
-7.420189920109946380e-01 2.000000000000000000e+00
-7.255364310990531918e-01 2.000000000000000000e+00
-6.990250003017715041e-01 2.000000000000000000e+00
-6.803988962631938309e-01 2.000000000000000000e+00
-6.631039134043639205e-01 2.000000000000000000e+00
-6.429889963706852951e-01 2.000000000000000000e+00
-6.218568574824278050e-01 2.000000000000000000e+00
-6.120683832652425993e-01 2.000000000000000000e+00
-5.969455993554763085e-01 2.000000000000000000e+00
-5.872323052110519637e-01 2.000000000000000000e+00
-5.654777081628922231e-01 2.000000000000000000e+00
-5.474089474144372414e-01 2.000000000000000000e+00
-5.324085888640973652e-01 2.000000000000000000e+00
-5.284998259117519304e-01 2.000000000000000000e+00
-5.033631321053394503e-01 2.000000000000000000e+00
-4.974565914162122904e-01 2.000000000000000000e+00
-4.760720793765169101e-01 2.000000000000000000e+00
-4.441230362075726523e-01 2.000000000000000000e+00
-4.354382279390444643e-01 2.000000000000000000e+00
-4.226261597039178697e-01 2.000000000000000000e+00
-4.115659687837090464e-01 2.000000000000000000e+00
-4.041092652902405491e-01 2.000000000000000000e+00
-3.862392638802125688e-01 2.000000000000000000e+00
-3.796606288102026827e-01 2.000000000000000000e+00
-3.510232304929398195e-01 2.000000000000000000e+00
-3.299320394644035814e-01 2.000000000000000000e+00
-3.247084271136338463e-01 2.000000000000000000e+00
-3.101378876097370396e-01 2.000000000000000000e+00
-2.942635533843102058e-01 2.000000000000000000e+00
-2.799643065030435474e-01 2.000000000000000000e+00
-2.399840880698424217e-01 2.000000000000000000e+00
-2.290035208525955934e-01 2.000000000000000000e+00
-2.256284172813260436e-01 2.000000000000000000e+00
-2.064726456296170909e-01 2.000000000000000000e+00
-1.954118737041451448e-01 2.000000000000000000e+00
-1.916800176824444146e-01 2.000000000000000000e+00
-1.707583905047658501e-01 2.000000000000000000e+00
-1.618961661084453441e-01 2.000000000000000000e+00
-1.519794736034850713e-01 2.000000000000000000e+00
-1.277063233354297500e-01 2.000000000000000000e+00
-1.086833527688739337e-01 2.000000000000000000e+00
-9.571480569011892037e-02 2.000000000000000000e+00
-8.853234917626266742e-02 2.000000000000000000e+00
-7.337317423423039831e-02 2.000000000000000000e+00
-6.767359244832668597e-02 2.000000000000000000e+00
-4.549345199261339845e-02 2.000000000000000000e+00
-3.596295244724992402e-02 2.000000000000000000e+00
-2.940430290509670266e-02 2.000000000000000000e+00
-1.983947972275511631e-02 2.000000000000000000e+00
2.102083186860511255e-03 2.000000000000000000e+00
7.385986442022182512e-03 2.000000000000000000e+00
3.007684948134444619e-02 2.000000000000000000e+00
5.431470844705010154e-02 2.000000000000000000e+00
5.881007671416479260e-02 2.000000000000000000e+00
6.738237291339209400e-02 2.000000000000000000e+00
8.555126856996611573e-02 2.000000000000000000e+00
9.017545146113631338e-02 2.000000000000000000e+00
1.027256471478424638e-01 2.000000000000000000e+00
1.231084846064236238e-01 2.000000000000000000e+00
1.406710860946211172e-01 2.000000000000000000e+00
1.533693702449407670e-01 2.000000000000000000e+00
1.707578904156957789e-01 2.000000000000000000e+00
1.952472527943895919e-01 2.000000000000000000e+00
1.997522803424156834e-01 2.000000000000000000e+00
2.191404256365205860e-01 2.000000000000000000e+00
2.246559058305749312e-01 2.000000000000000000e+00
2.279734739904705487e-01 2.000000000000000000e+00
2.354505744399660039e-01 2.000000000000000000e+00
2.419860742847852186e-01 2.000000000000000000e+00
2.672528062304758700e-01 2.000000000000000000e+00
2.704571437617603880e-01 2.000000000000000000e+00
2.789786896489275247e-01 2.000000000000000000e+00
3.058367469265520500e-01 2.000000000000000000e+00
3.179346355817534442e-01 2.000000000000000000e+00
3.252143384534931236e-01 2.000000000000000000e+00
3.435986974072767763e-01 2.000000000000000000e+00
3.587830829214763151e-01 2.000000000000000000e+00
3.705117317469959204e-01 2.000000000000000000e+00
3.890986997839943062e-01 2.000000000000000000e+00
4.034399623800639101e-01 2.000000000000000000e+00
4.166809882955083144e-01 2.000000000000000000e+00
4.378012120128295104e-01 2.000000000000000000e+00
4.514915210438767423e-01 2.000000000000000000e+00
4.735684548081167122e-01 2.000000000000000000e+00
4.886637609646909408e-01 2.000000000000000000e+00
4.991773782644004509e-01 2.000000000000000000e+00
5.079151303209600288e-01 2.000000000000000000e+00
5.160340917161607699e-01 2.000000000000000000e+00
5.386861481059066481e-01 2.000000000000000000e+00
5.511363042326811179e-01 2.000000000000000000e+00
5.575995005407201610e-01 2.000000000000000000e+00
5.674502289620266815e-01 2.000000000000000000e+00
5.758423484543442328e-01 2.000000000000000000e+00
6.043746683859593238e-01 2.000000000000000000e+00
6.183719972237736728e-01 2.000000000000000000e+00
6.256997828392860672e-01 2.000000000000000000e+00
6.442840075937384947e-01 2.000000000000000000e+00
6.550187473987081344e-01 2.000000000000000000e+00
6.911367158340033789e-01 2.000000000000000000e+00
7.007295768557941784e-01 2.000000000000000000e+00
7.122880586936273239e-01 2.000000000000000000e+00
7.239808747133243960e-01 2.000000000000000000e+00
7.573232689050094502e-01 2.000000000000000000e+00
7.760634770299887908e-01 2.000000000000000000e+00
7.810927753832276332e-01 2.000000000000000000e+00
7.857075163370459414e-01 2.000000000000000000e+00
8.060483766120840610e-01 2.000000000000000000e+00
8.128396872159870945e-01 2.000000000000000000e+00
8.237719980380184825e-01 2.000000000000000000e+00
8.389607813439322603e-01 2.000000000000000000e+00
8.529510922867992173e-01 2.000000000000000000e+00
8.633123220317275859e-01 2.000000000000000000e+00
8.800082345567517006e-01 2.000000000000000000e+00
8.891555319801690560e-01 2.000000000000000000e+00
9.069369012115126027e-01 2.000000000000000000e+00
9.438319868936387858e-01 2.000000000000000000e+00
9.492205940262798958e-01 2.000000000000000000e+00
9.676311545173738038e-01 2.000000000000000000e+00
9.790947626963002470e-01 2.000000000000000000e+00
9.878519891499264460e-01 2.000000000000000000e+00
1.015812832962299295e+00 2.000000000000000000e+00
1.016671743529699246e+00 2.000000000000000000e+00
1.025135325710280654e+00 2.000000000000000000e+00
1.062429504464585062e+00 2.000000000000000000e+00
1.093528587512266892e+00 2.000000000000000000e+00
1.101274629532902116e+00 2.000000000000000000e+00
1.123396180933729172e+00 2.000000000000000000e+00
1.130990810728237816e+00 2.000000000000000000e+00
1.153051752544712594e+00 2.000000000000000000e+00
1.160163848289385236e+00 2.000000000000000000e+00
1.171472978632684736e+00 2.000000000000000000e+00
1.216643603033060961e+00 2.000000000000000000e+00
1.223683116573931251e+00 2.000000000000000000e+00
1.227744652209221465e+00 2.000000000000000000e+00
1.249255101101369725e+00 2.000000000000000000e+00
1.287254904367420627e+00 2.000000000000000000e+00
1.315209476219544316e+00 2.000000000000000000e+00
1.318261261451263877e+00 2.000000000000000000e+00
1.333041563147083552e+00 2.000000000000000000e+00
1.349573283975195270e+00 2.000000000000000000e+00
1.375511077624370637e+00 2.000000000000000000e+00
1.388228632248395433e+00 2.000000000000000000e+00
1.403674452894586810e+00 2.000000000000000000e+00
1.446812099009425534e+00 2.000000000000000000e+00
1.465044427805928917e+00 2.000000000000000000e+00
1.481546221880756686e+00 2.000000000000000000e+00
1.499155024141143988e+00 2.000000000000000000e+00
1.507739484833489518e+00 2.000000000000000000e+00
1.541326539646523219e+00 2.000000000000000000e+00
1.556603335909748864e+00 2.000000000000000000e+00
1.574221824803539560e+00 2.000000000000000000e+00
1.587867767935304819e+00 2.000000000000000000e+00
1.623771181852540879e+00 2.000000000000000000e+00
1.662898033023811672e+00 2.000000000000000000e+00
1.676368060648677716e+00 2.000000000000000000e+00
1.690897770069879957e+00 2.000000000000000000e+00
1.701142797358654368e+00 2.000000000000000000e+00
1.737445179020868924e+00 2.000000000000000000e+00
1.764635299657411061e+00 2.000000000000000000e+00
1.791677011068322001e+00 2.000000000000000000e+00
1.813612123126089326e+00 2.000000000000000000e+00
1.824622609835633957e+00 2.000000000000000000e+00
1.833656316609621140e+00 2.000000000000000000e+00
1.859771085483768349e+00 2.000000000000000000e+00
1.873140147765976593e+00 2.000000000000000000e+00
1.902118209312773534e+00 2.000000000000000000e+00
1.988120755293932396e+00 2.000000000000000000e+00
2.032191408860606341e+00 2.000000000000000000e+00
2.038315849683976833e+00 2.000000000000000000e+00
2.066370680057490361e+00 2.000000000000000000e+00
2.083922286668335566e+00 2.000000000000000000e+00
2.114102623806260350e+00 2.000000000000000000e+00
2.152455508625816361e+00 2.000000000000000000e+00
2.161888201084235739e+00 2.000000000000000000e+00
2.203950673363699320e+00 2.000000000000000000e+00
2.226386171415236870e+00 2.000000000000000000e+00
2.255574195317100017e+00 2.000000000000000000e+00
2.280965499692868548e+00 2.000000000000000000e+00
2.332617732841208102e+00 2.000000000000000000e+00
2.392835274691224701e+00 2.000000000000000000e+00
2.456649498682239141e+00 2.000000000000000000e+00
2.494344459759887833e+00 2.000000000000000000e+00
2.506267849320829910e+00 2.000000000000000000e+00
2.543781321396501927e+00 2.000000000000000000e+00
2.624178280309076072e+00 2.000000000000000000e+00
2.657942728130025856e+00 2.000000000000000000e+00
2.758266441772215138e+00 2.000000000000000000e+00
2.776758629556286273e+00 2.000000000000000000e+00
2.805278920820511779e+00 2.000000000000000000e+00
2.903479316462141746e+00 2.000000000000000000e+00
2.917522965792709311e+00 2.000000000000000000e+00
3.001645840224663964e+00 2.000000000000000000e+00
3.150574246493961006e+00 2.000000000000000000e+00
3.173718736575397159e+00 2.000000000000000000e+00
3.260890774569750405e+00 2.000000000000000000e+00
3.381330971331220958e+00 2.000000000000000000e+00
3.535119521635551543e+00 2.000000000000000000e+00
3.665001520584669770e+00 2.000000000000000000e+00
4.124128135193881661e+00 2.000000000000000000e+00
-2.897949797696237173e+00 1.000000000000000000e+00
-2.761884532616261545e+00 1.000000000000000000e+00
-2.631063201008633001e+00 1.000000000000000000e+00
-2.618391660422096034e+00 1.000000000000000000e+00
-2.530367494404379247e+00 1.000000000000000000e+00
-2.455338349735261883e+00 1.000000000000000000e+00
-2.304062709600288805e+00 1.000000000000000000e+00
-2.292469944845004548e+00 1.000000000000000000e+00
-2.259343999690730520e+00 1.000000000000000000e+00
-2.164605241686067938e+00 1.000000000000000000e+00
-2.102312058018263929e+00 1.000000000000000000e+00
-2.096986946709830324e+00 1.000000000000000000e+00
-2.062301806938613868e+00 1.000000000000000000e+00
-1.985847000110622984e+00 1.000000000000000000e+00
-1.975348472556864632e+00 1.000000000000000000e+00
-1.949626727851372143e+00 1.000000000000000000e+00
-1.875653457101286392e+00 1.000000000000000000e+00
-1.857576821199165673e+00 1.000000000000000000e+00
-1.820720119542767135e+00 1.000000000000000000e+00
-1.775399277235703899e+00 1.000000000000000000e+00
-1.742483418756361369e+00 1.000000000000000000e+00
-1.707378981374050975e+00 1.000000000000000000e+00
-1.676826793248359371e+00 1.000000000000000000e+00
-1.647105521492669089e+00 1.000000000000000000e+00
-1.615268595868650570e+00 1.000000000000000000e+00
-1.584277371434561932e+00 1.000000000000000000e+00
-1.525122916641157511e+00 1.000000000000000000e+00
-1.503807788101192422e+00 1.000000000000000000e+00
-1.492517163132614844e+00 1.000000000000000000e+00
-1.468507465002135692e+00 1.000000000000000000e+00
-1.446816174880634520e+00 1.000000000000000000e+00
-1.437726079866547213e+00 1.000000000000000000e+00
-1.379853798081827509e+00 1.000000000000000000e+00
-1.341541062860668321e+00 1.000000000000000000e+00
-1.312466104012096402e+00 1.000000000000000000e+00
-1.310140418847314470e+00 1.000000000000000000e+00
-1.295934327020261012e+00 1.000000000000000000e+00
-1.275255626354075300e+00 1.000000000000000000e+00
-1.265719612902921565e+00 1.000000000000000000e+00
-1.249337536763519330e+00 1.000000000000000000e+00
-1.235554524288241751e+00 1.000000000000000000e+00
-1.211445522879886827e+00 1.000000000000000000e+00
-1.173518409511699945e+00 1.000000000000000000e+00
-1.146734329327687263e+00 1.000000000000000000e+00
-1.108186174737595620e+00 1.000000000000000000e+00
-1.096869206724144341e+00 1.000000000000000000e+00
-1.090448703765344307e+00 1.000000000000000000e+00
-1.075362955879697990e+00 1.000000000000000000e+00
-1.055165250205098992e+00 1.000000000000000000e+00
-1.035366548694431676e+00 1.000000000000000000e+00
-1.010899520467757551e+00 1.000000000000000000e+00
-9.930506022628649010e-01 1.000000000000000000e+00
-9.817739468543610348e-01 1.000000000000000000e+00
-9.704092281140372922e-01 1.000000000000000000e+00
-9.379174836131584092e-01 1.000000000000000000e+00
-9.231699535363094844e-01 1.000000000000000000e+00
-9.052241659301604182e-01 1.000000000000000000e+00
-8.891099668137272261e-01 1.000000000000000000e+00
-8.677493060910564937e-01 1.000000000000000000e+00
-8.509473235934519320e-01 1.000000000000000000e+00
-8.422333490900653086e-01 1.000000000000000000e+00
-8.267245018337852080e-01 1.000000000000000000e+00
-8.079673064429601093e-01 1.000000000000000000e+00
-7.980985401955758007e-01 1.000000000000000000e+00
-7.886661012123002967e-01 1.000000000000000000e+00
-7.818772873020910508e-01 1.000000000000000000e+00
-7.656844826711970420e-01 1.000000000000000000e+00
-7.440938397155152373e-01 1.000000000000000000e+00
-7.294917449296665080e-01 1.000000000000000000e+00
-7.089919944802568486e-01 1.000000000000000000e+00
-6.946837784641113345e-01 1.000000000000000000e+00
-6.651326342974276384e-01 1.000000000000000000e+00
-6.382129560285648706e-01 1.000000000000000000e+00
-6.246091183210967790e-01 1.000000000000000000e+00
-6.106178687226627710e-01 1.000000000000000000e+00
-5.921707091134895684e-01 1.000000000000000000e+00
-5.849155829623481351e-01 1.000000000000000000e+00
-5.727750185913343950e-01 1.000000000000000000e+00
-5.684579511041958355e-01 1.000000000000000000e+00
-5.167870133353857920e-01 1.000000000000000000e+00
-5.101192587324008265e-01 1.000000000000000000e+00
-4.903900064337163300e-01 1.000000000000000000e+00
-4.804011547324181786e-01 1.000000000000000000e+00
-4.769349093992145128e-01 1.000000000000000000e+00
-4.607074710874032863e-01 1.000000000000000000e+00
-4.475875692725223010e-01 1.000000000000000000e+00
-4.389163182773387906e-01 1.000000000000000000e+00
-4.114922927751554771e-01 1.000000000000000000e+00
-4.006629934704407092e-01 1.000000000000000000e+00
-3.963628869767685803e-01 1.000000000000000000e+00
-3.749419946332375186e-01 1.000000000000000000e+00
-3.693526107041016360e-01 1.000000000000000000e+00
-3.421346492482797985e-01 1.000000000000000000e+00
-3.221531031600792794e-01 1.000000000000000000e+00
-3.068427345149637997e-01 1.000000000000000000e+00
-3.031981513333548151e-01 1.000000000000000000e+00
-2.734483455090074844e-01 1.000000000000000000e+00
-2.571733326776388107e-01 1.000000000000000000e+00
-2.536885183400023891e-01 1.000000000000000000e+00
-2.227101264914075340e-01 1.000000000000000000e+00
-2.189821748889274611e-01 1.000000000000000000e+00
-2.099400309269146281e-01 1.000000000000000000e+00
-1.887560270722729583e-01 1.000000000000000000e+00
-1.734939764429244136e-01 1.000000000000000000e+00
-1.712812128393871036e-01 1.000000000000000000e+00
-1.664767871165868940e-01 1.000000000000000000e+00
-1.515758993864891879e-01 1.000000000000000000e+00
-1.337764568632617834e-01 1.000000000000000000e+00
-1.038820338538822691e-01 1.000000000000000000e+00
-1.024796562249234017e-01 1.000000000000000000e+00
-8.954815837019114433e-02 1.000000000000000000e+00
-7.474076019099964996e-02 1.000000000000000000e+00
-5.776727908067458284e-02 1.000000000000000000e+00
-4.933088374778944046e-02 1.000000000000000000e+00
-2.806106740572605548e-02 1.000000000000000000e+00
-2.187888449108505926e-02 1.000000000000000000e+00
-2.572317068724982482e-03 1.000000000000000000e+00
1.038161112803026240e-02 1.000000000000000000e+00
2.520138329246849121e-02 1.000000000000000000e+00
2.789914452387949606e-02 1.000000000000000000e+00
3.767554285341054993e-02 1.000000000000000000e+00
7.524002572028815061e-02 1.000000000000000000e+00
9.937989026881972887e-02 1.000000000000000000e+00
1.148328369772536467e-01 1.000000000000000000e+00
1.188650786689014888e-01 1.000000000000000000e+00
1.343063171759031615e-01 1.000000000000000000e+00
1.471329943694749398e-01 1.000000000000000000e+00
1.539567963222672753e-01 1.000000000000000000e+00
1.650209140277135722e-01 1.000000000000000000e+00
1.751419693744628026e-01 1.000000000000000000e+00
1.906035474802356133e-01 1.000000000000000000e+00
1.933086778107620252e-01 1.000000000000000000e+00
2.166949393265029666e-01 1.000000000000000000e+00
2.385071017665450210e-01 1.000000000000000000e+00
2.556842550758630095e-01 1.000000000000000000e+00
2.616810905981662994e-01 1.000000000000000000e+00
2.756996012535031793e-01 1.000000000000000000e+00
2.805831976037321263e-01 1.000000000000000000e+00
2.904997234269282025e-01 1.000000000000000000e+00
3.028465690102299379e-01 1.000000000000000000e+00
3.194067572271407363e-01 1.000000000000000000e+00
3.391211656389607754e-01 1.000000000000000000e+00
3.502555542154278667e-01 1.000000000000000000e+00
3.605384161694534795e-01 1.000000000000000000e+00
3.676891961111175555e-01 1.000000000000000000e+00
3.872126874957655951e-01 1.000000000000000000e+00
3.890623137654360408e-01 1.000000000000000000e+00
4.110371078130100608e-01 1.000000000000000000e+00
4.255895599900429982e-01 1.000000000000000000e+00
4.398561455084440408e-01 1.000000000000000000e+00
4.435413311618706111e-01 1.000000000000000000e+00
4.601653507787624720e-01 1.000000000000000000e+00
4.746873420729703086e-01 1.000000000000000000e+00
4.835581662508167677e-01 1.000000000000000000e+00
5.080493186088409496e-01 1.000000000000000000e+00
5.274620339906596067e-01 1.000000000000000000e+00
5.516327417115083342e-01 1.000000000000000000e+00
5.636952556985139751e-01 1.000000000000000000e+00
5.774706397650479772e-01 1.000000000000000000e+00
5.856864447813474595e-01 1.000000000000000000e+00
5.989382029238063954e-01 1.000000000000000000e+00
6.083754618572193573e-01 1.000000000000000000e+00
6.329932898215887560e-01 1.000000000000000000e+00
6.437579533527109099e-01 1.000000000000000000e+00
6.481516589088636149e-01 1.000000000000000000e+00
6.586810172908874605e-01 1.000000000000000000e+00
6.720839107790956835e-01 1.000000000000000000e+00
6.841170614510150294e-01 1.000000000000000000e+00
6.846733352171258113e-01 1.000000000000000000e+00
7.028218695199525134e-01 1.000000000000000000e+00
7.361663980879515901e-01 1.000000000000000000e+00
7.374487032940780784e-01 1.000000000000000000e+00
7.482328533824674777e-01 1.000000000000000000e+00
7.621459814240824082e-01 1.000000000000000000e+00
7.785155322451008386e-01 1.000000000000000000e+00
7.920691284035069613e-01 1.000000000000000000e+00
7.983206491913454883e-01 1.000000000000000000e+00
8.162334898998362398e-01 1.000000000000000000e+00
8.387865885085942219e-01 1.000000000000000000e+00
8.451419710447853895e-01 1.000000000000000000e+00
8.676930506498359286e-01 1.000000000000000000e+00
8.756372565858270285e-01 1.000000000000000000e+00
8.940309871612722725e-01 1.000000000000000000e+00
9.177231472464205675e-01 1.000000000000000000e+00
9.309877459833694191e-01 1.000000000000000000e+00
9.395937546971342424e-01 1.000000000000000000e+00
9.454671123755119533e-01 1.000000000000000000e+00
9.668610977680625052e-01 1.000000000000000000e+00
9.755619888659557981e-01 1.000000000000000000e+00
9.893469326633714811e-01 1.000000000000000000e+00
9.938152961372730410e-01 1.000000000000000000e+00
1.007798428865736007e+00 1.000000000000000000e+00
1.026381404590085644e+00 1.000000000000000000e+00
1.042182683479959016e+00 1.000000000000000000e+00
1.067500987144589519e+00 1.000000000000000000e+00
1.087188754459782691e+00 1.000000000000000000e+00
1.094777034693181550e+00 1.000000000000000000e+00
1.114350893502039197e+00 1.000000000000000000e+00
1.120716163052775327e+00 1.000000000000000000e+00
1.125640553930588261e+00 1.000000000000000000e+00
1.145516027708983087e+00 1.000000000000000000e+00
1.160913734733628022e+00 1.000000000000000000e+00
1.177226383571828627e+00 1.000000000000000000e+00
1.188878745765721057e+00 1.000000000000000000e+00
1.204725012700530673e+00 1.000000000000000000e+00
1.228080993326459591e+00 1.000000000000000000e+00
1.251994348524705369e+00 1.000000000000000000e+00
1.258290919294219323e+00 1.000000000000000000e+00
1.263745403412093182e+00 1.000000000000000000e+00
1.290281413817843115e+00 1.000000000000000000e+00
1.297334643199753446e+00 1.000000000000000000e+00
1.319106033528297584e+00 1.000000000000000000e+00
1.325798383144842552e+00 1.000000000000000000e+00
1.365302006066368756e+00 1.000000000000000000e+00
1.376193775200014624e+00 1.000000000000000000e+00
1.396149933928775733e+00 1.000000000000000000e+00
1.408370200003616013e+00 1.000000000000000000e+00
1.426284421084479392e+00 1.000000000000000000e+00
1.427832123249455298e+00 1.000000000000000000e+00
1.444004686375966129e+00 1.000000000000000000e+00
1.465462625635448823e+00 1.000000000000000000e+00
1.475493732439810746e+00 1.000000000000000000e+00
1.516156380387807534e+00 1.000000000000000000e+00
1.552280776907581483e+00 1.000000000000000000e+00
1.558897290038798067e+00 1.000000000000000000e+00
1.572424670990963280e+00 1.000000000000000000e+00
1.586411328612535421e+00 1.000000000000000000e+00
1.607792073649366937e+00 1.000000000000000000e+00
1.622763602404596384e+00 1.000000000000000000e+00
1.644725844377336932e+00 1.000000000000000000e+00
1.652153757329767103e+00 1.000000000000000000e+00
1.666097156201622465e+00 1.000000000000000000e+00
1.671102107335231235e+00 1.000000000000000000e+00
1.675926665566089824e+00 1.000000000000000000e+00
1.718254852084263984e+00 1.000000000000000000e+00
1.744796402275488045e+00 1.000000000000000000e+00
1.758424720106168238e+00 1.000000000000000000e+00
1.779597546208320891e+00 1.000000000000000000e+00
1.795662292364517576e+00 1.000000000000000000e+00
1.807276402677776783e+00 1.000000000000000000e+00
1.855300867380196728e+00 1.000000000000000000e+00
1.869146282217615251e+00 1.000000000000000000e+00
1.882453044759028638e+00 1.000000000000000000e+00
1.905451431812120733e+00 1.000000000000000000e+00
1.938825992883526750e+00 1.000000000000000000e+00
1.942710533790132921e+00 1.000000000000000000e+00
1.955767670273953041e+00 1.000000000000000000e+00
1.962035286547843649e+00 1.000000000000000000e+00
1.979241865225405794e+00 1.000000000000000000e+00
2.014925844517696074e+00 1.000000000000000000e+00
2.059888770620304399e+00 1.000000000000000000e+00
2.082713890139252122e+00 1.000000000000000000e+00
2.098439897134989351e+00 1.000000000000000000e+00
2.127665598213963172e+00 1.000000000000000000e+00
2.144924020682741794e+00 1.000000000000000000e+00
2.171622263141018028e+00 1.000000000000000000e+00
2.189966420575988781e+00 1.000000000000000000e+00
2.201225693657966165e+00 1.000000000000000000e+00
2.242442911045482656e+00 1.000000000000000000e+00
2.261562429350278514e+00 1.000000000000000000e+00
2.284034610078105043e+00 1.000000000000000000e+00
2.313504953642035122e+00 1.000000000000000000e+00
2.320557124656220438e+00 1.000000000000000000e+00
2.360490986109745837e+00 1.000000000000000000e+00
2.389770911166258394e+00 1.000000000000000000e+00
2.400348679100869909e+00 1.000000000000000000e+00
2.429604465210851938e+00 1.000000000000000000e+00
2.492439882709358567e+00 1.000000000000000000e+00
2.502489948488440863e+00 1.000000000000000000e+00
2.549989811538687867e+00 1.000000000000000000e+00
2.583115349257105287e+00 1.000000000000000000e+00
2.639297990885211220e+00 1.000000000000000000e+00
2.647599197112843417e+00 1.000000000000000000e+00
2.681015794740571501e+00 1.000000000000000000e+00
2.733748576779046591e+00 1.000000000000000000e+00
2.749994471433677479e+00 1.000000000000000000e+00
2.789619139140731008e+00 1.000000000000000000e+00
2.845286467877631509e+00 1.000000000000000000e+00
2.899452094044240535e+00 1.000000000000000000e+00
2.938091789302022860e+00 1.000000000000000000e+00
2.956373852847065997e+00 1.000000000000000000e+00
3.027018703910226094e+00 1.000000000000000000e+00
3.062153374966303687e+00 1.000000000000000000e+00
3.091114910595845977e+00 1.000000000000000000e+00
3.156133711103017436e+00 1.000000000000000000e+00
3.247191278269206283e+00 1.000000000000000000e+00
3.373562208030039145e+00 1.000000000000000000e+00
3.423952174716800023e+00 1.000000000000000000e+00
3.455929183913180047e+00 1.000000000000000000e+00
3.554387092293429973e+00 1.000000000000000000e+00
3.705456103094314724e+00 1.000000000000000000e+00
3.766892532259547011e+00 1.000000000000000000e+00
3.825181365651999510e+00 1.000000000000000000e+00
3.937115581161615196e+00 1.000000000000000000e+00
4.217396510496654649e+00 1.000000000000000000e+00
4.450519848755852159e+00 1.000000000000000000e+00
4.707551438649705489e+00 1.000000000000000000e+00
-2.764874725676545353e+00 0.000000000000000000e+00
-2.536684180955698142e+00 0.000000000000000000e+00
-2.309349850804232496e+00 0.000000000000000000e+00
-2.164786146119094923e+00 0.000000000000000000e+00
-2.113536217204817547e+00 0.000000000000000000e+00
-2.099888270110327415e+00 0.000000000000000000e+00
-1.974232392407930137e+00 0.000000000000000000e+00
-1.890114959936650685e+00 0.000000000000000000e+00
-1.686485526170628191e+00 0.000000000000000000e+00
-1.648339336565127988e+00 0.000000000000000000e+00
-1.525871090080272108e+00 0.000000000000000000e+00
-1.404536721335402527e+00 0.000000000000000000e+00
-1.339421188392570183e+00 0.000000000000000000e+00
-1.317902856705308379e+00 0.000000000000000000e+00
-1.306701172666890232e+00 0.000000000000000000e+00
-1.296429083031578999e+00 0.000000000000000000e+00
-1.226120916411618689e+00 0.000000000000000000e+00
-1.148662888712674413e+00 0.000000000000000000e+00
-1.077708038111656608e+00 0.000000000000000000e+00
-1.024300571246060665e+00 0.000000000000000000e+00
-9.750062999905368955e-01 0.000000000000000000e+00
-9.464216547545770686e-01 0.000000000000000000e+00
-9.200532927421968266e-01 0.000000000000000000e+00
-8.536755622066971583e-01 0.000000000000000000e+00
-8.264788425243375647e-01 0.000000000000000000e+00
-7.994556017640268575e-01 0.000000000000000000e+00
-7.501328313628342626e-01 0.000000000000000000e+00
-7.076414339635627160e-01 0.000000000000000000e+00
-6.495431723765998644e-01 0.000000000000000000e+00
-6.190118134795026261e-01 0.000000000000000000e+00
-5.921047041050175874e-01 0.000000000000000000e+00
-5.679645938906007219e-01 0.000000000000000000e+00
-5.048668054327287713e-01 0.000000000000000000e+00
-4.829397601578581667e-01 0.000000000000000000e+00
-4.569765313053671396e-01 0.000000000000000000e+00
-4.420186514045748583e-01 0.000000000000000000e+00
-3.808865876650139870e-01 0.000000000000000000e+00
-3.472815511185450843e-01 0.000000000000000000e+00
-3.313462026852860287e-01 0.000000000000000000e+00
-3.210920729677084196e-01 0.000000000000000000e+00
-2.500506697331747463e-01 0.000000000000000000e+00
-2.210669360112798298e-01 0.000000000000000000e+00
-1.735081879478262423e-01 0.000000000000000000e+00
-1.636105843726330389e-01 0.000000000000000000e+00
-1.344334822202645774e-01 0.000000000000000000e+00
-6.493271808452190375e-02 0.000000000000000000e+00
-6.001777480133369674e-02 0.000000000000000000e+00
-1.821638541906391018e-02 0.000000000000000000e+00
2.043191840701104323e-02 0.000000000000000000e+00
5.784191886950010297e-02 0.000000000000000000e+00
8.446871246272930067e-02 0.000000000000000000e+00
1.207103647669843238e-01 0.000000000000000000e+00
1.511199654836538897e-01 0.000000000000000000e+00
1.615179349586513546e-01 0.000000000000000000e+00
2.101575636172555994e-01 0.000000000000000000e+00
2.202816583712236265e-01 0.000000000000000000e+00
2.530824126716053057e-01 0.000000000000000000e+00
2.648809487875474211e-01 0.000000000000000000e+00
3.066462048213624558e-01 0.000000000000000000e+00
3.650905243858953986e-01 0.000000000000000000e+00
3.888781594570036582e-01 0.000000000000000000e+00
4.029318283264624045e-01 0.000000000000000000e+00
4.262138589637034514e-01 0.000000000000000000e+00
4.485357569922666654e-01 0.000000000000000000e+00
4.669245107596587396e-01 0.000000000000000000e+00
5.340479207491238833e-01 0.000000000000000000e+00
5.795095455088294933e-01 0.000000000000000000e+00
5.829406527887992517e-01 0.000000000000000000e+00
6.392066871048059928e-01 0.000000000000000000e+00
6.711440074313720361e-01 0.000000000000000000e+00
7.102105568348270337e-01 0.000000000000000000e+00
7.145938922129791981e-01 0.000000000000000000e+00
7.521342871601793822e-01 0.000000000000000000e+00
7.726906946308765844e-01 0.000000000000000000e+00
8.006785119868906619e-01 0.000000000000000000e+00
8.328022291543879518e-01 0.000000000000000000e+00
8.791487162381487197e-01 0.000000000000000000e+00
9.409037997501107364e-01 0.000000000000000000e+00
9.522354243357467052e-01 0.000000000000000000e+00
9.768889994701670521e-01 0.000000000000000000e+00
9.862522508491593509e-01 0.000000000000000000e+00
1.069943253073408318e+00 0.000000000000000000e+00
1.090191183478190107e+00 0.000000000000000000e+00
1.114231389295353258e+00 0.000000000000000000e+00
1.147686625504851010e+00 0.000000000000000000e+00
1.177615879648522323e+00 0.000000000000000000e+00
1.209519434428162787e+00 0.000000000000000000e+00
1.236853055445034988e+00 0.000000000000000000e+00
1.321217358673237419e+00 0.000000000000000000e+00
1.328859631210797421e+00 0.000000000000000000e+00
1.341154683243726664e+00 0.000000000000000000e+00
1.381228268055014308e+00 0.000000000000000000e+00
1.419299037130493879e+00 0.000000000000000000e+00
1.480451307159324159e+00 0.000000000000000000e+00
1.519336195178156990e+00 0.000000000000000000e+00
1.552337621280625024e+00 0.000000000000000000e+00
1.583358445886550614e+00 0.000000000000000000e+00
1.627497765134817698e+00 0.000000000000000000e+00
1.631420349712739748e+00 0.000000000000000000e+00
1.708485177402874422e+00 0.000000000000000000e+00
1.717414838400511901e+00 0.000000000000000000e+00
1.780065773594457612e+00 0.000000000000000000e+00
1.819240282190927260e+00 0.000000000000000000e+00
1.840813557397769973e+00 0.000000000000000000e+00
1.893127010678633537e+00 0.000000000000000000e+00
1.945815141393869574e+00 0.000000000000000000e+00
2.000197998381985531e+00 0.000000000000000000e+00
2.087413704630681988e+00 0.000000000000000000e+00
2.107514119734405611e+00 0.000000000000000000e+00
2.128189511376536558e+00 0.000000000000000000e+00
2.196305425379464715e+00 0.000000000000000000e+00
2.262117016286850912e+00 0.000000000000000000e+00
2.350657105783823031e+00 0.000000000000000000e+00
2.369300386911382006e+00 0.000000000000000000e+00
2.405446070661183100e+00 0.000000000000000000e+00
2.453386378579029081e+00 0.000000000000000000e+00
2.543488522464434798e+00 0.000000000000000000e+00
2.608605212144300189e+00 0.000000000000000000e+00
2.686157059039999684e+00 0.000000000000000000e+00
2.754724660181543605e+00 0.000000000000000000e+00
2.870790802451498536e+00 0.000000000000000000e+00
2.902112552202323670e+00 0.000000000000000000e+00
2.988034121148623434e+00 0.000000000000000000e+00
3.101289114575012995e+00 0.000000000000000000e+00
3.196203294388756611e+00 0.000000000000000000e+00
3.293277754896448695e+00 0.000000000000000000e+00
3.374830293173429308e+00 0.000000000000000000e+00
3.506671276340942445e+00 0.000000000000000000e+00
3.626041642455087644e+00 0.000000000000000000e+00
3.808246408985957565e+00 0.000000000000000000e+00
4.108728587658449172e+00 0.000000000000000000e+00
5.074686134393743941e+00 0.000000000000000000e+00
