# Runtime: 14.929472923278809
-2.000000000000000444e+00 5.500000000000000000e+00
-2.666937647915817777e+00 4.500000000000000000e+00
-1.945813991440701773e+00 4.500000000000000000e+00
-1.800770011191056286e+00 4.500000000000000000e+00
-1.646307785384979683e+00 4.500000000000000000e+00
-1.274697360838607407e+00 4.500000000000000000e+00
-1.058322718506292892e+00 4.500000000000000000e+00
-8.010714210950884429e-01 4.500000000000000000e+00
-3.939789032966852789e-01 4.500000000000000000e+00
-3.094936110716322020e-01 4.500000000000000000e+00
-1.026065492591470008e-01 4.500000000000000000e+00
-2.720909399870334866e+00 3.500000000000000000e+00
-2.554651933651061579e+00 3.500000000000000000e+00
-2.246611085588317014e+00 3.500000000000000000e+00
-2.197666813370433125e+00 3.500000000000000000e+00
-1.886581364895286494e+00 3.500000000000000000e+00
-1.750692840022763708e+00 3.500000000000000000e+00
-1.734277121468543958e+00 3.500000000000000000e+00
-1.605687534411809558e+00 3.500000000000000000e+00
-1.572081055390764481e+00 3.500000000000000000e+00
-1.454793069134982186e+00 3.500000000000000000e+00
-1.376654942212108379e+00 3.500000000000000000e+00
-1.319915883342646978e+00 3.500000000000000000e+00
-1.266753994781796289e+00 3.500000000000000000e+00
-1.196357992635316725e+00 3.500000000000000000e+00
-1.124268911109180369e+00 3.500000000000000000e+00
-1.040054089966500284e+00 3.500000000000000000e+00
-9.908755001926867756e-01 3.500000000000000000e+00
-8.889644348742955504e-01 3.500000000000000000e+00
-8.043988945556744818e-01 3.500000000000000000e+00
-7.352443757163711346e-01 3.500000000000000000e+00
-7.179413123765351346e-01 3.500000000000000000e+00
-6.239948601214160284e-01 3.500000000000000000e+00
-5.480836808350491030e-01 3.500000000000000000e+00
-3.633120164651773010e-01 3.500000000000000000e+00
-3.059978383126314427e-01 3.500000000000000000e+00
-2.622399362478560203e-01 3.500000000000000000e+00
-2.382587470520240447e-01 3.500000000000000000e+00
-1.522262304289271340e-01 3.500000000000000000e+00
-1.276472896114298934e-02 3.500000000000000000e+00
3.839951975137015274e-03 3.500000000000000000e+00
1.170204146186719640e-01 3.500000000000000000e+00
1.366623676308186541e-01 3.500000000000000000e+00
1.401743873946534602e-01 3.500000000000000000e+00
2.455169637981705066e-01 3.500000000000000000e+00
4.321646397141398754e-01 3.500000000000000000e+00
4.475047364491373525e-01 3.500000000000000000e+00
5.369556108471171818e-01 3.500000000000000000e+00
6.477833844216556169e-01 3.500000000000000000e+00
8.218706111173638140e-01 3.500000000000000000e+00
8.843455475314950798e-01 3.500000000000000000e+00
9.684128942856353728e-01 3.500000000000000000e+00
1.295600033397445783e+00 3.500000000000000000e+00
1.428171237500506008e+00 3.500000000000000000e+00
1.586237807309666348e+00 3.500000000000000000e+00
-2.750449620134657103e+00 2.500000000000000000e+00
-2.585527430492107204e+00 2.500000000000000000e+00
-2.421578636199974710e+00 2.500000000000000000e+00
-2.263664849777407451e+00 2.500000000000000000e+00
-2.238189933642489748e+00 2.500000000000000000e+00
-2.123232995785517829e+00 2.500000000000000000e+00
-2.099578531136041537e+00 2.500000000000000000e+00
-1.823908848497402646e+00 2.500000000000000000e+00
-1.820551342009361973e+00 2.500000000000000000e+00
-1.793126143754833590e+00 2.500000000000000000e+00
-1.762795412608644030e+00 2.500000000000000000e+00
-1.679348147831223770e+00 2.500000000000000000e+00
-1.562823423540749657e+00 2.500000000000000000e+00
-1.556578161203499011e+00 2.500000000000000000e+00
-1.507892599168880521e+00 2.500000000000000000e+00
-1.444419943280524032e+00 2.500000000000000000e+00
-1.407879143757726936e+00 2.500000000000000000e+00
-1.347381869730096771e+00 2.500000000000000000e+00
-1.328237470843457446e+00 2.500000000000000000e+00
-1.292957560131111627e+00 2.500000000000000000e+00
-1.274610992640678120e+00 2.500000000000000000e+00
-1.234546858237189904e+00 2.500000000000000000e+00
-1.157966317578180249e+00 2.500000000000000000e+00
-1.123755024183685558e+00 2.500000000000000000e+00
-1.068940024984389003e+00 2.500000000000000000e+00
-1.013204574755930842e+00 2.500000000000000000e+00
-9.773021079942123546e-01 2.500000000000000000e+00
-9.463092264326220526e-01 2.500000000000000000e+00
-9.319376006803054002e-01 2.500000000000000000e+00
-9.062678187554301656e-01 2.500000000000000000e+00
-8.889287087979055313e-01 2.500000000000000000e+00
-8.586735107025609270e-01 2.500000000000000000e+00
-8.256461764672857750e-01 2.500000000000000000e+00
-7.582326675539809990e-01 2.500000000000000000e+00
-7.239144391741779705e-01 2.500000000000000000e+00
-6.854773311922316426e-01 2.500000000000000000e+00
-6.730506714894635145e-01 2.500000000000000000e+00
-6.414331151444557788e-01 2.500000000000000000e+00
-6.048495514896972125e-01 2.500000000000000000e+00
-5.808417985226488334e-01 2.500000000000000000e+00
-5.604905742531993695e-01 2.500000000000000000e+00
-5.122140503838560344e-01 2.500000000000000000e+00
-4.619032441486347618e-01 2.500000000000000000e+00
-4.229824383640789498e-01 2.500000000000000000e+00
-4.173004352728714728e-01 2.500000000000000000e+00
-3.469299928706155445e-01 2.500000000000000000e+00
-3.364567279059358929e-01 2.500000000000000000e+00
-2.736191849485399841e-01 2.500000000000000000e+00
-2.378375583476810273e-01 2.500000000000000000e+00
-2.241102614460959708e-01 2.500000000000000000e+00
-2.019846975267128586e-01 2.500000000000000000e+00
-1.642498248716022513e-01 2.500000000000000000e+00
-1.578425090914197526e-01 2.500000000000000000e+00
-1.277769124455379601e-01 2.500000000000000000e+00
-8.878163850280781921e-02 2.500000000000000000e+00
-7.222468633339479416e-02 2.500000000000000000e+00
-3.141634793768085382e-02 2.500000000000000000e+00
5.602176737362483949e-02 2.500000000000000000e+00
6.977901219523680032e-02 2.500000000000000000e+00
9.424674323608311921e-02 2.500000000000000000e+00
1.146225041547490192e-01 2.500000000000000000e+00
1.388914811267169258e-01 2.500000000000000000e+00
1.914459182857053132e-01 2.500000000000000000e+00
2.366554623969909510e-01 2.500000000000000000e+00
2.468426974674527430e-01 2.500000000000000000e+00
2.751721776128856489e-01 2.500000000000000000e+00
3.130621474007108662e-01 2.500000000000000000e+00
3.441539017528835176e-01 2.500000000000000000e+00
3.613772214044866926e-01 2.500000000000000000e+00
3.995149790374956655e-01 2.500000000000000000e+00
4.128998089086309276e-01 2.500000000000000000e+00
4.971284263625574962e-01 2.500000000000000000e+00
5.046681369949158613e-01 2.500000000000000000e+00
5.270404525161356268e-01 2.500000000000000000e+00
5.478305733873506389e-01 2.500000000000000000e+00
5.782636121495068338e-01 2.500000000000000000e+00
6.055417978810669899e-01 2.500000000000000000e+00
6.426029826980298454e-01 2.500000000000000000e+00
6.526804945228347199e-01 2.500000000000000000e+00
6.840542943179480639e-01 2.500000000000000000e+00
7.319106016073380072e-01 2.500000000000000000e+00
8.057586018119078375e-01 2.500000000000000000e+00
8.740304421837619131e-01 2.500000000000000000e+00
9.314682609231236254e-01 2.500000000000000000e+00
9.437590188411588699e-01 2.500000000000000000e+00
9.838932045091622891e-01 2.500000000000000000e+00
1.019962420357786170e+00 2.500000000000000000e+00
1.051550822289179177e+00 2.500000000000000000e+00
1.101692855217914158e+00 2.500000000000000000e+00
1.127914126883283741e+00 2.500000000000000000e+00
1.154743670406513711e+00 2.500000000000000000e+00
1.267015411280808745e+00 2.500000000000000000e+00
1.352433176432444650e+00 2.500000000000000000e+00
1.410899478738954604e+00 2.500000000000000000e+00
1.421434850429904362e+00 2.500000000000000000e+00
1.472391038021900966e+00 2.500000000000000000e+00
1.577771062530628932e+00 2.500000000000000000e+00
1.597233197106806557e+00 2.500000000000000000e+00
1.708842751409305416e+00 2.500000000000000000e+00
1.737032295175428898e+00 2.500000000000000000e+00
1.775382546665638994e+00 2.500000000000000000e+00
1.889670442773738968e+00 2.500000000000000000e+00
1.902526894532400314e+00 2.500000000000000000e+00
2.068858358399930264e+00 2.500000000000000000e+00
2.196173339400701696e+00 2.500000000000000000e+00
2.249004794103807825e+00 2.500000000000000000e+00
2.325347244587109952e+00 2.500000000000000000e+00
2.389774790847950303e+00 2.500000000000000000e+00
2.645061994814598805e+00 2.500000000000000000e+00
3.116097379486236996e+00 2.500000000000000000e+00
-2.768066678554264470e+00 1.500000000000000000e+00
-2.602025184356700382e+00 1.500000000000000000e+00
-2.428344350978592914e+00 1.500000000000000000e+00
-2.258266794378623654e+00 1.500000000000000000e+00
-2.250261636874811622e+00 1.500000000000000000e+00
-2.137968049798773418e+00 1.500000000000000000e+00
-2.123457506378159554e+00 1.500000000000000000e+00
-1.965563357139628042e+00 1.500000000000000000e+00
-1.874505404757893068e+00 1.500000000000000000e+00
-1.809400309249028060e+00 1.500000000000000000e+00
-1.785218521711109174e+00 1.500000000000000000e+00
-1.743774623921327649e+00 1.500000000000000000e+00
-1.672490216497135140e+00 1.500000000000000000e+00
-1.608630444085967781e+00 1.500000000000000000e+00
-1.572351610526896870e+00 1.500000000000000000e+00
-1.487006016535313613e+00 1.500000000000000000e+00
-1.440616145599900477e+00 1.500000000000000000e+00
-1.416043382669905704e+00 1.500000000000000000e+00
-1.386225945926322645e+00 1.500000000000000000e+00
-1.359110676596170686e+00 1.500000000000000000e+00
-1.345963372151421478e+00 1.500000000000000000e+00
-1.281437393049581264e+00 1.500000000000000000e+00
-1.257977217588755359e+00 1.500000000000000000e+00
-1.234110459599333520e+00 1.500000000000000000e+00
-1.163429240863474323e+00 1.500000000000000000e+00
-1.131670319337102715e+00 1.500000000000000000e+00
-1.106798314060792876e+00 1.500000000000000000e+00
-1.085852324051415962e+00 1.500000000000000000e+00
-1.041037429888747035e+00 1.500000000000000000e+00
-1.027193449934310499e+00 1.500000000000000000e+00
-9.717700550081787014e-01 1.500000000000000000e+00
-9.199525745846769409e-01 1.500000000000000000e+00
-8.906017518256320598e-01 1.500000000000000000e+00
-8.715676156898134463e-01 1.500000000000000000e+00
-8.410979946252683526e-01 1.500000000000000000e+00
-8.364640722856205857e-01 1.500000000000000000e+00
-8.188719171608311864e-01 1.500000000000000000e+00
-7.886908076268511758e-01 1.500000000000000000e+00
-7.766613048440970113e-01 1.500000000000000000e+00
-7.440775078071097948e-01 1.500000000000000000e+00
-6.906753169914630064e-01 1.500000000000000000e+00
-6.816385863830793923e-01 1.500000000000000000e+00
-6.530874338904695264e-01 1.500000000000000000e+00
-6.346182214095804630e-01 1.500000000000000000e+00
-6.063723001525042067e-01 1.500000000000000000e+00
-5.885557670358589899e-01 1.500000000000000000e+00
-5.727855001713840766e-01 1.500000000000000000e+00
-5.383910163295835272e-01 1.500000000000000000e+00
-5.244867023682073803e-01 1.500000000000000000e+00
-5.119388857584675767e-01 1.500000000000000000e+00
-4.827364383145978932e-01 1.500000000000000000e+00
-4.523455823631081785e-01 1.500000000000000000e+00
-4.157928240679634735e-01 1.500000000000000000e+00
-3.906583946682573028e-01 1.500000000000000000e+00
-3.735009617608360810e-01 1.500000000000000000e+00
-3.659425835552129191e-01 1.500000000000000000e+00
-3.468273616762459488e-01 1.500000000000000000e+00
-3.086388709057160118e-01 1.500000000000000000e+00
-2.581509463452683062e-01 1.500000000000000000e+00
-2.295033205868001747e-01 1.500000000000000000e+00
-1.948346834082692325e-01 1.500000000000000000e+00
-1.932094515254074441e-01 1.500000000000000000e+00
-1.747661692598707628e-01 1.500000000000000000e+00
-1.530941586699009482e-01 1.500000000000000000e+00
-1.191871866329305280e-01 1.500000000000000000e+00
-1.130680154557912181e-01 1.500000000000000000e+00
-8.432209848705123079e-02 1.500000000000000000e+00
-7.429516932429490461e-02 1.500000000000000000e+00
-6.252509735794060941e-02 1.500000000000000000e+00
-5.433871016141292309e-02 1.500000000000000000e+00
9.280003423746541538e-03 1.500000000000000000e+00
1.363611807434479510e-02 1.500000000000000000e+00
5.090609455265376893e-02 1.500000000000000000e+00
7.967183842403244287e-02 1.500000000000000000e+00
1.084001586466418893e-01 1.500000000000000000e+00
1.277913323222525654e-01 1.500000000000000000e+00
1.555477220721823706e-01 1.500000000000000000e+00
1.786219179916833932e-01 1.500000000000000000e+00
2.069969907985883262e-01 1.500000000000000000e+00
2.268931053977207013e-01 1.500000000000000000e+00
2.333628965902247165e-01 1.500000000000000000e+00
2.754260097585381484e-01 1.500000000000000000e+00
2.881839279819379263e-01 1.500000000000000000e+00
3.104655865753411237e-01 1.500000000000000000e+00
3.358346395550492192e-01 1.500000000000000000e+00
3.750815124689197977e-01 1.500000000000000000e+00
3.827941254235032176e-01 1.500000000000000000e+00
4.120231764964729648e-01 1.500000000000000000e+00
4.261396730291170942e-01 1.500000000000000000e+00
4.439097321253275275e-01 1.500000000000000000e+00
4.556318737332573088e-01 1.500000000000000000e+00
4.911974831216757154e-01 1.500000000000000000e+00
5.313587860509018101e-01 1.500000000000000000e+00
5.426261950567500270e-01 1.500000000000000000e+00
5.558994350562527220e-01 1.500000000000000000e+00
5.847084299703602106e-01 1.500000000000000000e+00
5.960016417281072121e-01 1.500000000000000000e+00
6.256387483349159506e-01 1.500000000000000000e+00
6.679975035388099336e-01 1.500000000000000000e+00
6.876319412344548132e-01 1.500000000000000000e+00
7.091540209585044385e-01 1.500000000000000000e+00
7.238937841366432924e-01 1.500000000000000000e+00
7.578876446260097710e-01 1.500000000000000000e+00
7.689005923723587488e-01 1.500000000000000000e+00
7.860259937943838704e-01 1.500000000000000000e+00
7.982812413565715248e-01 1.500000000000000000e+00
8.290768658357022813e-01 1.500000000000000000e+00
8.470734477997640122e-01 1.500000000000000000e+00
8.903078318022489279e-01 1.500000000000000000e+00
9.236539776102302701e-01 1.500000000000000000e+00
9.376391726597312903e-01 1.500000000000000000e+00
9.707781988721730926e-01 1.500000000000000000e+00
9.975921091053808754e-01 1.500000000000000000e+00
1.015917831443730490e+00 1.500000000000000000e+00
1.054267021485771227e+00 1.500000000000000000e+00
1.059161942183916683e+00 1.500000000000000000e+00
1.089117639545178706e+00 1.500000000000000000e+00
1.107121449495903631e+00 1.500000000000000000e+00
1.112804751750428700e+00 1.500000000000000000e+00
1.151285368213464055e+00 1.500000000000000000e+00
1.176770138088881978e+00 1.500000000000000000e+00
1.191126570005874408e+00 1.500000000000000000e+00
1.217293941600631646e+00 1.500000000000000000e+00
1.241114211770915521e+00 1.500000000000000000e+00
1.267985592456410071e+00 1.500000000000000000e+00
1.335192691446431157e+00 1.500000000000000000e+00
1.366897202742134665e+00 1.500000000000000000e+00
1.381199135622208640e+00 1.500000000000000000e+00
1.411299330015400200e+00 1.500000000000000000e+00
1.448977347579712749e+00 1.500000000000000000e+00
1.485749204331185291e+00 1.500000000000000000e+00
1.544144472990131911e+00 1.500000000000000000e+00
1.565043364475416032e+00 1.500000000000000000e+00
1.590693470690271116e+00 1.500000000000000000e+00
1.618048139854071144e+00 1.500000000000000000e+00
1.650014261458134568e+00 1.500000000000000000e+00
1.695801619062615728e+00 1.500000000000000000e+00
1.792804075263315200e+00 1.500000000000000000e+00
1.826250609245078316e+00 1.500000000000000000e+00
1.852697597129865370e+00 1.500000000000000000e+00
1.866924861680731018e+00 1.500000000000000000e+00
1.890458115313631726e+00 1.500000000000000000e+00
1.958677128115871691e+00 1.500000000000000000e+00
1.982754738468549549e+00 1.500000000000000000e+00
2.025072324155690495e+00 1.500000000000000000e+00
2.054369943134568555e+00 1.500000000000000000e+00
2.106322962642879215e+00 1.500000000000000000e+00
2.175119920996880118e+00 1.500000000000000000e+00
2.197937613550275060e+00 1.500000000000000000e+00
2.236091674494417259e+00 1.500000000000000000e+00
2.325391328438218164e+00 1.500000000000000000e+00
2.394195153506448293e+00 1.500000000000000000e+00
2.414922084786560674e+00 1.500000000000000000e+00
2.536075641405105330e+00 1.500000000000000000e+00
2.551230575385018629e+00 1.500000000000000000e+00
2.610261318458989344e+00 1.500000000000000000e+00
2.714250532244072645e+00 1.500000000000000000e+00
2.818937846880572362e+00 1.500000000000000000e+00
2.896095684180310492e+00 1.500000000000000000e+00
2.907592625520147855e+00 1.500000000000000000e+00
3.184390736595728466e+00 1.500000000000000000e+00
3.248899430046979120e+00 1.500000000000000000e+00
3.365670438677840437e+00 1.500000000000000000e+00
3.682973945273137151e+00 1.500000000000000000e+00
3.961520649173933428e+00 1.500000000000000000e+00
-2.610682380051525087e+00 5.000000000000000000e-01
-2.431774227911408737e+00 5.000000000000000000e-01
-2.267494699980613149e+00 5.000000000000000000e-01
-2.153041526383644655e+00 5.000000000000000000e-01
-1.971429863683606953e+00 5.000000000000000000e-01
-1.903313116791358617e+00 5.000000000000000000e-01
-1.816476933394225002e+00 5.000000000000000000e-01
-1.786714830626170647e+00 5.000000000000000000e-01
-1.682069412603897307e+00 5.000000000000000000e-01
-1.641837856351574310e+00 5.000000000000000000e-01
-1.577962380754871052e+00 5.000000000000000000e-01
-1.484488074368173649e+00 5.000000000000000000e-01
-1.407133518646301651e+00 5.000000000000000000e-01
-1.362848374205329449e+00 5.000000000000000000e-01
-1.337266435258466446e+00 5.000000000000000000e-01
-1.186587429114955627e+00 5.000000000000000000e-01
-1.134265227813363364e+00 5.000000000000000000e-01
-1.107832521833551631e+00 5.000000000000000000e-01
-1.098408295984534044e+00 5.000000000000000000e-01
-1.041131567612959108e+00 5.000000000000000000e-01
-9.777949351243960807e-01 5.000000000000000000e-01
-9.522918725591512645e-01 5.000000000000000000e-01
-9.297840329755745481e-01 5.000000000000000000e-01
-8.630030729091663355e-01 5.000000000000000000e-01
-8.480184767400182899e-01 5.000000000000000000e-01
-8.013250379573464421e-01 5.000000000000000000e-01
-7.428692062809220120e-01 5.000000000000000000e-01
-7.113178333565189915e-01 5.000000000000000000e-01
-6.781448318444690537e-01 5.000000000000000000e-01
-6.401950816389038179e-01 5.000000000000000000e-01
-6.234143777441627510e-01 5.000000000000000000e-01
-6.144967177078932696e-01 5.000000000000000000e-01
-5.372089572979102945e-01 5.000000000000000000e-01
-5.230223600299782616e-01 5.000000000000000000e-01
-4.841066028494600548e-01 5.000000000000000000e-01
-4.365774084303738478e-01 5.000000000000000000e-01
-4.267149494926625874e-01 5.000000000000000000e-01
-3.725786299329094664e-01 5.000000000000000000e-01
-3.315254000390655542e-01 5.000000000000000000e-01
-3.079752113973321936e-01 5.000000000000000000e-01
-2.905386407370997848e-01 5.000000000000000000e-01
-2.170983455893174818e-01 5.000000000000000000e-01
-1.980289730361333433e-01 5.000000000000000000e-01
-1.920293052868424499e-01 5.000000000000000000e-01
-1.683031596918564410e-01 5.000000000000000000e-01
-8.453962566133194079e-02 5.000000000000000000e-01
-6.692978468022584004e-02 5.000000000000000000e-01
-4.578861272464950644e-02 5.000000000000000000e-01
7.122310149438937539e-03 5.000000000000000000e-01
1.352341374465792015e-02 5.000000000000000000e-01
3.669427539890883494e-02 5.000000000000000000e-01
5.911811723229348087e-02 5.000000000000000000e-01
1.003427282499384093e-01 5.000000000000000000e-01
1.297321267439869863e-01 5.000000000000000000e-01
1.490239973272948493e-01 5.000000000000000000e-01
1.944901815024756009e-01 5.000000000000000000e-01
2.029665727799556119e-01 5.000000000000000000e-01
2.402808833334630634e-01 5.000000000000000000e-01
2.955896986504478186e-01 5.000000000000000000e-01
3.024023217407011965e-01 5.000000000000000000e-01
3.484378604359739673e-01 5.000000000000000000e-01
3.862749295046536968e-01 5.000000000000000000e-01
4.117856595412258125e-01 5.000000000000000000e-01
4.326325851632761843e-01 5.000000000000000000e-01
4.482578233210784413e-01 5.000000000000000000e-01
4.865974129633099388e-01 5.000000000000000000e-01
5.222661937159306378e-01 5.000000000000000000e-01
5.480555273799974092e-01 5.000000000000000000e-01
5.668624447939333288e-01 5.000000000000000000e-01
6.125214528773866851e-01 5.000000000000000000e-01
6.495455501920021080e-01 5.000000000000000000e-01
6.791598372654170657e-01 5.000000000000000000e-01
6.893911314643371702e-01 5.000000000000000000e-01
7.226613344075437650e-01 5.000000000000000000e-01
7.670358316411088895e-01 5.000000000000000000e-01
7.795877691228715323e-01 5.000000000000000000e-01
7.975994085491199259e-01 5.000000000000000000e-01
8.493415573172392596e-01 5.000000000000000000e-01
8.711655144514797167e-01 5.000000000000000000e-01
8.964484763185900373e-01 5.000000000000000000e-01
9.301945048624298273e-01 5.000000000000000000e-01
9.764513697802106318e-01 5.000000000000000000e-01
9.996840956853156879e-01 5.000000000000000000e-01
1.040983146956177885e+00 5.000000000000000000e-01
1.078177523399489468e+00 5.000000000000000000e-01
1.081170105013153249e+00 5.000000000000000000e-01
1.122423834037583834e+00 5.000000000000000000e-01
1.145860641708707828e+00 5.000000000000000000e-01
1.185929419660231909e+00 5.000000000000000000e-01
1.210024234697339107e+00 5.000000000000000000e-01
1.266582715068891973e+00 5.000000000000000000e-01
1.313869003686604531e+00 5.000000000000000000e-01
1.335657111467520197e+00 5.000000000000000000e-01
1.345144508933493022e+00 5.000000000000000000e-01
1.364270406143530234e+00 5.000000000000000000e-01
1.380342022700965954e+00 5.000000000000000000e-01
1.446517972693808440e+00 5.000000000000000000e-01
1.465978910432258475e+00 5.000000000000000000e-01
1.543457049374576284e+00 5.000000000000000000e-01
1.593400882175504796e+00 5.000000000000000000e-01
1.638177696937972883e+00 5.000000000000000000e-01
1.663350471751897652e+00 5.000000000000000000e-01
1.680149302258134858e+00 5.000000000000000000e-01
1.703111023039816541e+00 5.000000000000000000e-01
1.785523212570558238e+00 5.000000000000000000e-01
1.791819517123560246e+00 5.000000000000000000e-01
1.860638916615274363e+00 5.000000000000000000e-01
1.906584337726906941e+00 5.000000000000000000e-01
1.980761181707452634e+00 5.000000000000000000e-01
2.015174691549646901e+00 5.000000000000000000e-01
2.032233147477777724e+00 5.000000000000000000e-01
2.058000536213244747e+00 5.000000000000000000e-01
2.105582737755219647e+00 5.000000000000000000e-01
2.176667310392383925e+00 5.000000000000000000e-01
2.250452274287904508e+00 5.000000000000000000e-01
2.311018268228001826e+00 5.000000000000000000e-01
2.417871052618445926e+00 5.000000000000000000e-01
2.438617580155060693e+00 5.000000000000000000e-01
2.493370627118162375e+00 5.000000000000000000e-01
2.542583270729172895e+00 5.000000000000000000e-01
2.637723807008672150e+00 5.000000000000000000e-01
2.665109669569547091e+00 5.000000000000000000e-01
2.744740384286345591e+00 5.000000000000000000e-01
2.905826282816820427e+00 5.000000000000000000e-01
2.918867069276595227e+00 5.000000000000000000e-01
3.052289088996897437e+00 5.000000000000000000e-01
3.178033382899575265e+00 5.000000000000000000e-01
3.270861177906241757e+00 5.000000000000000000e-01
3.496688602511584421e+00 5.000000000000000000e-01
3.749797606803255690e+00 5.000000000000000000e-01
4.031904670761283782e+00 5.000000000000000000e-01
4.541816832235049617e+00 5.000000000000000000e-01
