# Runtime: 37.35813593864441
-2.500000000000001776e+00 6.500000000000000000e+00
-3.166670383447403037e+00 5.500000000000000000e+00
-2.460063328246109293e+00 5.500000000000000000e+00
-2.383401267439122950e+00 5.500000000000000000e+00
-2.185476193093451869e+00 5.500000000000000000e+00
-2.041283668445347477e+00 5.500000000000000000e+00
-1.765874959134529742e+00 5.500000000000000000e+00
-1.539590308969457588e+00 5.500000000000000000e+00
-1.303597959297432052e+00 5.500000000000000000e+00
-1.022644103408038463e+00 5.500000000000000000e+00
-8.888017521286685207e-01 5.500000000000000000e+00
-6.403760980711673545e-01 5.500000000000000000e+00
-6.022199783192779821e-01 5.500000000000000000e+00
-3.211299672974107011e+00 4.500000000000000000e+00
-3.061899117735113141e+00 4.500000000000000000e+00
-2.996900507728466501e+00 4.500000000000000000e+00
-2.704654910583708549e+00 4.500000000000000000e+00
-2.535475827158237827e+00 4.500000000000000000e+00
-2.416376127430752252e+00 4.500000000000000000e+00
-2.341720628256186210e+00 4.500000000000000000e+00
-2.261358968661213886e+00 4.500000000000000000e+00
-2.241242524583470175e+00 4.500000000000000000e+00
-2.148515571975955663e+00 4.500000000000000000e+00
-2.084631747302816418e+00 4.500000000000000000e+00
-2.000148775588167283e+00 4.500000000000000000e+00
-1.979153612572075671e+00 4.500000000000000000e+00
-1.947629958106741110e+00 4.500000000000000000e+00
-1.871845497117992752e+00 4.500000000000000000e+00
-1.788466507563640562e+00 4.500000000000000000e+00
-1.747479563951936488e+00 4.500000000000000000e+00
-1.716733035813285735e+00 4.500000000000000000e+00
-1.660286158889466179e+00 4.500000000000000000e+00
-1.631412666443277093e+00 4.500000000000000000e+00
-1.604246973579196878e+00 4.500000000000000000e+00
-1.494678957546470066e+00 4.500000000000000000e+00
-1.470402398859178339e+00 4.500000000000000000e+00
-1.412744857687542099e+00 4.500000000000000000e+00
-1.388066386840622890e+00 4.500000000000000000e+00
-1.312993561132998144e+00 4.500000000000000000e+00
-1.251571119546010413e+00 4.500000000000000000e+00
-1.221792269058549651e+00 4.500000000000000000e+00
-1.199157141439341601e+00 4.500000000000000000e+00
-1.159931326264865614e+00 4.500000000000000000e+00
-1.094420608622457047e+00 4.500000000000000000e+00
-9.672934995005600944e-01 4.500000000000000000e+00
-8.900041082456223718e-01 4.500000000000000000e+00
-8.580705768101778430e-01 4.500000000000000000e+00
-8.333769846227095934e-01 4.500000000000000000e+00
-8.013909570949566685e-01 4.500000000000000000e+00
-7.598077640791232046e-01 4.500000000000000000e+00
-7.390765540778456710e-01 4.500000000000000000e+00
-6.745355266730409527e-01 4.500000000000000000e+00
-5.861459855000755725e-01 4.500000000000000000e+00
-5.444206948566251425e-01 4.500000000000000000e+00
-4.683201003163952048e-01 4.500000000000000000e+00
-4.569915668458264801e-01 4.500000000000000000e+00
-4.449964615420984315e-01 4.500000000000000000e+00
-3.711837434628980081e-01 4.500000000000000000e+00
-3.567138336481064931e-01 4.500000000000000000e+00
-3.090920866032220715e-01 4.500000000000000000e+00
-2.943021043525304581e-01 4.500000000000000000e+00
-2.510247654720114685e-01 4.500000000000000000e+00
-1.782509923662630724e-01 4.500000000000000000e+00
-4.251622956310565499e-02 4.500000000000000000e+00
5.060897598744707598e-02 4.500000000000000000e+00
6.153168664634878215e-02 4.500000000000000000e+00
1.352446796978439003e-01 4.500000000000000000e+00
1.504947878794557770e-01 4.500000000000000000e+00
1.858041946498929231e-01 4.500000000000000000e+00
3.452589301784508291e-01 4.500000000000000000e+00
4.639792626337251868e-01 4.500000000000000000e+00
5.524799168402155791e-01 4.500000000000000000e+00
5.869426591380888514e-01 4.500000000000000000e+00
7.194169996586881055e-01 4.500000000000000000e+00
8.705557018051695017e-01 4.500000000000000000e+00
9.338635639226763319e-01 4.500000000000000000e+00
9.712901638716191499e-01 4.500000000000000000e+00
1.257279993737370649e+00 4.500000000000000000e+00
-3.236052919281835916e+00 3.500000000000000000e+00
-3.081635314100933609e+00 3.500000000000000000e+00
-3.024096113010710685e+00 3.500000000000000000e+00
-2.934144282710710705e+00 3.500000000000000000e+00
-2.877201518617368947e+00 3.500000000000000000e+00
-2.798669661489810334e+00 3.500000000000000000e+00
-2.731776240438607672e+00 3.500000000000000000e+00
-2.612644523810479402e+00 3.500000000000000000e+00
-2.567971938525143383e+00 3.500000000000000000e+00
-2.529513020959273994e+00 3.500000000000000000e+00
-2.422183900829866232e+00 3.500000000000000000e+00
-2.406379147046802114e+00 3.500000000000000000e+00
-2.367828883304450294e+00 3.500000000000000000e+00
-2.322411954814981527e+00 3.500000000000000000e+00
-2.294719609930022663e+00 3.500000000000000000e+00
-2.273924136050270217e+00 3.500000000000000000e+00
-2.216272795656063721e+00 3.500000000000000000e+00
-2.132687017014263997e+00 3.500000000000000000e+00
-2.107716655047144449e+00 3.500000000000000000e+00
-2.090740463896623158e+00 3.500000000000000000e+00
-2.077453129558485045e+00 3.500000000000000000e+00
-2.048561586005262836e+00 3.500000000000000000e+00
-2.044207137974233035e+00 3.500000000000000000e+00
-2.008893302777498224e+00 3.500000000000000000e+00
-1.982088036192119374e+00 3.500000000000000000e+00
-1.952937999534262836e+00 3.500000000000000000e+00
-1.906889092424921994e+00 3.500000000000000000e+00
-1.887792446234715760e+00 3.500000000000000000e+00
-1.865492827463203662e+00 3.500000000000000000e+00
-1.828420944162554074e+00 3.500000000000000000e+00
-1.820335880577036658e+00 3.500000000000000000e+00
-1.771380788645552817e+00 3.500000000000000000e+00
-1.717336802098586412e+00 3.500000000000000000e+00
-1.686471180884489662e+00 3.500000000000000000e+00
-1.666807722924730673e+00 3.500000000000000000e+00
-1.664348015808954973e+00 3.500000000000000000e+00
-1.629159021552970765e+00 3.500000000000000000e+00
-1.612897843481498228e+00 3.500000000000000000e+00
-1.595893516197504525e+00 3.500000000000000000e+00
-1.586527515336555894e+00 3.500000000000000000e+00
-1.572605930340328584e+00 3.500000000000000000e+00
-1.539242135626040175e+00 3.500000000000000000e+00
-1.533689396091377999e+00 3.500000000000000000e+00
-1.499930682825375117e+00 3.500000000000000000e+00
-1.495689856960614073e+00 3.500000000000000000e+00
-1.482904715164095943e+00 3.500000000000000000e+00
-1.436635896416400993e+00 3.500000000000000000e+00
-1.416982175957739898e+00 3.500000000000000000e+00
-1.400018334880389403e+00 3.500000000000000000e+00
-1.377880236288352878e+00 3.500000000000000000e+00
-1.357618651065649829e+00 3.500000000000000000e+00
-1.344787256553084731e+00 3.500000000000000000e+00
-1.300448504243492565e+00 3.500000000000000000e+00
-1.279928806387895746e+00 3.500000000000000000e+00
-1.275916346371987142e+00 3.500000000000000000e+00
-1.235850309034642214e+00 3.500000000000000000e+00
-1.223922670673952551e+00 3.500000000000000000e+00
-1.210642215651601017e+00 3.500000000000000000e+00
-1.197654129688727087e+00 3.500000000000000000e+00
-1.178765599098016592e+00 3.500000000000000000e+00
-1.164722231139717623e+00 3.500000000000000000e+00
-1.152267889770121068e+00 3.500000000000000000e+00
-1.147893639565792379e+00 3.500000000000000000e+00
-1.129255526085713335e+00 3.500000000000000000e+00
-1.105709334069726602e+00 3.500000000000000000e+00
-1.099620582529131640e+00 3.500000000000000000e+00
-1.077749924830996964e+00 3.500000000000000000e+00
-1.044180380872411495e+00 3.500000000000000000e+00
-1.038373325961951865e+00 3.500000000000000000e+00
-1.022034328145969395e+00 3.500000000000000000e+00
-1.010060022738353380e+00 3.500000000000000000e+00
-9.928161870875166217e-01 3.500000000000000000e+00
-9.582337641744638201e-01 3.500000000000000000e+00
-9.179391244421262197e-01 3.500000000000000000e+00
-9.056558358416397780e-01 3.500000000000000000e+00
-8.800828087987208059e-01 3.500000000000000000e+00
-8.657484903809909982e-01 3.500000000000000000e+00
-8.420968905297451235e-01 3.500000000000000000e+00
-8.120531773450757607e-01 3.500000000000000000e+00
-7.941192326317882966e-01 3.500000000000000000e+00
-7.893112026036955831e-01 3.500000000000000000e+00
-7.713946091499246371e-01 3.500000000000000000e+00
-7.327625963918851237e-01 3.500000000000000000e+00
-7.271454569671148560e-01 3.500000000000000000e+00
-7.147823353592049900e-01 3.500000000000000000e+00
-6.988831003189782676e-01 3.500000000000000000e+00
-6.839955928066419055e-01 3.500000000000000000e+00
-6.771557624987490920e-01 3.500000000000000000e+00
-6.713966670953995797e-01 3.500000000000000000e+00
-6.464057815011757802e-01 3.500000000000000000e+00
-6.354019763673854904e-01 3.500000000000000000e+00
-6.178913951568765217e-01 3.500000000000000000e+00
-6.050514356642601177e-01 3.500000000000000000e+00
-5.799448739835000310e-01 3.500000000000000000e+00
-5.561614714729619102e-01 3.500000000000000000e+00
-5.489631291382528477e-01 3.500000000000000000e+00
-5.268117860912395756e-01 3.500000000000000000e+00
-5.069791127590578261e-01 3.500000000000000000e+00
-4.802881927222029668e-01 3.500000000000000000e+00
-4.706771793823053551e-01 3.500000000000000000e+00
-4.633408341887346182e-01 3.500000000000000000e+00
-4.485623021647200392e-01 3.500000000000000000e+00
-4.132254525490068331e-01 3.500000000000000000e+00
-3.968066128919031099e-01 3.500000000000000000e+00
-3.828670433079486290e-01 3.500000000000000000e+00
-3.757700954220951073e-01 3.500000000000000000e+00
-3.596792825178569686e-01 3.500000000000000000e+00
-3.391292094108709909e-01 3.500000000000000000e+00
-3.188726057598878505e-01 3.500000000000000000e+00
-2.950567307733649725e-01 3.500000000000000000e+00
-2.863805900308548091e-01 3.500000000000000000e+00
-2.783172582601892153e-01 3.500000000000000000e+00
-2.584646071102971177e-01 3.500000000000000000e+00
-2.522973431825329960e-01 3.500000000000000000e+00
-2.408044731731809607e-01 3.500000000000000000e+00
-2.373251852045707710e-01 3.500000000000000000e+00
-2.022320088474806044e-01 3.500000000000000000e+00
-1.971283687181391298e-01 3.500000000000000000e+00
-1.803219167723739969e-01 3.500000000000000000e+00
-1.486512466932930210e-01 3.500000000000000000e+00
-1.454696888967333401e-01 3.500000000000000000e+00
-1.379194568201640159e-01 3.500000000000000000e+00
-1.249002466491057339e-01 3.500000000000000000e+00
-1.126353602993264424e-01 3.500000000000000000e+00
-9.036162874878135576e-02 3.500000000000000000e+00
-7.611555388593177485e-02 3.500000000000000000e+00
-6.401782446449720554e-02 3.500000000000000000e+00
-4.765263312697293890e-02 3.500000000000000000e+00
-1.943546488707000031e-02 3.500000000000000000e+00
1.988068992812009467e-02 3.500000000000000000e+00
2.510507431948005158e-02 3.500000000000000000e+00
3.738725120204855479e-02 3.500000000000000000e+00
6.124213205990269859e-02 3.500000000000000000e+00
8.530816811051603055e-02 3.500000000000000000e+00
1.142478827726694512e-01 3.500000000000000000e+00
1.211366038234648473e-01 3.500000000000000000e+00
1.448258468367779606e-01 3.500000000000000000e+00
1.495218650634548563e-01 3.500000000000000000e+00
1.888097176032574598e-01 3.500000000000000000e+00
2.130342897625176202e-01 3.500000000000000000e+00
2.145405807219290528e-01 3.500000000000000000e+00
2.287098284002384851e-01 3.500000000000000000e+00
2.359918323491559111e-01 3.500000000000000000e+00
2.474934338280240509e-01 3.500000000000000000e+00
2.652399164583718605e-01 3.500000000000000000e+00
2.728202252671385053e-01 3.500000000000000000e+00
3.037015971656643609e-01 3.500000000000000000e+00
3.415957300444494860e-01 3.500000000000000000e+00
3.490035779377574920e-01 3.500000000000000000e+00
3.705696022286603108e-01 3.500000000000000000e+00
3.948944328554256922e-01 3.500000000000000000e+00
4.130984487073488531e-01 3.500000000000000000e+00
4.358191853549893691e-01 3.500000000000000000e+00
4.640092863170385828e-01 3.500000000000000000e+00
4.877694215654489462e-01 3.500000000000000000e+00
5.333832871552373067e-01 3.500000000000000000e+00
5.357244797539028047e-01 3.500000000000000000e+00
5.567504380368715200e-01 3.500000000000000000e+00
5.883132434422192469e-01 3.500000000000000000e+00
6.016520880686438977e-01 3.500000000000000000e+00
6.338716996707343121e-01 3.500000000000000000e+00
6.478237662594096280e-01 3.500000000000000000e+00
6.683137676027239849e-01 3.500000000000000000e+00
6.836696341206545124e-01 3.500000000000000000e+00
6.881404260385568517e-01 3.500000000000000000e+00
7.365798800841957261e-01 3.500000000000000000e+00
7.756202633136377589e-01 3.500000000000000000e+00
7.886989152702853501e-01 3.500000000000000000e+00
7.933923212304454520e-01 3.500000000000000000e+00
8.652462600869813558e-01 3.500000000000000000e+00
8.855580336842892031e-01 3.500000000000000000e+00
9.194999720841499080e-01 3.500000000000000000e+00
9.232375092349308643e-01 3.500000000000000000e+00
9.796011037638120422e-01 3.500000000000000000e+00
1.015302211807546540e+00 3.500000000000000000e+00
1.028842345161882887e+00 3.500000000000000000e+00
1.043990098662478383e+00 3.500000000000000000e+00
1.058620419136622859e+00 3.500000000000000000e+00
1.079747494154156273e+00 3.500000000000000000e+00
1.090910020584675788e+00 3.500000000000000000e+00
1.108707843737666510e+00 3.500000000000000000e+00
1.148827659032759962e+00 3.500000000000000000e+00
1.179921908550784160e+00 3.500000000000000000e+00
1.191852066054641002e+00 3.500000000000000000e+00
1.305292644255114265e+00 3.500000000000000000e+00
1.319142860396555816e+00 3.500000000000000000e+00
1.346210473449119149e+00 3.500000000000000000e+00
1.386233067029329913e+00 3.500000000000000000e+00
1.403872102527380594e+00 3.500000000000000000e+00
1.424472175239181793e+00 3.500000000000000000e+00
1.454926990700651013e+00 3.500000000000000000e+00
1.477583418796044157e+00 3.500000000000000000e+00
1.494335159167542670e+00 3.500000000000000000e+00
1.593990723707787271e+00 3.500000000000000000e+00
1.612194119440330420e+00 3.500000000000000000e+00
1.724661457422789645e+00 3.500000000000000000e+00
1.755600894023235048e+00 3.500000000000000000e+00
1.790754245054616112e+00 3.500000000000000000e+00
1.899141855994060268e+00 3.500000000000000000e+00
1.905660175134187728e+00 3.500000000000000000e+00
1.939196136878681420e+00 3.500000000000000000e+00
2.001494342834970297e+00 3.500000000000000000e+00
2.014136550772778200e+00 3.500000000000000000e+00
2.313235366396210413e+00 3.500000000000000000e+00
2.327377033233933634e+00 3.500000000000000000e+00
2.407603934606885598e+00 3.500000000000000000e+00
2.613652183200219081e+00 3.500000000000000000e+00
2.791012428090522413e+00 3.500000000000000000e+00
-3.251840632813073562e+00 2.500000000000000000e+00
-3.094809424939708897e+00 2.500000000000000000e+00
-3.038696008649067082e+00 2.500000000000000000e+00
-2.930570368508705226e+00 2.500000000000000000e+00
-2.891766115142534677e+00 2.500000000000000000e+00
-2.802473844066329267e+00 2.500000000000000000e+00
-2.770284653191946500e+00 2.500000000000000000e+00
-2.748822149912574897e+00 2.500000000000000000e+00
-2.730094907344721822e+00 2.500000000000000000e+00
-2.669018606541008864e+00 2.500000000000000000e+00
-2.628904051908408590e+00 2.500000000000000000e+00
-2.583275671909318394e+00 2.500000000000000000e+00
-2.544655346176350807e+00 2.500000000000000000e+00
-2.461333475148665517e+00 2.500000000000000000e+00
-2.444647163687645008e+00 2.500000000000000000e+00
-2.427977462621522697e+00 2.500000000000000000e+00
-2.366374472944127838e+00 2.500000000000000000e+00
-2.326592326294537383e+00 2.500000000000000000e+00
-2.314506239304010560e+00 2.500000000000000000e+00
-2.295417353770841995e+00 2.500000000000000000e+00
-2.291890400330797828e+00 2.500000000000000000e+00
-2.270663229137597217e+00 2.500000000000000000e+00
-2.239092528642570912e+00 2.500000000000000000e+00
-2.161487111974131903e+00 2.500000000000000000e+00
-2.154831103443566320e+00 2.500000000000000000e+00
-2.106251966198016135e+00 2.500000000000000000e+00
-2.089157088034145904e+00 2.500000000000000000e+00
-2.076747896799979731e+00 2.500000000000000000e+00
-2.064939900435404319e+00 2.500000000000000000e+00
-2.056990559187160894e+00 2.500000000000000000e+00
-2.035674105925959321e+00 2.500000000000000000e+00
-1.995365058285614390e+00 2.500000000000000000e+00
-1.978799213515451738e+00 2.500000000000000000e+00
-1.975435641175539159e+00 2.500000000000000000e+00
-1.949093187834448404e+00 2.500000000000000000e+00
-1.913902886621165589e+00 2.500000000000000000e+00
-1.909855530045470928e+00 2.500000000000000000e+00
-1.902217436402261708e+00 2.500000000000000000e+00
-1.892366957652386272e+00 2.500000000000000000e+00
-1.879193885408974030e+00 2.500000000000000000e+00
-1.860904490118686638e+00 2.500000000000000000e+00
-1.853904947646068502e+00 2.500000000000000000e+00
-1.823996392099738850e+00 2.500000000000000000e+00
-1.820756361785392352e+00 2.500000000000000000e+00
-1.779764347898052712e+00 2.500000000000000000e+00
-1.757268907778449352e+00 2.500000000000000000e+00
-1.718514309867667400e+00 2.500000000000000000e+00
-1.705929651834351857e+00 2.500000000000000000e+00
-1.687508363315030735e+00 2.500000000000000000e+00
-1.677586172772020934e+00 2.500000000000000000e+00
-1.670880403967627048e+00 2.500000000000000000e+00
-1.649256447586140872e+00 2.500000000000000000e+00
-1.641544451659577630e+00 2.500000000000000000e+00
-1.623863647759940854e+00 2.500000000000000000e+00
-1.612419956016049261e+00 2.500000000000000000e+00
-1.590079303613077588e+00 2.500000000000000000e+00
-1.585651877723408543e+00 2.500000000000000000e+00
-1.556043286816549687e+00 2.500000000000000000e+00
-1.548834849671032909e+00 2.500000000000000000e+00
-1.536107392372338287e+00 2.500000000000000000e+00
-1.522873531144770753e+00 2.500000000000000000e+00
-1.511175873524004620e+00 2.500000000000000000e+00
-1.488953654902693158e+00 2.500000000000000000e+00
-1.483868095707828516e+00 2.500000000000000000e+00
-1.470727200460436146e+00 2.500000000000000000e+00
-1.458170205329321512e+00 2.500000000000000000e+00
-1.453587998578103280e+00 2.500000000000000000e+00
-1.428842367408237779e+00 2.500000000000000000e+00
-1.419867028827060285e+00 2.500000000000000000e+00
-1.402547912421169052e+00 2.500000000000000000e+00
-1.400312605297587609e+00 2.500000000000000000e+00
-1.387342892164341146e+00 2.500000000000000000e+00
-1.383649865077200447e+00 2.500000000000000000e+00
-1.365739985525319611e+00 2.500000000000000000e+00
-1.351199401259777888e+00 2.500000000000000000e+00
-1.341573915519167715e+00 2.500000000000000000e+00
-1.323473108197638082e+00 2.500000000000000000e+00
-1.305965196442327780e+00 2.500000000000000000e+00
-1.291593882349773015e+00 2.500000000000000000e+00
-1.274658174473496164e+00 2.500000000000000000e+00
-1.265692901416437310e+00 2.500000000000000000e+00
-1.249834482903295019e+00 2.500000000000000000e+00
-1.233580489195770458e+00 2.500000000000000000e+00
-1.227519548128733762e+00 2.500000000000000000e+00
-1.225647588453818937e+00 2.500000000000000000e+00
-1.205664562304030074e+00 2.500000000000000000e+00
-1.196744624426140824e+00 2.500000000000000000e+00
-1.186692279236042369e+00 2.500000000000000000e+00
-1.161634579189302130e+00 2.500000000000000000e+00
-1.154103535130826419e+00 2.500000000000000000e+00
-1.143845610358146248e+00 2.500000000000000000e+00
-1.130706467570635754e+00 2.500000000000000000e+00
-1.125272211633634889e+00 2.500000000000000000e+00
-1.115773976565223702e+00 2.500000000000000000e+00
-1.114473751735589158e+00 2.500000000000000000e+00
-1.107131895978490377e+00 2.500000000000000000e+00
-1.097716775430499503e+00 2.500000000000000000e+00
-1.090650823121439794e+00 2.500000000000000000e+00
-1.071121629037016909e+00 2.500000000000000000e+00
-1.061931508493325182e+00 2.500000000000000000e+00
-1.053127895485290511e+00 2.500000000000000000e+00
-1.045458234499954564e+00 2.500000000000000000e+00
-1.033903496498985719e+00 2.500000000000000000e+00
-1.022177622907004757e+00 2.500000000000000000e+00
-1.018093459025835257e+00 2.500000000000000000e+00
-1.003936038882433657e+00 2.500000000000000000e+00
-9.928441558414843326e-01 2.500000000000000000e+00
-9.907395449289637668e-01 2.500000000000000000e+00
-9.789715798520910450e-01 2.500000000000000000e+00
-9.698744178096060375e-01 2.500000000000000000e+00
-9.519155365333807906e-01 2.500000000000000000e+00
-9.426828164691682943e-01 2.500000000000000000e+00
-9.313495380137913893e-01 2.500000000000000000e+00
-9.178194005029023383e-01 2.500000000000000000e+00
-9.115038798632357775e-01 2.500000000000000000e+00
-8.986009439932530762e-01 2.500000000000000000e+00
-8.900219315156552291e-01 2.500000000000000000e+00
-8.724892493382816472e-01 2.500000000000000000e+00
-8.664284697454869288e-01 2.500000000000000000e+00
-8.598119528225248720e-01 2.500000000000000000e+00
-8.546177328800436124e-01 2.500000000000000000e+00
-8.488483166185101236e-01 2.500000000000000000e+00
-8.368691481838658186e-01 2.500000000000000000e+00
-8.283657921019426107e-01 2.500000000000000000e+00
-8.155013496843938059e-01 2.500000000000000000e+00
-7.948840331034081608e-01 2.500000000000000000e+00
-7.807353166454867877e-01 2.500000000000000000e+00
-7.679651497762205459e-01 2.500000000000000000e+00
-7.501067930256952732e-01 2.500000000000000000e+00
-7.442569286366166326e-01 2.500000000000000000e+00
-7.338429816319537169e-01 2.500000000000000000e+00
-7.210286958641265453e-01 2.500000000000000000e+00
-7.083314087101822976e-01 2.500000000000000000e+00
-7.053731067729896997e-01 2.500000000000000000e+00
-6.901190295687791298e-01 2.500000000000000000e+00
-6.880565323267578970e-01 2.500000000000000000e+00
-6.723951372377838798e-01 2.500000000000000000e+00
-6.671957453307733044e-01 2.500000000000000000e+00
-6.605703610972041284e-01 2.500000000000000000e+00
-6.569492503504902325e-01 2.500000000000000000e+00
-6.385376191125234913e-01 2.500000000000000000e+00
-6.315842536082753034e-01 2.500000000000000000e+00
-6.234537905569915717e-01 2.500000000000000000e+00
-6.205250552754311144e-01 2.500000000000000000e+00
-6.149214405061224076e-01 2.500000000000000000e+00
-6.031072593966345652e-01 2.500000000000000000e+00
-5.995064830730205685e-01 2.500000000000000000e+00
-5.860251502502908938e-01 2.500000000000000000e+00
-5.792802401271586188e-01 2.500000000000000000e+00
-5.684720841851652606e-01 2.500000000000000000e+00
-5.639833133249709807e-01 2.500000000000000000e+00
-5.418473355674252590e-01 2.500000000000000000e+00
-5.306626225159561949e-01 2.500000000000000000e+00
-5.209553507509885328e-01 2.500000000000000000e+00
-5.143687616193203249e-01 2.500000000000000000e+00
-5.070436267293558785e-01 2.500000000000000000e+00
-4.909375225030247480e-01 2.500000000000000000e+00
-4.859706166062798816e-01 2.500000000000000000e+00
-4.739858768763416386e-01 2.500000000000000000e+00
-4.657014954058194545e-01 2.500000000000000000e+00
-4.611403246096543729e-01 2.500000000000000000e+00
-4.591655877589976842e-01 2.500000000000000000e+00
-4.563842127280005045e-01 2.500000000000000000e+00
-4.264466113948194859e-01 2.500000000000000000e+00
-4.215162986467179129e-01 2.500000000000000000e+00
-4.107339469651277164e-01 2.500000000000000000e+00
-4.057338711244663498e-01 2.500000000000000000e+00
-4.002406193023883008e-01 2.500000000000000000e+00
-3.935148274670912660e-01 2.500000000000000000e+00
-3.769040123221764627e-01 2.500000000000000000e+00
-3.723355026827944725e-01 2.500000000000000000e+00
-3.627184925909845425e-01 2.500000000000000000e+00
-3.476926349429512730e-01 2.500000000000000000e+00
-3.424132512072430856e-01 2.500000000000000000e+00
-3.334413543648401257e-01 2.500000000000000000e+00
-3.313567589577254835e-01 2.500000000000000000e+00
-3.192872159978936697e-01 2.500000000000000000e+00
-3.166632635296758314e-01 2.500000000000000000e+00
-3.055865441123904458e-01 2.500000000000000000e+00
-2.920321450202134073e-01 2.500000000000000000e+00
-2.887020475793820040e-01 2.500000000000000000e+00
-2.726178456063261257e-01 2.500000000000000000e+00
-2.585318482967384202e-01 2.500000000000000000e+00
-2.534930301094852623e-01 2.500000000000000000e+00
-2.360221300252338672e-01 2.500000000000000000e+00
-2.261318718467171807e-01 2.500000000000000000e+00
-2.177875417967815863e-01 2.500000000000000000e+00
-2.065886290617135190e-01 2.500000000000000000e+00
-2.032695300049941201e-01 2.500000000000000000e+00
-1.978462224119900414e-01 2.500000000000000000e+00
-1.840389249986962295e-01 2.500000000000000000e+00
-1.730893080746986612e-01 2.500000000000000000e+00
-1.671131709811903288e-01 2.500000000000000000e+00
-1.621761490154538243e-01 2.500000000000000000e+00
-1.604161272426737894e-01 2.500000000000000000e+00
-1.453609424558735541e-01 2.500000000000000000e+00
-1.396782518627320557e-01 2.500000000000000000e+00
-1.248891883826437621e-01 2.500000000000000000e+00
-1.229555811200925275e-01 2.500000000000000000e+00
-1.123480949530396289e-01 2.500000000000000000e+00
-9.831392460647907228e-02 2.500000000000000000e+00
-9.168415604493028448e-02 2.500000000000000000e+00
-8.615549080614982869e-02 2.500000000000000000e+00
-8.013448419968652314e-02 2.500000000000000000e+00
-6.994385935691965761e-02 2.500000000000000000e+00
-6.135003379767003939e-02 2.500000000000000000e+00
-5.515299214751574752e-02 2.500000000000000000e+00
-4.574570144484335632e-02 2.500000000000000000e+00
-3.465890125342062367e-02 2.500000000000000000e+00
-2.619812730298263018e-02 2.500000000000000000e+00
-1.362442754964382149e-02 2.500000000000000000e+00
3.874375325302723341e-03 2.500000000000000000e+00
5.850387387794053241e-03 2.500000000000000000e+00
1.464688647497162238e-02 2.500000000000000000e+00
2.007818173900313696e-02 2.500000000000000000e+00
3.605884337874512569e-02 2.500000000000000000e+00
3.801050950329019212e-02 2.500000000000000000e+00
4.619258594741174756e-02 2.500000000000000000e+00
5.250942277616529874e-02 2.500000000000000000e+00
5.359828433981313200e-02 2.500000000000000000e+00
7.072284969680857347e-02 2.500000000000000000e+00
7.697810901376740678e-02 2.500000000000000000e+00
9.586911018941429719e-02 2.500000000000000000e+00
1.006675983259612273e-01 2.500000000000000000e+00
1.067197864137905683e-01 2.500000000000000000e+00
1.233317173045979931e-01 2.500000000000000000e+00
1.348161216247576177e-01 2.500000000000000000e+00
1.406175035385135441e-01 2.500000000000000000e+00
1.435305554060312960e-01 2.500000000000000000e+00
1.567870463233139999e-01 2.500000000000000000e+00
1.611935675867986473e-01 2.500000000000000000e+00
1.703026817715467822e-01 2.500000000000000000e+00
1.729027850389099341e-01 2.500000000000000000e+00
1.848115101022433371e-01 2.500000000000000000e+00
1.883675246785166679e-01 2.500000000000000000e+00
2.030556166475520063e-01 2.500000000000000000e+00
2.109790362111760853e-01 2.500000000000000000e+00
2.275558034086218040e-01 2.500000000000000000e+00
2.389369679468194563e-01 2.500000000000000000e+00
2.604292546204218795e-01 2.500000000000000000e+00
2.731641715474232290e-01 2.500000000000000000e+00
2.768056035489781519e-01 2.500000000000000000e+00
2.821759337035039672e-01 2.500000000000000000e+00
2.857380045661865320e-01 2.500000000000000000e+00
2.926379039824293371e-01 2.500000000000000000e+00
3.113925054936623193e-01 2.500000000000000000e+00
3.156429305878353242e-01 2.500000000000000000e+00
3.176692404070112774e-01 2.500000000000000000e+00
3.329852380037991999e-01 2.500000000000000000e+00
3.367780720221672519e-01 2.500000000000000000e+00
3.496392955245880008e-01 2.500000000000000000e+00
3.575966778059422313e-01 2.500000000000000000e+00
3.653615872349064708e-01 2.500000000000000000e+00
3.714720382936042564e-01 2.500000000000000000e+00
3.781593186756507241e-01 2.500000000000000000e+00
3.886127080677260759e-01 2.500000000000000000e+00
3.958814277987118824e-01 2.500000000000000000e+00
4.113580035240889110e-01 2.500000000000000000e+00
4.126854370499555835e-01 2.500000000000000000e+00
4.186705343559810610e-01 2.500000000000000000e+00
4.292352923574141998e-01 2.500000000000000000e+00
4.420402288234532295e-01 2.500000000000000000e+00
4.536840681470930003e-01 2.500000000000000000e+00
4.657617243308944666e-01 2.500000000000000000e+00
4.716237445970078435e-01 2.500000000000000000e+00
4.918941961320578704e-01 2.500000000000000000e+00
4.961795231434818487e-01 2.500000000000000000e+00
5.007871852670753299e-01 2.500000000000000000e+00
5.155217522726521784e-01 2.500000000000000000e+00
5.174707831887471743e-01 2.500000000000000000e+00
5.268044784743766140e-01 2.500000000000000000e+00
5.337595668883488020e-01 2.500000000000000000e+00
5.477677939866797407e-01 2.500000000000000000e+00
5.675514664125878017e-01 2.500000000000000000e+00
5.740073178033657797e-01 2.500000000000000000e+00
5.823447111072533877e-01 2.500000000000000000e+00
5.911808838732597327e-01 2.500000000000000000e+00
5.916223845213514076e-01 2.500000000000000000e+00
6.028363219372104842e-01 2.500000000000000000e+00
6.121336695261384575e-01 2.500000000000000000e+00
6.245867825420405861e-01 2.500000000000000000e+00
6.394735421221725558e-01 2.500000000000000000e+00
6.462156791874618111e-01 2.500000000000000000e+00
6.569152431542325532e-01 2.500000000000000000e+00
6.640307283240177716e-01 2.500000000000000000e+00
6.775924056788455996e-01 2.500000000000000000e+00
6.830779216980578106e-01 2.500000000000000000e+00
6.890266740043486937e-01 2.500000000000000000e+00
7.021355988257744762e-01 2.500000000000000000e+00
7.160786522923467956e-01 2.500000000000000000e+00
7.180923244344256107e-01 2.500000000000000000e+00
7.222360118040690447e-01 2.500000000000000000e+00
7.349613439046285279e-01 2.500000000000000000e+00
7.374556764500049821e-01 2.500000000000000000e+00
7.486385815717715442e-01 2.500000000000000000e+00
7.728710851173756780e-01 2.500000000000000000e+00
7.816996291853831602e-01 2.500000000000000000e+00
7.939912393106136612e-01 2.500000000000000000e+00
7.990557338044789182e-01 2.500000000000000000e+00
8.153747493368711519e-01 2.500000000000000000e+00
8.192816871464299044e-01 2.500000000000000000e+00
8.293630706860508628e-01 2.500000000000000000e+00
8.455635035241106934e-01 2.500000000000000000e+00
8.578286515897600717e-01 2.500000000000000000e+00
8.773650374509146532e-01 2.500000000000000000e+00
8.830055028793283300e-01 2.500000000000000000e+00
8.918597971445417771e-01 2.500000000000000000e+00
9.120684876823826892e-01 2.500000000000000000e+00
9.181970327887961636e-01 2.500000000000000000e+00
9.376412093442525464e-01 2.500000000000000000e+00
9.571314416629594923e-01 2.500000000000000000e+00
9.702346076258899776e-01 2.500000000000000000e+00
9.719104740186998992e-01 2.500000000000000000e+00
9.850308162275505097e-01 2.500000000000000000e+00
9.862967393828062646e-01 2.500000000000000000e+00
1.000947049584663073e+00 2.500000000000000000e+00
1.010183663688257516e+00 2.500000000000000000e+00
1.011711985963491989e+00 2.500000000000000000e+00
1.029513961590411864e+00 2.500000000000000000e+00
1.041490485578506542e+00 2.500000000000000000e+00
1.052653679642260753e+00 2.500000000000000000e+00
1.066153056023324996e+00 2.500000000000000000e+00
1.077289206161725854e+00 2.500000000000000000e+00
1.084404155385401802e+00 2.500000000000000000e+00
1.089398683549855473e+00 2.500000000000000000e+00
1.099214048448042602e+00 2.500000000000000000e+00
1.103186034805193394e+00 2.500000000000000000e+00
1.122238267605373263e+00 2.500000000000000000e+00
1.140544145528625819e+00 2.500000000000000000e+00
1.153263806853658924e+00 2.500000000000000000e+00
1.164110896432288378e+00 2.500000000000000000e+00
1.173031562013777673e+00 2.500000000000000000e+00
1.179828710547979442e+00 2.500000000000000000e+00
1.207944166239986572e+00 2.500000000000000000e+00
1.214523996488166002e+00 2.500000000000000000e+00
1.223962935729031809e+00 2.500000000000000000e+00
1.240618265969607892e+00 2.500000000000000000e+00
1.251208012047292151e+00 2.500000000000000000e+00
1.257707128739292912e+00 2.500000000000000000e+00
1.281193937443600328e+00 2.500000000000000000e+00
1.283982928718664374e+00 2.500000000000000000e+00
1.297797962767424096e+00 2.500000000000000000e+00
1.310690109078088472e+00 2.500000000000000000e+00
1.320067132670300403e+00 2.500000000000000000e+00
1.339219146441981811e+00 2.500000000000000000e+00
1.351873710115871985e+00 2.500000000000000000e+00
1.355732741678568498e+00 2.500000000000000000e+00
1.396342568032349796e+00 2.500000000000000000e+00
1.404972778310368042e+00 2.500000000000000000e+00
1.414381198209422097e+00 2.500000000000000000e+00
1.422487425660730054e+00 2.500000000000000000e+00
1.439823805792689315e+00 2.500000000000000000e+00
1.441757540745317590e+00 2.500000000000000000e+00
1.450394263866540356e+00 2.500000000000000000e+00
1.466190972069852938e+00 2.500000000000000000e+00
1.468432799037123759e+00 2.500000000000000000e+00
1.476614745149270380e+00 2.500000000000000000e+00
1.510893700652868876e+00 2.500000000000000000e+00
1.517569832459981560e+00 2.500000000000000000e+00
1.525898108760685101e+00 2.500000000000000000e+00
1.544154855973229212e+00 2.500000000000000000e+00
1.560558637820277372e+00 2.500000000000000000e+00
1.580977382096782069e+00 2.500000000000000000e+00
1.584096659207313573e+00 2.500000000000000000e+00
1.600778389052955886e+00 2.500000000000000000e+00
1.619965106268097088e+00 2.500000000000000000e+00
1.630540535083691678e+00 2.500000000000000000e+00
1.646318829166507403e+00 2.500000000000000000e+00
1.661531693792525965e+00 2.500000000000000000e+00
1.680411406525071927e+00 2.500000000000000000e+00
1.701705850382321472e+00 2.500000000000000000e+00
1.709746053692531076e+00 2.500000000000000000e+00
1.724837301908807241e+00 2.500000000000000000e+00
1.730603622289441423e+00 2.500000000000000000e+00
1.757583285540415430e+00 2.500000000000000000e+00
1.775914042013779337e+00 2.500000000000000000e+00
1.778437308439129172e+00 2.500000000000000000e+00
1.804890274008745576e+00 2.500000000000000000e+00
1.815184774232597276e+00 2.500000000000000000e+00
1.837982137711217989e+00 2.500000000000000000e+00
1.864734808176751413e+00 2.500000000000000000e+00
1.877624453973737673e+00 2.500000000000000000e+00
1.880737901551173819e+00 2.500000000000000000e+00
1.906643365055413764e+00 2.500000000000000000e+00
1.914536806365098043e+00 2.500000000000000000e+00
1.968069653220677173e+00 2.500000000000000000e+00
2.011821967023785795e+00 2.500000000000000000e+00
2.020429240365885448e+00 2.500000000000000000e+00
2.033116484108618671e+00 2.500000000000000000e+00
2.058866415770697511e+00 2.500000000000000000e+00
2.066209617524418451e+00 2.500000000000000000e+00
2.083029669117861360e+00 2.500000000000000000e+00
2.136374770707976101e+00 2.500000000000000000e+00
2.138070531779524330e+00 2.500000000000000000e+00
2.175231702541721823e+00 2.500000000000000000e+00
2.194107104714487999e+00 2.500000000000000000e+00
2.219170543545021523e+00 2.500000000000000000e+00
2.245684851066134247e+00 2.500000000000000000e+00
2.257722678023004637e+00 2.500000000000000000e+00
2.280891469077282352e+00 2.500000000000000000e+00
2.309513394534770558e+00 2.500000000000000000e+00
2.323250372816485054e+00 2.500000000000000000e+00
2.344087962740383446e+00 2.500000000000000000e+00
2.412796162714957227e+00 2.500000000000000000e+00
2.426170338901164403e+00 2.500000000000000000e+00
2.450265951529433384e+00 2.500000000000000000e+00
2.458331093256636457e+00 2.500000000000000000e+00
2.548695793713399826e+00 2.500000000000000000e+00
2.588441093183026620e+00 2.500000000000000000e+00
2.618059258989756000e+00 2.500000000000000000e+00
2.639484705362641126e+00 2.500000000000000000e+00
2.694233715035645460e+00 2.500000000000000000e+00
2.704838667643873595e+00 2.500000000000000000e+00
2.739433514749393783e+00 2.500000000000000000e+00
2.748275708922130800e+00 2.500000000000000000e+00
2.776586442003097233e+00 2.500000000000000000e+00
2.869434060836391520e+00 2.500000000000000000e+00
2.939133451097613481e+00 2.500000000000000000e+00
2.991572915356711437e+00 2.500000000000000000e+00
3.072089548992912533e+00 2.500000000000000000e+00
3.097650659232812576e+00 2.500000000000000000e+00
3.117366846810755820e+00 2.500000000000000000e+00
3.181320220532130705e+00 2.500000000000000000e+00
3.253103310456574082e+00 2.500000000000000000e+00
3.351750509638539377e+00 2.500000000000000000e+00
3.526927536244051975e+00 2.500000000000000000e+00
3.629013828386945750e+00 2.500000000000000000e+00
3.685894598535670585e+00 2.500000000000000000e+00
4.145877378255553580e+00 2.500000000000000000e+00
-3.261863213252517379e+00 1.500000000000000000e+00
-3.103401169190781683e+00 1.500000000000000000e+00
-3.047349735892170397e+00 1.500000000000000000e+00
-2.930888816097111604e+00 1.500000000000000000e+00
-2.900115185275155216e+00 1.500000000000000000e+00
-2.762455219582077959e+00 1.500000000000000000e+00
-2.741410403398373052e+00 1.500000000000000000e+00
-2.673794471129445682e+00 1.500000000000000000e+00
-2.649519755607029570e+00 1.500000000000000000e+00
-2.592419934156603656e+00 1.500000000000000000e+00
-2.570942179744253764e+00 1.500000000000000000e+00
-2.556935021920936357e+00 1.500000000000000000e+00
-2.520095808001921345e+00 1.500000000000000000e+00
-2.447189228554492502e+00 1.500000000000000000e+00
-2.438082370164366353e+00 1.500000000000000000e+00
-2.391604553705911851e+00 1.500000000000000000e+00
-2.339773713553391143e+00 1.500000000000000000e+00
-2.308016654586079408e+00 1.500000000000000000e+00
-2.305953146083052907e+00 1.500000000000000000e+00
-2.279398465265981333e+00 1.500000000000000000e+00
-2.247664954475197430e+00 1.500000000000000000e+00
-2.228926236802178273e+00 1.500000000000000000e+00
-2.175364426715814758e+00 1.500000000000000000e+00
-2.169472673259711382e+00 1.500000000000000000e+00
-2.150037069340377194e+00 1.500000000000000000e+00
-2.118015653211088978e+00 1.500000000000000000e+00
-2.100568919383753563e+00 1.500000000000000000e+00
-2.090511380715953216e+00 1.500000000000000000e+00
-2.079210852554546296e+00 1.500000000000000000e+00
-2.074464733782747761e+00 1.500000000000000000e+00
-2.044093999007134954e+00 1.500000000000000000e+00
-2.003347974250369923e+00 1.500000000000000000e+00
-1.987780517962214999e+00 1.500000000000000000e+00
-1.978819555639960592e+00 1.500000000000000000e+00
-1.955127407035348819e+00 1.500000000000000000e+00
-1.947789662559719304e+00 1.500000000000000000e+00
-1.917326157922909280e+00 1.500000000000000000e+00
-1.893361566679789831e+00 1.500000000000000000e+00
-1.875438897533625138e+00 1.500000000000000000e+00
-1.869788339732734839e+00 1.500000000000000000e+00
-1.855087260544272088e+00 1.500000000000000000e+00
-1.847620140889934204e+00 1.500000000000000000e+00
-1.841157368832763597e+00 1.500000000000000000e+00
-1.831561180484642781e+00 1.500000000000000000e+00
-1.773994417641464594e+00 1.500000000000000000e+00
-1.749671528917220664e+00 1.500000000000000000e+00
-1.738496673363993050e+00 1.500000000000000000e+00
-1.726363430958167466e+00 1.500000000000000000e+00
-1.717788140666189012e+00 1.500000000000000000e+00
-1.707300643705296439e+00 1.500000000000000000e+00
-1.682837142724592283e+00 1.500000000000000000e+00
-1.676407237331856370e+00 1.500000000000000000e+00
-1.669414868104664107e+00 1.500000000000000000e+00
-1.634911382920681167e+00 1.500000000000000000e+00
-1.628253263978090448e+00 1.500000000000000000e+00
-1.597794741104300975e+00 1.500000000000000000e+00
-1.593466356098246495e+00 1.500000000000000000e+00
-1.587888205047106371e+00 1.500000000000000000e+00
-1.569352834807679065e+00 1.500000000000000000e+00
-1.562715678409550613e+00 1.500000000000000000e+00
-1.560936420384258394e+00 1.500000000000000000e+00
-1.537068805206611932e+00 1.500000000000000000e+00
-1.533060601173558801e+00 1.500000000000000000e+00
-1.529508466606926076e+00 1.500000000000000000e+00
-1.517208552758972706e+00 1.500000000000000000e+00
-1.498242990140931541e+00 1.500000000000000000e+00
-1.480303320314535265e+00 1.500000000000000000e+00
-1.460389512819720181e+00 1.500000000000000000e+00
-1.453122675072452186e+00 1.500000000000000000e+00
-1.440895708972303346e+00 1.500000000000000000e+00
-1.436086015765792645e+00 1.500000000000000000e+00
-1.416138657211528651e+00 1.500000000000000000e+00
-1.405431457166461451e+00 1.500000000000000000e+00
-1.402541756573081555e+00 1.500000000000000000e+00
-1.387709877868231079e+00 1.500000000000000000e+00
-1.384923856573176737e+00 1.500000000000000000e+00
-1.367890754953267507e+00 1.500000000000000000e+00
-1.362884210098015414e+00 1.500000000000000000e+00
-1.339257803139655145e+00 1.500000000000000000e+00
-1.311500783609084397e+00 1.500000000000000000e+00
-1.304503643321294204e+00 1.500000000000000000e+00
-1.299267357353675045e+00 1.500000000000000000e+00
-1.283400043223095643e+00 1.500000000000000000e+00
-1.266618712486718312e+00 1.500000000000000000e+00
-1.263389596044200758e+00 1.500000000000000000e+00
-1.257126315074439837e+00 1.500000000000000000e+00
-1.242432355400126642e+00 1.500000000000000000e+00
-1.230705183711775508e+00 1.500000000000000000e+00
-1.225237313345838741e+00 1.500000000000000000e+00
-1.208522456818486468e+00 1.500000000000000000e+00
-1.206300569137519041e+00 1.500000000000000000e+00
-1.199376665935456110e+00 1.500000000000000000e+00
-1.189584867719927885e+00 1.500000000000000000e+00
-1.176908053762724782e+00 1.500000000000000000e+00
-1.169911881161856293e+00 1.500000000000000000e+00
-1.155655724390819872e+00 1.500000000000000000e+00
-1.148272906556429884e+00 1.500000000000000000e+00
-1.136187568589480223e+00 1.500000000000000000e+00
-1.126304834373647923e+00 1.500000000000000000e+00
-1.119330092622174755e+00 1.500000000000000000e+00
-1.109895178010309014e+00 1.500000000000000000e+00
-1.104604814076943331e+00 1.500000000000000000e+00
-1.099979476527519484e+00 1.500000000000000000e+00
-1.091261156153791712e+00 1.500000000000000000e+00
-1.077675727658871097e+00 1.500000000000000000e+00
-1.074836048668926791e+00 1.500000000000000000e+00
-1.059420801251285571e+00 1.500000000000000000e+00
-1.055185087224457696e+00 1.500000000000000000e+00
-1.045149080030506106e+00 1.500000000000000000e+00
-1.042478081796651690e+00 1.500000000000000000e+00
-1.029315264940452224e+00 1.500000000000000000e+00
-1.027665265470869338e+00 1.500000000000000000e+00
-1.012010608195440531e+00 1.500000000000000000e+00
-1.004413487607544786e+00 1.500000000000000000e+00
-9.953163463268813738e-01 1.500000000000000000e+00
-9.821110720294149443e-01 1.500000000000000000e+00
-9.620354627722491614e-01 1.500000000000000000e+00
-9.506029620885875220e-01 1.500000000000000000e+00
-9.450284471225461891e-01 1.500000000000000000e+00
-9.288262040724201141e-01 1.500000000000000000e+00
-9.209593251161216632e-01 1.500000000000000000e+00
-9.131628352580551944e-01 1.500000000000000000e+00
-9.049588875634759777e-01 1.500000000000000000e+00
-9.000768656488549180e-01 1.500000000000000000e+00
-8.895882792382692195e-01 1.500000000000000000e+00
-8.831322146130270445e-01 1.500000000000000000e+00
-8.683512966744669770e-01 1.500000000000000000e+00
-8.445460331463974235e-01 1.500000000000000000e+00
-8.433429496177979878e-01 1.500000000000000000e+00
-8.366027283151895588e-01 1.500000000000000000e+00
-8.273868894262168538e-01 1.500000000000000000e+00
-8.138297578896240836e-01 1.500000000000000000e+00
-8.120674787491249935e-01 1.500000000000000000e+00
-7.973499668035531895e-01 1.500000000000000000e+00
-7.864094511984796032e-01 1.500000000000000000e+00
-7.827111531770543085e-01 1.500000000000000000e+00
-7.714959310772973033e-01 1.500000000000000000e+00
-7.574166755408481277e-01 1.500000000000000000e+00
-7.518276402629323618e-01 1.500000000000000000e+00
-7.463925535966832170e-01 1.500000000000000000e+00
-7.324883834853582742e-01 1.500000000000000000e+00
-7.292434845460314952e-01 1.500000000000000000e+00
-7.270788068103990476e-01 1.500000000000000000e+00
-7.164535544638379605e-01 1.500000000000000000e+00
-7.078929468088843713e-01 1.500000000000000000e+00
-7.033679753412593882e-01 1.500000000000000000e+00
-6.975067515444420829e-01 1.500000000000000000e+00
-6.916932702183026249e-01 1.500000000000000000e+00
-6.850161646318748687e-01 1.500000000000000000e+00
-6.831719675259968483e-01 1.500000000000000000e+00
-6.700416345483350966e-01 1.500000000000000000e+00
-6.633693868733581134e-01 1.500000000000000000e+00
-6.501731964658162832e-01 1.500000000000000000e+00
-6.406632409982472298e-01 1.500000000000000000e+00
-6.309142510815162197e-01 1.500000000000000000e+00
-6.204981514752225813e-01 1.500000000000000000e+00
-6.166388975154873942e-01 1.500000000000000000e+00
-6.089663937469359523e-01 1.500000000000000000e+00
-5.983687728836376563e-01 1.500000000000000000e+00
-5.891395169361781647e-01 1.500000000000000000e+00
-5.829676415195471639e-01 1.500000000000000000e+00
-5.758573670440884085e-01 1.500000000000000000e+00
-5.726740187843251118e-01 1.500000000000000000e+00
-5.667051013836925666e-01 1.500000000000000000e+00
-5.502791759301189911e-01 1.500000000000000000e+00
-5.464467164910098429e-01 1.500000000000000000e+00
-5.359450860952500451e-01 1.500000000000000000e+00
-5.252139799537431930e-01 1.500000000000000000e+00
-5.195230107177630785e-01 1.500000000000000000e+00
-5.100597077082988928e-01 1.500000000000000000e+00
-5.049530149259437994e-01 1.500000000000000000e+00
-5.033922249368143476e-01 1.500000000000000000e+00
-5.007853980552600115e-01 1.500000000000000000e+00
-4.839870069296401955e-01 1.500000000000000000e+00
-4.781162914979888434e-01 1.500000000000000000e+00
-4.691378637166406240e-01 1.500000000000000000e+00
-4.617302631598049212e-01 1.500000000000000000e+00
-4.465630632387728172e-01 1.500000000000000000e+00
-4.388082799578114646e-01 1.500000000000000000e+00
-4.278359032397817119e-01 1.500000000000000000e+00
-4.156744418298407018e-01 1.500000000000000000e+00
-4.101066857717443614e-01 1.500000000000000000e+00
-3.961189885165800062e-01 1.500000000000000000e+00
-3.917900534856945671e-01 1.500000000000000000e+00
-3.839599745636453898e-01 1.500000000000000000e+00
-3.827973580721271141e-01 1.500000000000000000e+00
-3.813502170152739401e-01 1.500000000000000000e+00
-3.749903677012979553e-01 1.500000000000000000e+00
-3.693791635173398480e-01 1.500000000000000000e+00
-3.575911290001692056e-01 1.500000000000000000e+00
-3.535891959922890515e-01 1.500000000000000000e+00
-3.377861266155017805e-01 1.500000000000000000e+00
-3.330264810230690875e-01 1.500000000000000000e+00
-3.169137980353023964e-01 1.500000000000000000e+00
-3.149618157729013324e-01 1.500000000000000000e+00
-3.064080437123029022e-01 1.500000000000000000e+00
-3.018842661014472517e-01 1.500000000000000000e+00
-2.986258460253923275e-01 1.500000000000000000e+00
-2.927915516600573254e-01 1.500000000000000000e+00
-2.786170195275929906e-01 1.500000000000000000e+00
-2.760787646667763884e-01 1.500000000000000000e+00
-2.606662990341038211e-01 1.500000000000000000e+00
-2.573343907616074677e-01 1.500000000000000000e+00
-2.528984166716268800e-01 1.500000000000000000e+00
-2.506327775298228810e-01 1.500000000000000000e+00
-2.384906807614530500e-01 1.500000000000000000e+00
-2.367972749223919982e-01 1.500000000000000000e+00
-2.197248114137851094e-01 1.500000000000000000e+00
-2.086388594758438186e-01 1.500000000000000000e+00
-2.061929279243961410e-01 1.500000000000000000e+00
-2.015072788934291759e-01 1.500000000000000000e+00
-1.940879893031749182e-01 1.500000000000000000e+00
-1.871926168171206828e-01 1.500000000000000000e+00
-1.805417370802111787e-01 1.500000000000000000e+00
-1.740127539446170712e-01 1.500000000000000000e+00
-1.629419501935186754e-01 1.500000000000000000e+00
-1.557981063883967787e-01 1.500000000000000000e+00
-1.466712585312226480e-01 1.500000000000000000e+00
-1.419814016578652416e-01 1.500000000000000000e+00
-1.356847823361026495e-01 1.500000000000000000e+00
-1.267415085697384258e-01 1.500000000000000000e+00
-1.249627054582080066e-01 1.500000000000000000e+00
-1.191006828305408577e-01 1.500000000000000000e+00
-1.132346675458578422e-01 1.500000000000000000e+00
-1.034121575809325011e-01 1.500000000000000000e+00
-9.718287793616427195e-02 1.500000000000000000e+00
-8.729145715222082214e-02 1.500000000000000000e+00
-8.292869262567388600e-02 1.500000000000000000e+00
-6.949566652399649658e-02 1.500000000000000000e+00
-6.733245663429680838e-02 1.500000000000000000e+00
-5.993764538637506162e-02 1.500000000000000000e+00
-5.559751954978874727e-02 1.500000000000000000e+00
-5.060599340822553166e-02 1.500000000000000000e+00
-4.296431295213704732e-02 1.500000000000000000e+00
-3.216741160269762090e-02 1.500000000000000000e+00
-2.722260593631227119e-02 1.500000000000000000e+00
-1.134943794868722294e-02 1.500000000000000000e+00
-6.033795254397684125e-03 1.500000000000000000e+00
-1.098411403065819745e-03 1.500000000000000000e+00
3.614931273733596167e-03 1.500000000000000000e+00
1.114204452712132774e-02 1.500000000000000000e+00
2.002901481349119925e-02 1.500000000000000000e+00
2.704682182575296814e-02 1.500000000000000000e+00
3.093797861424371978e-02 1.500000000000000000e+00
4.408052530012791792e-02 1.500000000000000000e+00
5.053024113708193266e-02 1.500000000000000000e+00
5.641476275629560971e-02 1.500000000000000000e+00
6.308494602915962202e-02 1.500000000000000000e+00
6.472543193305495268e-02 1.500000000000000000e+00
7.411696566478373494e-02 1.500000000000000000e+00
7.751757082929923437e-02 1.500000000000000000e+00
8.602204504041920108e-02 1.500000000000000000e+00
8.873167870391265866e-02 1.500000000000000000e+00
9.418038621266602850e-02 1.500000000000000000e+00
1.013666485383688670e-01 1.500000000000000000e+00
1.077753434173372438e-01 1.500000000000000000e+00
1.235326227627549650e-01 1.500000000000000000e+00
1.345133321968056128e-01 1.500000000000000000e+00
1.377388658579450920e-01 1.500000000000000000e+00
1.463435691155384188e-01 1.500000000000000000e+00
1.506468964048968406e-01 1.500000000000000000e+00
1.624434262444075794e-01 1.500000000000000000e+00
1.685364274701559306e-01 1.500000000000000000e+00
1.762492204019754372e-01 1.500000000000000000e+00
1.832736669119382766e-01 1.500000000000000000e+00
1.910476798432524104e-01 1.500000000000000000e+00
1.924763319259758798e-01 1.500000000000000000e+00
2.010516877139754410e-01 1.500000000000000000e+00
2.047406568555375783e-01 1.500000000000000000e+00
2.179025648201745602e-01 1.500000000000000000e+00
2.182219770024648176e-01 1.500000000000000000e+00
2.297285323013048830e-01 1.500000000000000000e+00
2.305694118978215967e-01 1.500000000000000000e+00
2.375429823343054581e-01 1.500000000000000000e+00
2.503757798420321867e-01 1.500000000000000000e+00
2.569878051389077878e-01 1.500000000000000000e+00
2.670913601481199606e-01 1.500000000000000000e+00
2.692263887060447614e-01 1.500000000000000000e+00
2.753780405901049000e-01 1.500000000000000000e+00
2.837686922720121796e-01 1.500000000000000000e+00
2.929158612940855333e-01 1.500000000000000000e+00
3.018219629930502523e-01 1.500000000000000000e+00
3.103300456895766168e-01 1.500000000000000000e+00
3.126046151282017016e-01 1.500000000000000000e+00
3.278498227941358811e-01 1.500000000000000000e+00
3.292103298480497098e-01 1.500000000000000000e+00
3.365199524996738689e-01 1.500000000000000000e+00
3.508152595599154933e-01 1.500000000000000000e+00
3.549397915325793740e-01 1.500000000000000000e+00
3.598083936738969424e-01 1.500000000000000000e+00
3.634661455765849092e-01 1.500000000000000000e+00
3.700959401698657447e-01 1.500000000000000000e+00
3.796499417002773824e-01 1.500000000000000000e+00
3.844804530983502722e-01 1.500000000000000000e+00
3.895286559250120684e-01 1.500000000000000000e+00
3.976585371544488212e-01 1.500000000000000000e+00
4.091580035120611636e-01 1.500000000000000000e+00
4.118587258877804413e-01 1.500000000000000000e+00
4.267276594870875739e-01 1.500000000000000000e+00
4.354833215526928702e-01 1.500000000000000000e+00
4.418220316943416437e-01 1.500000000000000000e+00
4.443993974843485906e-01 1.500000000000000000e+00
4.491071958683267029e-01 1.500000000000000000e+00
4.538530521467250001e-01 1.500000000000000000e+00
4.621404646341760736e-01 1.500000000000000000e+00
4.681933381926456916e-01 1.500000000000000000e+00
4.760849771477015935e-01 1.500000000000000000e+00
4.795154995675589005e-01 1.500000000000000000e+00
4.854361384038162752e-01 1.500000000000000000e+00
4.958696461010901890e-01 1.500000000000000000e+00
4.988728160974512660e-01 1.500000000000000000e+00
5.077380395383360723e-01 1.500000000000000000e+00
5.152294333400877502e-01 1.500000000000000000e+00
5.220996207702142122e-01 1.500000000000000000e+00
5.284787244890292168e-01 1.500000000000000000e+00
5.374020399944940962e-01 1.500000000000000000e+00
5.434829483582661602e-01 1.500000000000000000e+00
5.497317363496376785e-01 1.500000000000000000e+00
5.606759581449212160e-01 1.500000000000000000e+00
5.706968206609513983e-01 1.500000000000000000e+00
5.767353166089986827e-01 1.500000000000000000e+00
5.794264303735586763e-01 1.500000000000000000e+00
5.883478419815268978e-01 1.500000000000000000e+00
5.964282580479330909e-01 1.500000000000000000e+00
5.984072853105979473e-01 1.500000000000000000e+00
6.166826421442442863e-01 1.500000000000000000e+00
6.248417816932286817e-01 1.500000000000000000e+00
6.279549040114223990e-01 1.500000000000000000e+00
6.347300217657610988e-01 1.500000000000000000e+00
6.434187479076086680e-01 1.500000000000000000e+00
6.455584822720348281e-01 1.500000000000000000e+00
6.574097629907983409e-01 1.500000000000000000e+00
6.678002290092475146e-01 1.500000000000000000e+00
6.703869427304693929e-01 1.500000000000000000e+00
6.818331317877748265e-01 1.500000000000000000e+00
6.850151200564308374e-01 1.500000000000000000e+00
6.875300922668193815e-01 1.500000000000000000e+00
6.929453835474769230e-01 1.500000000000000000e+00
7.040075632266568073e-01 1.500000000000000000e+00
7.074404981703378281e-01 1.500000000000000000e+00
7.199141331282996603e-01 1.500000000000000000e+00
7.268507571088379526e-01 1.500000000000000000e+00
7.319372589807260354e-01 1.500000000000000000e+00
7.396252585891855968e-01 1.500000000000000000e+00
7.472937867946688462e-01 1.500000000000000000e+00
7.513195749080906483e-01 1.500000000000000000e+00
7.579831256368328996e-01 1.500000000000000000e+00
7.628573767948823026e-01 1.500000000000000000e+00
7.745051654278111153e-01 1.500000000000000000e+00
7.789788925489140592e-01 1.500000000000000000e+00
7.884193778620666171e-01 1.500000000000000000e+00
8.004184489647354628e-01 1.500000000000000000e+00
8.035985432503959247e-01 1.500000000000000000e+00
8.143538671550156760e-01 1.500000000000000000e+00
8.244810894970623361e-01 1.500000000000000000e+00
8.315798523207520443e-01 1.500000000000000000e+00
8.404400177116007065e-01 1.500000000000000000e+00
8.447219374900123423e-01 1.500000000000000000e+00
8.558491580868093918e-01 1.500000000000000000e+00
8.626049044505075258e-01 1.500000000000000000e+00
8.680639347422710594e-01 1.500000000000000000e+00
8.812567096472112560e-01 1.500000000000000000e+00
8.924799160076893889e-01 1.500000000000000000e+00
8.952530066092022620e-01 1.500000000000000000e+00
9.060299562427813758e-01 1.500000000000000000e+00
9.114080267726035745e-01 1.500000000000000000e+00
9.225492122728023991e-01 1.500000000000000000e+00
9.278402424029482676e-01 1.500000000000000000e+00
9.383700180911871414e-01 1.500000000000000000e+00
9.444189694472018282e-01 1.500000000000000000e+00
9.485413581231304514e-01 1.500000000000000000e+00
9.534595888632954042e-01 1.500000000000000000e+00
9.640269493359691078e-01 1.500000000000000000e+00
9.760543943015813628e-01 1.500000000000000000e+00
9.822893277876720841e-01 1.500000000000000000e+00
9.851482666116081477e-01 1.500000000000000000e+00
9.938122391100578934e-01 1.500000000000000000e+00
9.974355585871870211e-01 1.500000000000000000e+00
1.012112641174884420e+00 1.500000000000000000e+00
1.016889083071785382e+00 1.500000000000000000e+00
1.037272731063462405e+00 1.500000000000000000e+00
1.037614174574531534e+00 1.500000000000000000e+00
1.044534704029985051e+00 1.500000000000000000e+00
1.055610667943111203e+00 1.500000000000000000e+00
1.059956245218284021e+00 1.500000000000000000e+00
1.069120656178555118e+00 1.500000000000000000e+00
1.078657205335334268e+00 1.500000000000000000e+00
1.082993916305098780e+00 1.500000000000000000e+00
1.090543890708516095e+00 1.500000000000000000e+00
1.094023349161485692e+00 1.500000000000000000e+00
1.098709728367398997e+00 1.500000000000000000e+00
1.123520950518960282e+00 1.500000000000000000e+00
1.136114679150497686e+00 1.500000000000000000e+00
1.145143147484824819e+00 1.500000000000000000e+00
1.152844130077970597e+00 1.500000000000000000e+00
1.162597040954369998e+00 1.500000000000000000e+00
1.166934611004304845e+00 1.500000000000000000e+00
1.172488972685835851e+00 1.500000000000000000e+00
1.178582551721339522e+00 1.500000000000000000e+00
1.183041234693299915e+00 1.500000000000000000e+00
1.189306507021619774e+00 1.500000000000000000e+00
1.194099477337377868e+00 1.500000000000000000e+00
1.209466506205308711e+00 1.500000000000000000e+00
1.215629153800823259e+00 1.500000000000000000e+00
1.220854325221656156e+00 1.500000000000000000e+00
1.231468054873860130e+00 1.500000000000000000e+00
1.242143207957967510e+00 1.500000000000000000e+00
1.256882462585017457e+00 1.500000000000000000e+00
1.268853645329047763e+00 1.500000000000000000e+00
1.274265921535515655e+00 1.500000000000000000e+00
1.281395592857502042e+00 1.500000000000000000e+00
1.293112892636423483e+00 1.500000000000000000e+00
1.303871647248934895e+00 1.500000000000000000e+00
1.306138479654559648e+00 1.500000000000000000e+00
1.314917249194701654e+00 1.500000000000000000e+00
1.319543464925111431e+00 1.500000000000000000e+00
1.334012695433040463e+00 1.500000000000000000e+00
1.335303132234771484e+00 1.500000000000000000e+00
1.344305380869072586e+00 1.500000000000000000e+00
1.354051483023832159e+00 1.500000000000000000e+00
1.364703764321859802e+00 1.500000000000000000e+00
1.376652444067284264e+00 1.500000000000000000e+00
1.385439888355898486e+00 1.500000000000000000e+00
1.388997775422873504e+00 1.500000000000000000e+00
1.390904053072390401e+00 1.500000000000000000e+00
1.406183896823911317e+00 1.500000000000000000e+00
1.413638038694130739e+00 1.500000000000000000e+00
1.427378796620885959e+00 1.500000000000000000e+00
1.432013411861875918e+00 1.500000000000000000e+00
1.438157819711694430e+00 1.500000000000000000e+00
1.453396509805765291e+00 1.500000000000000000e+00
1.459406027859306620e+00 1.500000000000000000e+00
1.468168853215888525e+00 1.500000000000000000e+00
1.477865712951105470e+00 1.500000000000000000e+00
1.489861264144376696e+00 1.500000000000000000e+00
1.503935933136567593e+00 1.500000000000000000e+00
1.510367994124673929e+00 1.500000000000000000e+00
1.526994485910508459e+00 1.500000000000000000e+00
1.531754411825655637e+00 1.500000000000000000e+00
1.539155989217970699e+00 1.500000000000000000e+00
1.549929216986131175e+00 1.500000000000000000e+00
1.558122766431375705e+00 1.500000000000000000e+00
1.574839870563419453e+00 1.500000000000000000e+00
1.579847696973998517e+00 1.500000000000000000e+00
1.580815997454932287e+00 1.500000000000000000e+00
1.588667332657526465e+00 1.500000000000000000e+00
1.596431505213186774e+00 1.500000000000000000e+00
1.614431940772290464e+00 1.500000000000000000e+00
1.629086735542133901e+00 1.500000000000000000e+00
1.633452214432893346e+00 1.500000000000000000e+00
1.638255136233503162e+00 1.500000000000000000e+00
1.646610805526480981e+00 1.500000000000000000e+00
1.660635853842735044e+00 1.500000000000000000e+00
1.669596830767766438e+00 1.500000000000000000e+00
1.670965370990891374e+00 1.500000000000000000e+00
1.681038744712342270e+00 1.500000000000000000e+00
1.695508572442236961e+00 1.500000000000000000e+00
1.717465531996811290e+00 1.500000000000000000e+00
1.722168680995704859e+00 1.500000000000000000e+00
1.728520362035503632e+00 1.500000000000000000e+00
1.734409912582403068e+00 1.500000000000000000e+00
1.765476671761430971e+00 1.500000000000000000e+00
1.778672623434613076e+00 1.500000000000000000e+00
1.793790959878080793e+00 1.500000000000000000e+00
1.798668671316173029e+00 1.500000000000000000e+00
1.805722505437748593e+00 1.500000000000000000e+00
1.811447815170284192e+00 1.500000000000000000e+00
1.824234919190979687e+00 1.500000000000000000e+00
1.827734321371549120e+00 1.500000000000000000e+00
1.836370270984178266e+00 1.500000000000000000e+00
1.844707332034817293e+00 1.500000000000000000e+00
1.855697584067932393e+00 1.500000000000000000e+00
1.880161352900349581e+00 1.500000000000000000e+00
1.891824147127432854e+00 1.500000000000000000e+00
1.906353119696897913e+00 1.500000000000000000e+00
1.914149946478147735e+00 1.500000000000000000e+00
1.928221054895260966e+00 1.500000000000000000e+00
1.930097777857214592e+00 1.500000000000000000e+00
1.943907584111124187e+00 1.500000000000000000e+00
1.959994489220682867e+00 1.500000000000000000e+00
1.973250435758906463e+00 1.500000000000000000e+00
1.991353612633595782e+00 1.500000000000000000e+00
1.994177015043215651e+00 1.500000000000000000e+00
2.000805244520445836e+00 1.500000000000000000e+00
2.008118703745937594e+00 1.500000000000000000e+00
2.013435089436088621e+00 1.500000000000000000e+00
2.028550294111406860e+00 1.500000000000000000e+00
2.061251909649173264e+00 1.500000000000000000e+00
2.075200630447082695e+00 1.500000000000000000e+00
2.080253050243435098e+00 1.500000000000000000e+00
2.085750527993574632e+00 1.500000000000000000e+00
2.092040431176263038e+00 1.500000000000000000e+00
2.107083595604222648e+00 1.500000000000000000e+00
2.112246983732151140e+00 1.500000000000000000e+00
2.114729372775974170e+00 1.500000000000000000e+00
2.136458639588187047e+00 1.500000000000000000e+00
2.145310304653271327e+00 1.500000000000000000e+00
2.149279998837306138e+00 1.500000000000000000e+00
2.172238931900636327e+00 1.500000000000000000e+00
2.192064602782152427e+00 1.500000000000000000e+00
2.228972844818516652e+00 1.500000000000000000e+00
2.244921076497799373e+00 1.500000000000000000e+00
2.246822764676210227e+00 1.500000000000000000e+00
2.273803960726185291e+00 1.500000000000000000e+00
2.279736834951306079e+00 1.500000000000000000e+00
2.285216124676801908e+00 1.500000000000000000e+00
2.300722254625874097e+00 1.500000000000000000e+00
2.323009955041376973e+00 1.500000000000000000e+00
2.330622713422620507e+00 1.500000000000000000e+00
2.341063152105439471e+00 1.500000000000000000e+00
2.356780602375920797e+00 1.500000000000000000e+00
2.375658989884126715e+00 1.500000000000000000e+00
2.396987379578765953e+00 1.500000000000000000e+00
2.411411494704378544e+00 1.500000000000000000e+00
2.422080401628685653e+00 1.500000000000000000e+00
2.424997831728808784e+00 1.500000000000000000e+00
2.445205805740387373e+00 1.500000000000000000e+00
2.487031537617447885e+00 1.500000000000000000e+00
2.489486666469265419e+00 1.500000000000000000e+00
2.499516916826817869e+00 1.500000000000000000e+00
2.529192230046114709e+00 1.500000000000000000e+00
2.539733479625585044e+00 1.500000000000000000e+00
2.558992316034148118e+00 1.500000000000000000e+00
2.586729677879902933e+00 1.500000000000000000e+00
2.589762001910248745e+00 1.500000000000000000e+00
2.602710630871228670e+00 1.500000000000000000e+00
2.626477017583069173e+00 1.500000000000000000e+00
2.639473126631074695e+00 1.500000000000000000e+00
2.679440733045074463e+00 1.500000000000000000e+00
2.707630021411743471e+00 1.500000000000000000e+00
2.714435434414824933e+00 1.500000000000000000e+00
2.739578059908700070e+00 1.500000000000000000e+00
2.763715480032211236e+00 1.500000000000000000e+00
2.795450843644848415e+00 1.500000000000000000e+00
2.844647862732820887e+00 1.500000000000000000e+00
2.861831120697744701e+00 1.500000000000000000e+00
2.870928428534702981e+00 1.500000000000000000e+00
2.884850297187161683e+00 1.500000000000000000e+00
2.901767516516090772e+00 1.500000000000000000e+00
2.910976846406787111e+00 1.500000000000000000e+00
2.927565791102558990e+00 1.500000000000000000e+00
2.938888811560629311e+00 1.500000000000000000e+00
2.959048928771240483e+00 1.500000000000000000e+00
2.968605310165085776e+00 1.500000000000000000e+00
3.005318959022725167e+00 1.500000000000000000e+00
3.078852096125817450e+00 1.500000000000000000e+00
3.106872436084950895e+00 1.500000000000000000e+00
3.132508991036923263e+00 1.500000000000000000e+00
3.176173897865642637e+00 1.500000000000000000e+00
3.201333545528810554e+00 1.500000000000000000e+00
3.253212512528038669e+00 1.500000000000000000e+00
3.266655078785607902e+00 1.500000000000000000e+00
3.307247752996774093e+00 1.500000000000000000e+00
3.324777212062594689e+00 1.500000000000000000e+00
3.376434672642738999e+00 1.500000000000000000e+00
3.417559140653987360e+00 1.500000000000000000e+00
3.448246068164820155e+00 1.500000000000000000e+00
3.466733845816114101e+00 1.500000000000000000e+00
3.522978211804503434e+00 1.500000000000000000e+00
3.572430054884653483e+00 1.500000000000000000e+00
3.615161418188526099e+00 1.500000000000000000e+00
3.773495065192953302e+00 1.500000000000000000e+00
3.807199544594522589e+00 1.500000000000000000e+00
3.835114715845030720e+00 1.500000000000000000e+00
3.908802956490869285e+00 1.500000000000000000e+00
3.940347126446016812e+00 1.500000000000000000e+00
3.977713725999688421e+00 1.500000000000000000e+00
4.106605033875264432e+00 1.500000000000000000e+00
4.371097707855022385e+00 1.500000000000000000e+00
4.409809627115699904e+00 1.500000000000000000e+00
4.581563883951448091e+00 1.500000000000000000e+00
4.986731833759009191e+00 1.500000000000000000e+00
-3.267477483545581762e+00 5.000000000000000000e-01
-3.108281875757147095e+00 5.000000000000000000e-01
-2.904064662003952968e+00 5.000000000000000000e-01
-2.768088486103190249e+00 5.000000000000000000e-01
-2.738724124653658887e+00 5.000000000000000000e-01
-2.566423650828731695e+00 5.000000000000000000e-01
-2.523637748612930221e+00 5.000000000000000000e-01
-2.456853414482824238e+00 5.000000000000000000e-01
-2.444886806238511845e+00 5.000000000000000000e-01
-2.345443659145385329e+00 5.000000000000000000e-01
-2.313862260696401663e+00 5.000000000000000000e-01
-2.279335837676065513e+00 5.000000000000000000e-01
-2.234690204075952202e+00 5.000000000000000000e-01
-2.186762916336724594e+00 5.000000000000000000e-01
-2.168725700517388333e+00 5.000000000000000000e-01
-2.145510569218608055e+00 5.000000000000000000e-01
-2.128010710517982851e+00 5.000000000000000000e-01
-2.093462947046545342e+00 5.000000000000000000e-01
-2.062635824936023266e+00 5.000000000000000000e-01
-2.000720372514411149e+00 5.000000000000000000e-01
-1.976138472657633427e+00 5.000000000000000000e-01
-1.948477024548518788e+00 5.000000000000000000e-01
-1.915515043542375562e+00 5.000000000000000000e-01
-1.894668804525685424e+00 5.000000000000000000e-01
-1.887982102688937625e+00 5.000000000000000000e-01
-1.862800772061702359e+00 5.000000000000000000e-01
-1.849966620226573877e+00 5.000000000000000000e-01
-1.795312986103531072e+00 5.000000000000000000e-01
-1.767147132962626710e+00 5.000000000000000000e-01
-1.737396949666021984e+00 5.000000000000000000e-01
-1.725400194985874380e+00 5.000000000000000000e-01
-1.690623168455041903e+00 5.000000000000000000e-01
-1.680610120197008728e+00 5.000000000000000000e-01
-1.669089092383892359e+00 5.000000000000000000e-01
-1.639941695749621786e+00 5.000000000000000000e-01
-1.628186742546298138e+00 5.000000000000000000e-01
-1.604875027823822409e+00 5.000000000000000000e-01
-1.591784544260829604e+00 5.000000000000000000e-01
-1.565005302780513752e+00 5.000000000000000000e-01
-1.539346113312850983e+00 5.000000000000000000e-01
-1.510173882779334287e+00 5.000000000000000000e-01
-1.478975467279291856e+00 5.000000000000000000e-01
-1.473157529552847178e+00 5.000000000000000000e-01
-1.461176522193737171e+00 5.000000000000000000e-01
-1.444854266435749768e+00 5.000000000000000000e-01
-1.437869750580656358e+00 5.000000000000000000e-01
-1.406366609522399891e+00 5.000000000000000000e-01
-1.403158423249085240e+00 5.000000000000000000e-01
-1.398094444702242312e+00 5.000000000000000000e-01
-1.367123495985063109e+00 5.000000000000000000e-01
-1.356047274031733529e+00 5.000000000000000000e-01
-1.328669098287704298e+00 5.000000000000000000e-01
-1.292910733358800579e+00 5.000000000000000000e-01
-1.289552410125784920e+00 5.000000000000000000e-01
-1.280418899019065915e+00 5.000000000000000000e-01
-1.265688644653141681e+00 5.000000000000000000e-01
-1.243376291103632125e+00 5.000000000000000000e-01
-1.231369358417473414e+00 5.000000000000000000e-01
-1.221797304938218920e+00 5.000000000000000000e-01
-1.196867919898691346e+00 5.000000000000000000e-01
-1.187528125731140083e+00 5.000000000000000000e-01
-1.177095646583500299e+00 5.000000000000000000e-01
-1.160846593016511497e+00 5.000000000000000000e-01
-1.157753523616465774e+00 5.000000000000000000e-01
-1.130443414891948661e+00 5.000000000000000000e-01
-1.128473074184884739e+00 5.000000000000000000e-01
-1.109461138278523329e+00 5.000000000000000000e-01
-1.090559146992633677e+00 5.000000000000000000e-01
-1.086647084630377957e+00 5.000000000000000000e-01
-1.066820772225694380e+00 5.000000000000000000e-01
-1.055330501887635553e+00 5.000000000000000000e-01
-1.032041192171754718e+00 5.000000000000000000e-01
-1.025539726687936914e+00 5.000000000000000000e-01
-1.016625389441765837e+00 5.000000000000000000e-01
-9.900086751733127022e-01 5.000000000000000000e-01
-9.733648644299847108e-01 5.000000000000000000e-01
-9.483504702016243293e-01 5.000000000000000000e-01
-9.387148038263843919e-01 5.000000000000000000e-01
-9.234724962966792683e-01 5.000000000000000000e-01
-9.151341730326166823e-01 5.000000000000000000e-01
-9.095299683672450897e-01 5.000000000000000000e-01
-8.956540466046699622e-01 5.000000000000000000e-01
-8.917446246056066617e-01 5.000000000000000000e-01
-8.796849866225665560e-01 5.000000000000000000e-01
-8.715613868681238996e-01 5.000000000000000000e-01
-8.545618177191204312e-01 5.000000000000000000e-01
-8.315754257394600835e-01 5.000000000000000000e-01
-8.201375431677019323e-01 5.000000000000000000e-01
-7.990014537104589420e-01 5.000000000000000000e-01
-7.901169354399617539e-01 5.000000000000000000e-01
-7.758771424746577772e-01 5.000000000000000000e-01
-7.537099466536116843e-01 5.000000000000000000e-01
-7.464141181768473299e-01 5.000000000000000000e-01
-7.329066459751488738e-01 5.000000000000000000e-01
-7.156028219789463130e-01 5.000000000000000000e-01
-7.013933615221352724e-01 5.000000000000000000e-01
-6.921413205342058506e-01 5.000000000000000000e-01
-6.830946293411076509e-01 5.000000000000000000e-01
-6.739650232223509674e-01 5.000000000000000000e-01
-6.666138149070106600e-01 5.000000000000000000e-01
-6.441284199268186850e-01 5.000000000000000000e-01
-6.372049902643565078e-01 5.000000000000000000e-01
-6.190174798990988325e-01 5.000000000000000000e-01
-5.925526081462727523e-01 5.000000000000000000e-01
-5.828015361069174283e-01 5.000000000000000000e-01
-5.729209562850356985e-01 5.000000000000000000e-01
-5.715219227022241277e-01 5.000000000000000000e-01
-5.695985095761774142e-01 5.000000000000000000e-01
-5.513061866852694282e-01 5.000000000000000000e-01
-5.396765528556513036e-01 5.000000000000000000e-01
-5.262350016793512220e-01 5.000000000000000000e-01
-5.098998155746438110e-01 5.000000000000000000e-01
-5.049328461046841410e-01 5.000000000000000000e-01
-4.901678607751199235e-01 5.000000000000000000e-01
-4.884598865443803284e-01 5.000000000000000000e-01
-4.776463807767099001e-01 5.000000000000000000e-01
-4.705744033276881289e-01 5.000000000000000000e-01
-4.553807526272713457e-01 5.000000000000000000e-01
-4.491743428022905715e-01 5.000000000000000000e-01
-4.335261505512104097e-01 5.000000000000000000e-01
-4.266515521090398222e-01 5.000000000000000000e-01
-4.229792055479015267e-01 5.000000000000000000e-01
-4.065040587819781503e-01 5.000000000000000000e-01
-3.934816692966681129e-01 5.000000000000000000e-01
-3.718929687728135813e-01 5.000000000000000000e-01
-3.690521125185771689e-01 5.000000000000000000e-01
-3.570123566448597519e-01 5.000000000000000000e-01
-3.407938348833265962e-01 5.000000000000000000e-01
-3.345031568505498765e-01 5.000000000000000000e-01
-3.207261899731450594e-01 5.000000000000000000e-01
-3.114119900652381756e-01 5.000000000000000000e-01
-2.964251246159100850e-01 5.000000000000000000e-01
-2.900654954437952293e-01 5.000000000000000000e-01
-2.862202608383419555e-01 5.000000000000000000e-01
-2.726621111554081711e-01 5.000000000000000000e-01
-2.726039500182217412e-01 5.000000000000000000e-01
-2.603161725638105106e-01 5.000000000000000000e-01
-2.401039282617944137e-01 5.000000000000000000e-01
-2.328727357007914223e-01 5.000000000000000000e-01
-2.273717737386241333e-01 5.000000000000000000e-01
-2.167587653508617485e-01 5.000000000000000000e-01
-2.082550449339092002e-01 5.000000000000000000e-01
-2.000993658661422703e-01 5.000000000000000000e-01
-1.862509995138059704e-01 5.000000000000000000e-01
-1.675728901439020035e-01 5.000000000000000000e-01
-1.534083996290158958e-01 5.000000000000000000e-01
-1.383955415660463872e-01 5.000000000000000000e-01
-1.315972398701570345e-01 5.000000000000000000e-01
-1.234281460874657871e-01 5.000000000000000000e-01
-1.188158304997389419e-01 5.000000000000000000e-01
-1.072659008288615878e-01 5.000000000000000000e-01
-9.503960147388984536e-02 5.000000000000000000e-01
-7.968336548889830284e-02 5.000000000000000000e-01
-7.655457659125269876e-02 5.000000000000000000e-01
-6.250575161618848741e-02 5.000000000000000000e-01
-5.876329247797566074e-02 5.000000000000000000e-01
-4.872794651738947963e-02 5.000000000000000000e-01
-3.596237114165291154e-02 5.000000000000000000e-01
-3.041271215134356415e-02 5.000000000000000000e-01
-2.187445583835372076e-02 5.000000000000000000e-01
-1.607244289585375158e-02 5.000000000000000000e-01
-5.232563667844566946e-03 5.000000000000000000e-01
2.891907027737895299e-03 5.000000000000000000e-01
1.168035771182080428e-02 5.000000000000000000e-01
2.266137819988421620e-02 5.000000000000000000e-01
3.293971756584022220e-02 5.000000000000000000e-01
3.859621248140847338e-02 5.000000000000000000e-01
5.003112189823343686e-02 5.000000000000000000e-01
6.426512945737311577e-02 5.000000000000000000e-01
7.492443568685148991e-02 5.000000000000000000e-01
8.200071643261001852e-02 5.000000000000000000e-01
8.859511259194746691e-02 5.000000000000000000e-01
9.403819481123153190e-02 5.000000000000000000e-01
1.077227637529168947e-01 5.000000000000000000e-01
1.219969286649280477e-01 5.000000000000000000e-01
1.255707593358093566e-01 5.000000000000000000e-01
1.428565781693816317e-01 5.000000000000000000e-01
1.568661944758991122e-01 5.000000000000000000e-01
1.632841690130215351e-01 5.000000000000000000e-01
1.722664758983915856e-01 5.000000000000000000e-01
1.807446053568553257e-01 5.000000000000000000e-01
1.983704754702707296e-01 5.000000000000000000e-01
2.069255915882901586e-01 5.000000000000000000e-01
2.274983893394823820e-01 5.000000000000000000e-01
2.344052910732012940e-01 5.000000000000000000e-01
2.404953675040114591e-01 5.000000000000000000e-01
2.429342299852923492e-01 5.000000000000000000e-01
2.480687911955635483e-01 5.000000000000000000e-01
2.526244407802659131e-01 5.000000000000000000e-01
2.706215358520848713e-01 5.000000000000000000e-01
2.820951141605661516e-01 5.000000000000000000e-01
2.907089292238164702e-01 5.000000000000000000e-01
2.977104443293189240e-01 5.000000000000000000e-01
3.085763209821809072e-01 5.000000000000000000e-01
3.159430700302923167e-01 5.000000000000000000e-01
3.188135111357425222e-01 5.000000000000000000e-01
3.349174198412639969e-01 5.000000000000000000e-01
3.524020310592411720e-01 5.000000000000000000e-01
3.597238390699429300e-01 5.000000000000000000e-01
3.703618019836157349e-01 5.000000000000000000e-01
3.779273265791560088e-01 5.000000000000000000e-01
4.010284781920931962e-01 5.000000000000000000e-01
4.095540143000249711e-01 5.000000000000000000e-01
4.119612842088191673e-01 5.000000000000000000e-01
4.190564682025535448e-01 5.000000000000000000e-01
4.306768145874582676e-01 5.000000000000000000e-01
4.391535451405565449e-01 5.000000000000000000e-01
4.515571269912856955e-01 5.000000000000000000e-01
4.535441913344228637e-01 5.000000000000000000e-01
4.614235974502471360e-01 5.000000000000000000e-01
4.741324273207969675e-01 5.000000000000000000e-01
4.912633402863605392e-01 5.000000000000000000e-01
5.020163751905869498e-01 5.000000000000000000e-01
5.069690922915024434e-01 5.000000000000000000e-01
5.120275038962796010e-01 5.000000000000000000e-01
5.198270306399664920e-01 5.000000000000000000e-01
5.410765276457696338e-01 5.000000000000000000e-01
5.478774014377353341e-01 5.000000000000000000e-01
5.550225782424048626e-01 5.000000000000000000e-01
5.685662359002406907e-01 5.000000000000000000e-01
5.796090956308966868e-01 5.000000000000000000e-01
5.899939948326070605e-01 5.000000000000000000e-01
6.018577899876664805e-01 5.000000000000000000e-01
6.056361285211182555e-01 5.000000000000000000e-01
6.252373558548680599e-01 5.000000000000000000e-01
6.286218134458209095e-01 5.000000000000000000e-01
6.391033506196818204e-01 5.000000000000000000e-01
6.472626520386266513e-01 5.000000000000000000e-01
6.531725134528446608e-01 5.000000000000000000e-01
6.622553455572769421e-01 5.000000000000000000e-01
6.681551852653760948e-01 5.000000000000000000e-01
6.692066225712455241e-01 5.000000000000000000e-01
6.850619002425194504e-01 5.000000000000000000e-01
6.946961571487842990e-01 5.000000000000000000e-01
7.151992182135537002e-01 5.000000000000000000e-01
7.244012427098768248e-01 5.000000000000000000e-01
7.341057963813023557e-01 5.000000000000000000e-01
7.416290017751687724e-01 5.000000000000000000e-01
7.582283243750264079e-01 5.000000000000000000e-01
7.623566668803120061e-01 5.000000000000000000e-01
7.694656957935684938e-01 5.000000000000000000e-01
7.799049211027632156e-01 5.000000000000000000e-01
7.859472027483335177e-01 5.000000000000000000e-01
7.944274051906757839e-01 5.000000000000000000e-01
8.062977425706785439e-01 5.000000000000000000e-01
8.152996223801680653e-01 5.000000000000000000e-01
8.195229612998030655e-01 5.000000000000000000e-01
8.282275479800029760e-01 5.000000000000000000e-01
8.406884270557842820e-01 5.000000000000000000e-01
8.567772236001731656e-01 5.000000000000000000e-01
8.781410702517664646e-01 5.000000000000000000e-01
8.804977859779197225e-01 5.000000000000000000e-01
8.950205760672059752e-01 5.000000000000000000e-01
9.041275609118399892e-01 5.000000000000000000e-01
9.112357682319378593e-01 5.000000000000000000e-01
9.204668306837873182e-01 5.000000000000000000e-01
9.244160735988573574e-01 5.000000000000000000e-01
9.426584049499345808e-01 5.000000000000000000e-01
9.487026312835012964e-01 5.000000000000000000e-01
9.609669599593630984e-01 5.000000000000000000e-01
9.656807922032567548e-01 5.000000000000000000e-01
9.889281203972848378e-01 5.000000000000000000e-01
1.003287738668609430e+00 5.000000000000000000e-01
1.010715704256805791e+00 5.000000000000000000e-01
1.014512457696421510e+00 5.000000000000000000e-01
1.022825837091398515e+00 5.000000000000000000e-01
1.042942544468197896e+00 5.000000000000000000e-01
1.052578035328268768e+00 5.000000000000000000e-01
1.064328441701779315e+00 5.000000000000000000e-01
1.078782392828023351e+00 5.000000000000000000e-01
1.087792649689576674e+00 5.000000000000000000e-01
1.096875145115660644e+00 5.000000000000000000e-01
1.101981629814592800e+00 5.000000000000000000e-01
1.115667907068685238e+00 5.000000000000000000e-01
1.118250091819296133e+00 5.000000000000000000e-01
1.128472986772584896e+00 5.000000000000000000e-01
1.145017709266499484e+00 5.000000000000000000e-01
1.151833380643951132e+00 5.000000000000000000e-01
1.173507853398609413e+00 5.000000000000000000e-01
1.176179303870457993e+00 5.000000000000000000e-01
1.178626232104915461e+00 5.000000000000000000e-01
1.184753395639768003e+00 5.000000000000000000e-01
1.199839820726298134e+00 5.000000000000000000e-01
1.216317639741178347e+00 5.000000000000000000e-01
1.220312108194282041e+00 5.000000000000000000e-01
1.252464635251402392e+00 5.000000000000000000e-01
1.267579050899088067e+00 5.000000000000000000e-01
1.273828994262698355e+00 5.000000000000000000e-01
1.277897205598681474e+00 5.000000000000000000e-01
1.282669423912580431e+00 5.000000000000000000e-01
1.304888178890928341e+00 5.000000000000000000e-01
1.329591387644574407e+00 5.000000000000000000e-01
1.333799498523525751e+00 5.000000000000000000e-01
1.342705563944707636e+00 5.000000000000000000e-01
1.349986828828525720e+00 5.000000000000000000e-01
1.358103545557343139e+00 5.000000000000000000e-01
1.372266173291673663e+00 5.000000000000000000e-01
1.382808788703467240e+00 5.000000000000000000e-01
1.390447270249075773e+00 5.000000000000000000e-01
1.405247643687547399e+00 5.000000000000000000e-01
1.408027119129214189e+00 5.000000000000000000e-01
1.438483930098058972e+00 5.000000000000000000e-01
1.446596823123953879e+00 5.000000000000000000e-01
1.449868323192479602e+00 5.000000000000000000e-01
1.453456857234844746e+00 5.000000000000000000e-01
1.464586539779400676e+00 5.000000000000000000e-01
1.481830746923524345e+00 5.000000000000000000e-01
1.493178054669642707e+00 5.000000000000000000e-01
1.507250411547122360e+00 5.000000000000000000e-01
1.535185500057739238e+00 5.000000000000000000e-01
1.539085192404725522e+00 5.000000000000000000e-01
1.551929855547545811e+00 5.000000000000000000e-01
1.563296153594740501e+00 5.000000000000000000e-01
1.571993420385450868e+00 5.000000000000000000e-01
1.590378760130279234e+00 5.000000000000000000e-01
1.600166167135601114e+00 5.000000000000000000e-01
1.614502871877518508e+00 5.000000000000000000e-01
1.620311751985914039e+00 5.000000000000000000e-01
1.625303328162996941e+00 5.000000000000000000e-01
1.632115716398640615e+00 5.000000000000000000e-01
1.658461401680074054e+00 5.000000000000000000e-01
1.661951243984900906e+00 5.000000000000000000e-01
1.669791928304102946e+00 5.000000000000000000e-01
1.676475163677406677e+00 5.000000000000000000e-01
1.687451433933435441e+00 5.000000000000000000e-01
1.698463858629964740e+00 5.000000000000000000e-01
1.718784474183864042e+00 5.000000000000000000e-01
1.742218475547369305e+00 5.000000000000000000e-01
1.747405024377184590e+00 5.000000000000000000e-01
1.761643162085474446e+00 5.000000000000000000e-01
1.774316737447194869e+00 5.000000000000000000e-01
1.779096186834894455e+00 5.000000000000000000e-01
1.794954693143513413e+00 5.000000000000000000e-01
1.796294129340939794e+00 5.000000000000000000e-01
1.820046454559619331e+00 5.000000000000000000e-01
1.850238710327596570e+00 5.000000000000000000e-01
1.870630912325423001e+00 5.000000000000000000e-01
1.873960065171559108e+00 5.000000000000000000e-01
1.878219473941139528e+00 5.000000000000000000e-01
1.899950094304057036e+00 5.000000000000000000e-01
1.909993232813298913e+00 5.000000000000000000e-01
1.949840264982802163e+00 5.000000000000000000e-01
1.963727611351280933e+00 5.000000000000000000e-01
1.967385819180921258e+00 5.000000000000000000e-01
1.977791778950834134e+00 5.000000000000000000e-01
1.992192633793910428e+00 5.000000000000000000e-01
2.004102845532907740e+00 5.000000000000000000e-01
2.012192668801867423e+00 5.000000000000000000e-01
2.026092423183024405e+00 5.000000000000000000e-01
2.038529802070866204e+00 5.000000000000000000e-01
2.048228385835104692e+00 5.000000000000000000e-01
2.079542529199868817e+00 5.000000000000000000e-01
2.087464594680353613e+00 5.000000000000000000e-01
2.109979077276510129e+00 5.000000000000000000e-01
2.134489724255326681e+00 5.000000000000000000e-01
2.146257111653742555e+00 5.000000000000000000e-01
2.172248669754052397e+00 5.000000000000000000e-01
2.184444875703064337e+00 5.000000000000000000e-01
2.194156301844739421e+00 5.000000000000000000e-01
2.215560130262562488e+00 5.000000000000000000e-01
2.229193985794374555e+00 5.000000000000000000e-01
2.236666953264289326e+00 5.000000000000000000e-01
2.255542326575949108e+00 5.000000000000000000e-01
2.260381080057050962e+00 5.000000000000000000e-01
2.287083639605887786e+00 5.000000000000000000e-01
2.296676202077855944e+00 5.000000000000000000e-01
2.304630382731955418e+00 5.000000000000000000e-01
2.316144770804786646e+00 5.000000000000000000e-01
2.347059264678630353e+00 5.000000000000000000e-01
2.362111785532204244e+00 5.000000000000000000e-01
2.376564030738721467e+00 5.000000000000000000e-01
2.389879084789994668e+00 5.000000000000000000e-01
2.421971959119831208e+00 5.000000000000000000e-01
2.441466239985036424e+00 5.000000000000000000e-01
2.461918020274559638e+00 5.000000000000000000e-01
2.480261193068927561e+00 5.000000000000000000e-01
2.495015877123504033e+00 5.000000000000000000e-01
2.518104290756546515e+00 5.000000000000000000e-01
2.524420325711700830e+00 5.000000000000000000e-01
2.547127529908260080e+00 5.000000000000000000e-01
2.581826706509456670e+00 5.000000000000000000e-01
2.585825345976977552e+00 5.000000000000000000e-01
2.607357509142246954e+00 5.000000000000000000e-01
2.643140356389546142e+00 5.000000000000000000e-01
2.657179061014265820e+00 5.000000000000000000e-01
2.682874882133752692e+00 5.000000000000000000e-01
2.708610575668218168e+00 5.000000000000000000e-01
2.743620561379438438e+00 5.000000000000000000e-01
2.764865035153742046e+00 5.000000000000000000e-01
2.790902092211636099e+00 5.000000000000000000e-01
2.819530583807536850e+00 5.000000000000000000e-01
2.850807960373327177e+00 5.000000000000000000e-01
2.863088609385822103e+00 5.000000000000000000e-01
2.874870408361358542e+00 5.000000000000000000e-01
2.896708863993076921e+00 5.000000000000000000e-01
2.925533436048959324e+00 5.000000000000000000e-01
2.969727263790279181e+00 5.000000000000000000e-01
2.999431770812149178e+00 5.000000000000000000e-01
3.019524285734807023e+00 5.000000000000000000e-01
3.054725097069940887e+00 5.000000000000000000e-01
3.071097333016669317e+00 5.000000000000000000e-01
3.088342738467614090e+00 5.000000000000000000e-01
3.130484105021415608e+00 5.000000000000000000e-01
3.187201666933118904e+00 5.000000000000000000e-01
3.206361679729940573e+00 5.000000000000000000e-01
3.250970542403128327e+00 5.000000000000000000e-01
3.258370740393524034e+00 5.000000000000000000e-01
3.312230455394015394e+00 5.000000000000000000e-01
3.361942970113352747e+00 5.000000000000000000e-01
3.394678079329658704e+00 5.000000000000000000e-01
3.430632547587305847e+00 5.000000000000000000e-01
3.476873295131119868e+00 5.000000000000000000e-01
3.509126334111138945e+00 5.000000000000000000e-01
3.544258129149681302e+00 5.000000000000000000e-01
3.653040691022143793e+00 5.000000000000000000e-01
3.682900731275376760e+00 5.000000000000000000e-01
3.733986398262843842e+00 5.000000000000000000e-01
3.738395183408962374e+00 5.000000000000000000e-01
3.882044698510081382e+00 5.000000000000000000e-01
3.908771556038732609e+00 5.000000000000000000e-01
3.949158564662280213e+00 5.000000000000000000e-01
4.039087820089811487e+00 5.000000000000000000e-01
4.135037043402390644e+00 5.000000000000000000e-01
4.186530766194726638e+00 5.000000000000000000e-01
4.394931228922122735e+00 5.000000000000000000e-01
4.407839023492448050e+00 5.000000000000000000e-01
4.772871989471148879e+00 5.000000000000000000e-01
4.940005803808395157e+00 5.000000000000000000e-01
5.421737295501690923e+00 5.000000000000000000e-01
