# Runtime: 14.719775438308716
-2.000000000000000888e+00 5.500000000000000000e+00
-2.669086094443174240e+00 4.500000000000000000e+00
-1.951253608526549943e+00 4.500000000000000000e+00
-1.776889415585023446e+00 4.500000000000000000e+00
-1.605062247241338280e+00 4.500000000000000000e+00
-1.403114647407796012e+00 4.500000000000000000e+00
-1.030829961988529719e+00 4.500000000000000000e+00
-6.464971317067094159e-01 4.500000000000000000e+00
-5.373833450707149462e-01 4.500000000000000000e+00
-3.012783868717258118e-01 4.500000000000000000e+00
-7.860516115844953799e-02 4.500000000000000000e+00
-2.734771093642633044e+00 3.500000000000000000e+00
-2.584922601041322654e+00 3.500000000000000000e+00
-2.319066044312267927e+00 3.500000000000000000e+00
-1.943957665040793481e+00 3.500000000000000000e+00
-1.898651317772538372e+00 3.500000000000000000e+00
-1.879650488358566740e+00 3.500000000000000000e+00
-1.735273360216754934e+00 3.500000000000000000e+00
-1.567237382821347280e+00 3.500000000000000000e+00
-1.529500069785527883e+00 3.500000000000000000e+00
-1.525445602519969857e+00 3.500000000000000000e+00
-1.388727596288485522e+00 3.500000000000000000e+00
-1.335098581408738827e+00 3.500000000000000000e+00
-1.252400164645224967e+00 3.500000000000000000e+00
-1.143606801931842387e+00 3.500000000000000000e+00
-1.103275632481841351e+00 3.500000000000000000e+00
-1.074525815633739834e+00 3.500000000000000000e+00
-9.703037908870077999e-01 3.500000000000000000e+00
-9.080732253162793199e-01 3.500000000000000000e+00
-8.271155338006555002e-01 3.500000000000000000e+00
-7.252230024360125649e-01 3.500000000000000000e+00
-6.577002525715708314e-01 3.500000000000000000e+00
-5.846998463463408680e-01 3.500000000000000000e+00
-5.500943188266064210e-01 3.500000000000000000e+00
-4.728345323919770360e-01 3.500000000000000000e+00
-3.221350907128448515e-01 3.500000000000000000e+00
-2.745738772136379624e-01 3.500000000000000000e+00
-2.262874713850114849e-01 3.500000000000000000e+00
-1.836470770253600948e-01 3.500000000000000000e+00
-7.982952686455827213e-05 3.500000000000000000e+00
1.104895125498054319e-02 3.500000000000000000e+00
4.798864051422283006e-02 3.500000000000000000e+00
1.416966631956403655e-01 3.500000000000000000e+00
1.577651920058533441e-01 3.500000000000000000e+00
2.420288833288404828e-01 3.500000000000000000e+00
3.881549006971715676e-01 3.500000000000000000e+00
4.251337809249028377e-01 3.500000000000000000e+00
5.132093842131137951e-01 3.500000000000000000e+00
7.508038594884969275e-01 3.500000000000000000e+00
8.126275965893503539e-01 3.500000000000000000e+00
9.414557510048000566e-01 3.500000000000000000e+00
1.155242580106923711e+00 3.500000000000000000e+00
1.183689582138770069e+00 3.500000000000000000e+00
1.379063186363316484e+00 3.500000000000000000e+00
1.568969114515366581e+00 3.500000000000000000e+00
-2.769038627468759284e+00 2.500000000000000000e+00
-2.629799365535741895e+00 2.500000000000000000e+00
-2.489052557819244171e+00 2.500000000000000000e+00
-2.360974112752058041e+00 2.500000000000000000e+00
-2.246772738797113256e+00 2.500000000000000000e+00
-1.998665355890531847e+00 2.500000000000000000e+00
-1.988165353332693952e+00 2.500000000000000000e+00
-1.841260080725919623e+00 2.500000000000000000e+00
-1.827489917682319387e+00 2.500000000000000000e+00
-1.784688162341368178e+00 2.500000000000000000e+00
-1.773386025734077442e+00 2.500000000000000000e+00
-1.691369654979073767e+00 2.500000000000000000e+00
-1.585855511089592662e+00 2.500000000000000000e+00
-1.539209068625503551e+00 2.500000000000000000e+00
-1.530918692964648775e+00 2.500000000000000000e+00
-1.474814478926979033e+00 2.500000000000000000e+00
-1.398959007934222232e+00 2.500000000000000000e+00
-1.397214054791445559e+00 2.500000000000000000e+00
-1.320184698798010814e+00 2.500000000000000000e+00
-1.269002325916765983e+00 2.500000000000000000e+00
-1.235335101140097036e+00 2.500000000000000000e+00
-1.192705523784949317e+00 2.500000000000000000e+00
-1.174892364995772098e+00 2.500000000000000000e+00
-1.098703458955052170e+00 2.500000000000000000e+00
-1.049541380530134793e+00 2.500000000000000000e+00
-1.028944177427012052e+00 2.500000000000000000e+00
-9.855885938558495152e-01 2.500000000000000000e+00
-9.473811481379076360e-01 2.500000000000000000e+00
-9.376884445465200058e-01 2.500000000000000000e+00
-9.052797372900042161e-01 2.500000000000000000e+00
-8.848995093841616200e-01 2.500000000000000000e+00
-8.474547751840304510e-01 2.500000000000000000e+00
-8.009375204122252123e-01 2.500000000000000000e+00
-7.470953285088730578e-01 2.500000000000000000e+00
-7.102749901624927364e-01 2.500000000000000000e+00
-6.735809925932004782e-01 2.500000000000000000e+00
-6.537450843611346540e-01 2.500000000000000000e+00
-6.180381109318952015e-01 2.500000000000000000e+00
-5.852411570404018049e-01 2.500000000000000000e+00
-5.481154587892074215e-01 2.500000000000000000e+00
-5.075562956769961165e-01 2.500000000000000000e+00
-4.995929489388559741e-01 2.500000000000000000e+00
-4.833009894934411910e-01 2.500000000000000000e+00
-4.506326597440122317e-01 2.500000000000000000e+00
-4.014520249807882468e-01 2.500000000000000000e+00
-3.446689639280908768e-01 2.500000000000000000e+00
-2.979313616562612177e-01 2.500000000000000000e+00
-2.720049053627485725e-01 2.500000000000000000e+00
-2.223872939232838519e-01 2.500000000000000000e+00
-2.206366120769311101e-01 2.500000000000000000e+00
-1.725144708906438951e-01 2.500000000000000000e+00
-1.438297373909572241e-01 2.500000000000000000e+00
-1.317975966412302802e-01 2.500000000000000000e+00
-1.048168454454097009e-01 2.500000000000000000e+00
-6.572612034329879116e-02 2.500000000000000000e+00
-2.043985406014708212e-02 2.500000000000000000e+00
5.302877925379597714e-03 2.500000000000000000e+00
3.036470707012777284e-02 2.500000000000000000e+00
8.058145769508749667e-02 2.500000000000000000e+00
8.765900608105962888e-02 2.500000000000000000e+00
9.493878695284554969e-02 2.500000000000000000e+00
1.224246102223534027e-01 2.500000000000000000e+00
1.611118265834161623e-01 2.500000000000000000e+00
1.875720235622993781e-01 2.500000000000000000e+00
2.266823052964699048e-01 2.500000000000000000e+00
2.386535966446354518e-01 2.500000000000000000e+00
2.797547763575641833e-01 2.500000000000000000e+00
3.159884867101341310e-01 2.500000000000000000e+00
3.356997226156985259e-01 2.500000000000000000e+00
3.650434824979835735e-01 2.500000000000000000e+00
4.065363670047311140e-01 2.500000000000000000e+00
4.473004570903636457e-01 2.500000000000000000e+00
4.698420109620281004e-01 2.500000000000000000e+00
5.042900383984333379e-01 2.500000000000000000e+00
5.255077104674973354e-01 2.500000000000000000e+00
5.821045672179635533e-01 2.500000000000000000e+00
6.089775919675570748e-01 2.500000000000000000e+00
6.346801440251819137e-01 2.500000000000000000e+00
6.520787242244959758e-01 2.500000000000000000e+00
7.165975504636743487e-01 2.500000000000000000e+00
7.840412723872850487e-01 2.500000000000000000e+00
7.946664252963185904e-01 2.500000000000000000e+00
7.992961420651629734e-01 2.500000000000000000e+00
8.733608689613333587e-01 2.500000000000000000e+00
9.088621979215230073e-01 2.500000000000000000e+00
9.601205409463012819e-01 2.500000000000000000e+00
9.986046653200532086e-01 2.500000000000000000e+00
1.066319116277461898e+00 2.500000000000000000e+00
1.093578318822302942e+00 2.500000000000000000e+00
1.201876050449034006e+00 2.500000000000000000e+00
1.234894552934545642e+00 2.500000000000000000e+00
1.258052435173269368e+00 2.500000000000000000e+00
1.329763813548966667e+00 2.500000000000000000e+00
1.350643499088275190e+00 2.500000000000000000e+00
1.484883032177247264e+00 2.500000000000000000e+00
1.514542027453333661e+00 2.500000000000000000e+00
1.555876189852759550e+00 2.500000000000000000e+00
1.595179547914224560e+00 2.500000000000000000e+00
1.612413946407350140e+00 2.500000000000000000e+00
1.708887859067531823e+00 2.500000000000000000e+00
1.780540474891437963e+00 2.500000000000000000e+00
1.806403788939618060e+00 2.500000000000000000e+00
1.960054289817695139e+00 2.500000000000000000e+00
1.968557933688235728e+00 2.500000000000000000e+00
2.185029045169359030e+00 2.500000000000000000e+00
2.229382015143124285e+00 2.500000000000000000e+00
2.395497734104960585e+00 2.500000000000000000e+00
2.628587137689562425e+00 2.500000000000000000e+00
2.697745883190401095e+00 2.500000000000000000e+00
3.024197697954431163e+00 2.500000000000000000e+00
-2.650963776764318158e+00 1.500000000000000000e+00
-2.510320373989491483e+00 1.500000000000000000e+00
-2.382489858029196661e+00 1.500000000000000000e+00
-2.374316345021005414e+00 1.500000000000000000e+00
-2.272715088862636179e+00 1.500000000000000000e+00
-2.159032750501256093e+00 1.500000000000000000e+00
-2.035767940876900273e+00 1.500000000000000000e+00
-2.012565156714275272e+00 1.500000000000000000e+00
-1.846093466645664982e+00 1.500000000000000000e+00
-1.833390702607552436e+00 1.500000000000000000e+00
-1.777124680468317397e+00 1.500000000000000000e+00
-1.716680303725059753e+00 1.500000000000000000e+00
-1.678579177227401686e+00 1.500000000000000000e+00
-1.642987253358999977e+00 1.500000000000000000e+00
-1.608617964649396992e+00 1.500000000000000000e+00
-1.515990663178078623e+00 1.500000000000000000e+00
-1.502382758142550179e+00 1.500000000000000000e+00
-1.451959226902197475e+00 1.500000000000000000e+00
-1.426678732063319410e+00 1.500000000000000000e+00
-1.400734875505291965e+00 1.500000000000000000e+00
-1.308706331042289728e+00 1.500000000000000000e+00
-1.263618417524822402e+00 1.500000000000000000e+00
-1.249540329763491053e+00 1.500000000000000000e+00
-1.206649162155873700e+00 1.500000000000000000e+00
-1.193564198172793800e+00 1.500000000000000000e+00
-1.167364375398750598e+00 1.500000000000000000e+00
-1.112772332401329889e+00 1.500000000000000000e+00
-1.084000100067088024e+00 1.500000000000000000e+00
-1.051050613931110655e+00 1.500000000000000000e+00
-1.034729482154315594e+00 1.500000000000000000e+00
-1.010800495052006642e+00 1.500000000000000000e+00
-9.840276313128751839e-01 1.500000000000000000e+00
-9.640229784759605236e-01 1.500000000000000000e+00
-9.471691670260546925e-01 1.500000000000000000e+00
-9.079143203167289178e-01 1.500000000000000000e+00
-8.696233783799280914e-01 1.500000000000000000e+00
-8.300321991138391864e-01 1.500000000000000000e+00
-8.182375680298168419e-01 1.500000000000000000e+00
-7.882439164821953836e-01 1.500000000000000000e+00
-7.550488019231222925e-01 1.500000000000000000e+00
-7.166774373281594723e-01 1.500000000000000000e+00
-6.960752919565741381e-01 1.500000000000000000e+00
-6.770831606046139317e-01 1.500000000000000000e+00
-6.455169040567096950e-01 1.500000000000000000e+00
-6.357308609357585905e-01 1.500000000000000000e+00
-5.742937449534827321e-01 1.500000000000000000e+00
-5.487354803749862064e-01 1.500000000000000000e+00
-5.173345499904212774e-01 1.500000000000000000e+00
-4.967367768547685802e-01 1.500000000000000000e+00
-4.761554788436643260e-01 1.500000000000000000e+00
-4.436018776881515691e-01 1.500000000000000000e+00
-4.073760435144447856e-01 1.500000000000000000e+00
-3.843575970295570188e-01 1.500000000000000000e+00
-3.683605297321264627e-01 1.500000000000000000e+00
-3.606442867103363814e-01 1.500000000000000000e+00
-3.276315584504043699e-01 1.500000000000000000e+00
-3.002957875619542971e-01 1.500000000000000000e+00
-2.751402826629459342e-01 1.500000000000000000e+00
-2.435402240236509697e-01 1.500000000000000000e+00
-2.268527523453883199e-01 1.500000000000000000e+00
-2.005327133864835687e-01 1.500000000000000000e+00
-1.891260540123509692e-01 1.500000000000000000e+00
-1.733821482214167320e-01 1.500000000000000000e+00
-1.433421651167388899e-01 1.500000000000000000e+00
-1.355705864452241283e-01 1.500000000000000000e+00
-7.851297924158280594e-02 1.500000000000000000e+00
-5.335531495986617356e-02 1.500000000000000000e+00
-3.596856810772790236e-02 1.500000000000000000e+00
-2.232669031748249835e-02 1.500000000000000000e+00
-8.278460949170174388e-03 1.500000000000000000e+00
1.815633117821582876e-02 1.500000000000000000e+00
6.730094930365959627e-02 1.500000000000000000e+00
7.477825127335180344e-02 1.500000000000000000e+00
9.392464108552898983e-02 1.500000000000000000e+00
1.057349791105893499e-01 1.500000000000000000e+00
1.448657558997181183e-01 1.500000000000000000e+00
1.518342110171698733e-01 1.500000000000000000e+00
1.747501810376013154e-01 1.500000000000000000e+00
1.825301688275690337e-01 1.500000000000000000e+00
1.944634475706069898e-01 1.500000000000000000e+00
1.981584479978853730e-01 1.500000000000000000e+00
2.739804216308552864e-01 1.500000000000000000e+00
2.921925233681309519e-01 1.500000000000000000e+00
3.045682175205637332e-01 1.500000000000000000e+00
3.281849190066244426e-01 1.500000000000000000e+00
3.575072070252737766e-01 1.500000000000000000e+00
3.630620324633659357e-01 1.500000000000000000e+00
3.939442449697526105e-01 1.500000000000000000e+00
4.126683469292066198e-01 1.500000000000000000e+00
4.302080692556422559e-01 1.500000000000000000e+00
4.385357298138832793e-01 1.500000000000000000e+00
4.815972430964326478e-01 1.500000000000000000e+00
5.404949044044456974e-01 1.500000000000000000e+00
5.536159746971687223e-01 1.500000000000000000e+00
5.675568451687137417e-01 1.500000000000000000e+00
5.840323987955327034e-01 1.500000000000000000e+00
5.915506691930014771e-01 1.500000000000000000e+00
5.992059588557601124e-01 1.500000000000000000e+00
6.369448168097703311e-01 1.500000000000000000e+00
6.581881687813517789e-01 1.500000000000000000e+00
7.041398802596426920e-01 1.500000000000000000e+00
7.147519851427786008e-01 1.500000000000000000e+00
7.324132527744413590e-01 1.500000000000000000e+00
7.726101362543116302e-01 1.500000000000000000e+00
8.075183202201681176e-01 1.500000000000000000e+00
8.256315071936061178e-01 1.500000000000000000e+00
8.646262243918884094e-01 1.500000000000000000e+00
8.910109518591085020e-01 1.500000000000000000e+00
9.322728730200124936e-01 1.500000000000000000e+00
9.402682322204295451e-01 1.500000000000000000e+00
9.587238444671983828e-01 1.500000000000000000e+00
9.750806166419905274e-01 1.500000000000000000e+00
1.001580282357625640e+00 1.500000000000000000e+00
1.009709740240961162e+00 1.500000000000000000e+00
1.024516496355130535e+00 1.500000000000000000e+00
1.065748013492680668e+00 1.500000000000000000e+00
1.092440997848359796e+00 1.500000000000000000e+00
1.132223492724367508e+00 1.500000000000000000e+00
1.144050155456607598e+00 1.500000000000000000e+00
1.171425844808254846e+00 1.500000000000000000e+00
1.234905951471131580e+00 1.500000000000000000e+00
1.267284712736502117e+00 1.500000000000000000e+00
1.282482040220739528e+00 1.500000000000000000e+00
1.320174769501434309e+00 1.500000000000000000e+00
1.363168608272852911e+00 1.500000000000000000e+00
1.371988201693864484e+00 1.500000000000000000e+00
1.404698925146176558e+00 1.500000000000000000e+00
1.438439279853576336e+00 1.500000000000000000e+00
1.456987995317967854e+00 1.500000000000000000e+00
1.482992173468112629e+00 1.500000000000000000e+00
1.505601482841079530e+00 1.500000000000000000e+00
1.547850615248084871e+00 1.500000000000000000e+00
1.590372905598166131e+00 1.500000000000000000e+00
1.603194426110870596e+00 1.500000000000000000e+00
1.612588818963776260e+00 1.500000000000000000e+00
1.634052828416812098e+00 1.500000000000000000e+00
1.684937748121687173e+00 1.500000000000000000e+00
1.738339541385573339e+00 1.500000000000000000e+00
1.761838971003463206e+00 1.500000000000000000e+00
1.780358118188221761e+00 1.500000000000000000e+00
1.869353637136742963e+00 1.500000000000000000e+00
1.890904741093687447e+00 1.500000000000000000e+00
1.893332305949032568e+00 1.500000000000000000e+00
1.931615510740992914e+00 1.500000000000000000e+00
1.993088387998640965e+00 1.500000000000000000e+00
1.996083443793313039e+00 1.500000000000000000e+00
2.111373666304380947e+00 1.500000000000000000e+00
2.130879048495554429e+00 1.500000000000000000e+00
2.167568124985543854e+00 1.500000000000000000e+00
2.183635039551885981e+00 1.500000000000000000e+00
2.255717236403322001e+00 1.500000000000000000e+00
2.363587378524338423e+00 1.500000000000000000e+00
2.373043830197396620e+00 1.500000000000000000e+00
2.434458619500626142e+00 1.500000000000000000e+00
2.557081900209415615e+00 1.500000000000000000e+00
2.580698622218648097e+00 1.500000000000000000e+00
2.751290372214306501e+00 1.500000000000000000e+00
2.819128180271939677e+00 1.500000000000000000e+00
2.961002095940509005e+00 1.500000000000000000e+00
2.993341853084181103e+00 1.500000000000000000e+00
3.138691919935782781e+00 1.500000000000000000e+00
3.212031870054038674e+00 1.500000000000000000e+00
3.248809282008394028e+00 1.500000000000000000e+00
3.653407506588891795e+00 1.500000000000000000e+00
4.141381609754942517e+00 1.500000000000000000e+00
-2.518293561712431128e+00 5.000000000000000000e-01
-2.369743077092844263e+00 5.000000000000000000e-01
-2.286714549383017214e+00 5.000000000000000000e-01
-2.207914211416549755e+00 5.000000000000000000e-01
-2.057099897439873093e+00 5.000000000000000000e-01
-1.862858961662621660e+00 5.000000000000000000e-01
-1.854342815126725164e+00 5.000000000000000000e-01
-1.715714665858241395e+00 5.000000000000000000e-01
-1.702174037790832317e+00 5.000000000000000000e-01
-1.574089105813861522e+00 5.000000000000000000e-01
-1.547451871395473022e+00 5.000000000000000000e-01
-1.527968773782941936e+00 5.000000000000000000e-01
-1.434226595709293006e+00 5.000000000000000000e-01
-1.357628629471735460e+00 5.000000000000000000e-01
-1.323453823916540317e+00 5.000000000000000000e-01
-1.243291080361740519e+00 5.000000000000000000e-01
-1.198837586076132222e+00 5.000000000000000000e-01
-1.129198059379765695e+00 5.000000000000000000e-01
-1.076015307165343327e+00 5.000000000000000000e-01
-1.039612009851522689e+00 5.000000000000000000e-01
-1.031680262214148769e+00 5.000000000000000000e-01
-9.552489251362420442e-01 5.000000000000000000e-01
-8.841605875525230251e-01 5.000000000000000000e-01
-8.650894713731142049e-01 5.000000000000000000e-01
-7.995248800429495262e-01 5.000000000000000000e-01
-7.325524071032961659e-01 5.000000000000000000e-01
-7.291131742240622993e-01 5.000000000000000000e-01
-6.894008306868436575e-01 5.000000000000000000e-01
-6.683664878621428107e-01 5.000000000000000000e-01
-6.250013889728609495e-01 5.000000000000000000e-01
-5.809123823942379250e-01 5.000000000000000000e-01
-5.406208481677067246e-01 5.000000000000000000e-01
-5.284606577326002030e-01 5.000000000000000000e-01
-4.993455546731549455e-01 5.000000000000000000e-01
-4.548231406489018358e-01 5.000000000000000000e-01
-4.359458491705134331e-01 5.000000000000000000e-01
-3.783615071998092660e-01 5.000000000000000000e-01
-3.705271753667583878e-01 5.000000000000000000e-01
-3.282737433767956015e-01 5.000000000000000000e-01
-3.024448033314709461e-01 5.000000000000000000e-01
-2.642011238587969602e-01 5.000000000000000000e-01
-2.395449315770794840e-01 5.000000000000000000e-01
-2.299617475925583576e-01 5.000000000000000000e-01
-2.142186160363491743e-01 5.000000000000000000e-01
-1.958154289911307189e-01 5.000000000000000000e-01
-1.736216277892194959e-01 5.000000000000000000e-01
-1.378827105597433822e-01 5.000000000000000000e-01
-8.492960430038501429e-02 5.000000000000000000e-01
-1.900558023438388144e-02 5.000000000000000000e-01
-8.042492694626712964e-04 5.000000000000000000e-01
5.485156281359122171e-02 5.000000000000000000e-01
7.908983063777670630e-02 5.000000000000000000e-01
8.568178430970091464e-02 5.000000000000000000e-01
1.051020706297925572e-01 5.000000000000000000e-01
1.353314106465044742e-01 5.000000000000000000e-01
1.683760584903113422e-01 5.000000000000000000e-01
1.908723472521721420e-01 5.000000000000000000e-01
2.711641577501107681e-01 5.000000000000000000e-01
2.815660230913520912e-01 5.000000000000000000e-01
3.067358478096225971e-01 5.000000000000000000e-01
3.258954735034308436e-01 5.000000000000000000e-01
3.523767528026753859e-01 5.000000000000000000e-01
3.934508387730191736e-01 5.000000000000000000e-01
4.014799659827572587e-01 5.000000000000000000e-01
4.137165384166884285e-01 5.000000000000000000e-01
4.672777719055032919e-01 5.000000000000000000e-01
4.960206864773957225e-01 5.000000000000000000e-01
5.148082763678524243e-01 5.000000000000000000e-01
5.485218736492254443e-01 5.000000000000000000e-01
5.871093557233776350e-01 5.000000000000000000e-01
6.321971912693454820e-01 5.000000000000000000e-01
6.673472780801312787e-01 5.000000000000000000e-01
6.817463567205022112e-01 5.000000000000000000e-01
7.028367087998549367e-01 5.000000000000000000e-01
7.484547100171993206e-01 5.000000000000000000e-01
7.556268319636211261e-01 5.000000000000000000e-01
7.805867201676506273e-01 5.000000000000000000e-01
7.953915172469082639e-01 5.000000000000000000e-01
8.274497531753403079e-01 5.000000000000000000e-01
8.627544250747182231e-01 5.000000000000000000e-01
8.854176064694148085e-01 5.000000000000000000e-01
9.318648517835463885e-01 5.000000000000000000e-01
9.881526566526401822e-01 5.000000000000000000e-01
1.035759846730616829e+00 5.000000000000000000e-01
1.082995883192600761e+00 5.000000000000000000e-01
1.098094352126364859e+00 5.000000000000000000e-01
1.134798173679149036e+00 5.000000000000000000e-01
1.159122538104102151e+00 5.000000000000000000e-01
1.201020168983413905e+00 5.000000000000000000e-01
1.225598755016058972e+00 5.000000000000000000e-01
1.290803560366867941e+00 5.000000000000000000e-01
1.312871164825208936e+00 5.000000000000000000e-01
1.343613222237572735e+00 5.000000000000000000e-01
1.363819886168576634e+00 5.000000000000000000e-01
1.389749927874657232e+00 5.000000000000000000e-01
1.455494763151945481e+00 5.000000000000000000e-01
1.496968531982710404e+00 5.000000000000000000e-01
1.521734162835675530e+00 5.000000000000000000e-01
1.531206510041908331e+00 5.000000000000000000e-01
1.599959365247145771e+00 5.000000000000000000e-01
1.648221490528035238e+00 5.000000000000000000e-01
1.705892140162158510e+00 5.000000000000000000e-01
1.734696151281535759e+00 5.000000000000000000e-01
1.747403986604105119e+00 5.000000000000000000e-01
1.777031554956195247e+00 5.000000000000000000e-01
1.812825480048146476e+00 5.000000000000000000e-01
1.854202608390789875e+00 5.000000000000000000e-01
1.858985406253559569e+00 5.000000000000000000e-01
1.935859367214840088e+00 5.000000000000000000e-01
1.980685788764114497e+00 5.000000000000000000e-01
2.023460772043828459e+00 5.000000000000000000e-01
2.098176001098414734e+00 5.000000000000000000e-01
2.118316713395012041e+00 5.000000000000000000e-01
2.206021092223398483e+00 5.000000000000000000e-01
2.242287861851266495e+00 5.000000000000000000e-01
2.349110965271636431e+00 5.000000000000000000e-01
2.420447695968544810e+00 5.000000000000000000e-01
2.476109521197342289e+00 5.000000000000000000e-01
2.503746179892408108e+00 5.000000000000000000e-01
2.551404763962787925e+00 5.000000000000000000e-01
2.662428694598836465e+00 5.000000000000000000e-01
2.744207489110308096e+00 5.000000000000000000e-01
2.798899833924874958e+00 5.000000000000000000e-01
2.949045218167052340e+00 5.000000000000000000e-01
3.021136246402999159e+00 5.000000000000000000e-01
3.040791617092776011e+00 5.000000000000000000e-01
3.204226439713854013e+00 5.000000000000000000e-01
3.391203248865317210e+00 5.000000000000000000e-01
3.445545277379273852e+00 5.000000000000000000e-01
3.587997487392021956e+00 5.000000000000000000e-01
3.932980389495488893e+00 5.000000000000000000e-01
4.480254787577589326e+00 5.000000000000000000e-01
