# Runtime: 13.734754085540771
-1.750000000000000888e+00 5.000000000000000000e+00
-2.419086414239536520e+00 4.000000000000000000e+00
-1.688091120686957991e+00 4.000000000000000000e+00
-1.472577729557309922e+00 4.000000000000000000e+00
-1.318590349826271657e+00 4.000000000000000000e+00
-1.006006731960890743e+00 4.000000000000000000e+00
-5.601342624615637256e-01 4.000000000000000000e+00
-2.956107528099185533e-01 4.000000000000000000e+00
-1.371957851853516652e-01 4.000000000000000000e+00
1.472931467277952822e-01 4.000000000000000000e+00
-2.485279128426356010e+00 3.000000000000000000e+00
-2.304288133905155966e+00 3.000000000000000000e+00
-1.957449716161075326e+00 3.000000000000000000e+00
-1.632382474689700436e+00 3.000000000000000000e+00
-1.620237996135906799e+00 3.000000000000000000e+00
-1.495087637238103451e+00 3.000000000000000000e+00
-1.417054476985664779e+00 3.000000000000000000e+00
-1.253933301883371376e+00 3.000000000000000000e+00
-1.172368031738280525e+00 3.000000000000000000e+00
-1.059187483199727886e+00 3.000000000000000000e+00
-1.001297272431534546e+00 3.000000000000000000e+00
-9.196850682962315338e-01 3.000000000000000000e+00
-8.651074346738112375e-01 3.000000000000000000e+00
-7.374307229865246782e-01 3.000000000000000000e+00
-6.677634629093388563e-01 3.000000000000000000e+00
-5.528659855831790093e-01 3.000000000000000000e+00
-4.692192274495426974e-01 3.000000000000000000e+00
-3.976381285925501552e-01 3.000000000000000000e+00
-2.130886715180553281e-01 3.000000000000000000e+00
-1.620577599254005852e-01 3.000000000000000000e+00
-4.259627968734539666e-02 3.000000000000000000e+00
-3.504175263139872043e-02 3.000000000000000000e+00
5.620683352168234781e-02 3.000000000000000000e+00
2.299820924655972820e-01 3.000000000000000000e+00
2.554389125669286886e-01 3.000000000000000000e+00
3.980034588488196023e-01 3.000000000000000000e+00
4.594915435114590996e-01 3.000000000000000000e+00
5.164856978272300836e-01 3.000000000000000000e+00
7.164733962563620828e-01 3.000000000000000000e+00
8.552250008539479253e-01 3.000000000000000000e+00
9.247571932651938997e-01 3.000000000000000000e+00
1.200492723606152445e+00 3.000000000000000000e+00
1.315549431704465144e+00 3.000000000000000000e+00
1.595494523316820068e+00 3.000000000000000000e+00
1.687459339303592820e+00 3.000000000000000000e+00
-2.519772446095951413e+00 2.000000000000000000e+00
-2.344357122333865728e+00 2.000000000000000000e+00
-2.169926447368151656e+00 2.000000000000000000e+00
-1.997883066024554122e+00 2.000000000000000000e+00
-1.862855456802622323e+00 2.000000000000000000e+00
-1.574873282463082447e+00 2.000000000000000000e+00
-1.548639031175493397e+00 2.000000000000000000e+00
-1.543070831614643312e+00 2.000000000000000000e+00
-1.500609105571454327e+00 2.000000000000000000e+00
-1.360417579894778628e+00 2.000000000000000000e+00
-1.315400931617350722e+00 2.000000000000000000e+00
-1.204331488448589838e+00 2.000000000000000000e+00
-1.180778941388820780e+00 2.000000000000000000e+00
-1.137287840757504220e+00 2.000000000000000000e+00
-1.090599365211268212e+00 2.000000000000000000e+00
-9.816092227172017459e-01 2.000000000000000000e+00
-8.690119447145266962e-01 2.000000000000000000e+00
-8.359500038410742073e-01 2.000000000000000000e+00
-7.921164515436003306e-01 2.000000000000000000e+00
-7.783788307513445082e-01 2.000000000000000000e+00
-7.078114686300096547e-01 2.000000000000000000e+00
-6.538934863930987440e-01 2.000000000000000000e+00
-6.341997671482552112e-01 2.000000000000000000e+00
-5.367837447619672187e-01 2.000000000000000000e+00
-4.999977392383952446e-01 2.000000000000000000e+00
-4.392867387391276579e-01 2.000000000000000000e+00
-4.038188100322873120e-01 2.000000000000000000e+00
-3.834834715718505871e-01 2.000000000000000000e+00
-3.426597052806167332e-01 2.000000000000000000e+00
-3.229253271896537769e-01 2.000000000000000000e+00
-2.200966845809531613e-01 2.000000000000000000e+00
-1.531359812000730458e-01 2.000000000000000000e+00
-1.206831419493095137e-01 2.000000000000000000e+00
-7.307448080972091253e-02 2.000000000000000000e+00
-4.045074669634541459e-02 2.000000000000000000e+00
9.297759367294803137e-03 2.000000000000000000e+00
6.983159030003485701e-02 2.000000000000000000e+00
7.859719104272788748e-02 2.000000000000000000e+00
1.244910286754972867e-01 2.000000000000000000e+00
1.869319120772864884e-01 2.000000000000000000e+00
2.430794684318464405e-01 2.000000000000000000e+00
3.111469269002337668e-01 2.000000000000000000e+00
3.304572829085473673e-01 2.000000000000000000e+00
3.749852812354779186e-01 2.000000000000000000e+00
3.794987366315493160e-01 2.000000000000000000e+00
4.533902854230155710e-01 2.000000000000000000e+00
4.807937509155407185e-01 2.000000000000000000e+00
5.620983194601263389e-01 2.000000000000000000e+00
6.022849134196616161e-01 2.000000000000000000e+00
6.094365670163605087e-01 2.000000000000000000e+00
6.299879744178243923e-01 2.000000000000000000e+00
6.521443966137968618e-01 2.000000000000000000e+00
7.630581789339465626e-01 2.000000000000000000e+00
8.148619860640556878e-01 2.000000000000000000e+00
8.681429960502866638e-01 2.000000000000000000e+00
9.816551560090488460e-01 2.000000000000000000e+00
1.022593019969629591e+00 2.000000000000000000e+00
1.028853558005935254e+00 2.000000000000000000e+00
1.093156039674433311e+00 2.000000000000000000e+00
1.220697794440012585e+00 2.000000000000000000e+00
1.309263161974530520e+00 2.000000000000000000e+00
1.346519523761932291e+00 2.000000000000000000e+00
1.397143975630940060e+00 2.000000000000000000e+00
1.439701927633213474e+00 2.000000000000000000e+00
1.454142471083388788e+00 2.000000000000000000e+00
1.648426004518679377e+00 2.000000000000000000e+00
1.751229097187623207e+00 2.000000000000000000e+00
1.839850585070542444e+00 2.000000000000000000e+00
1.895850039813244514e+00 2.000000000000000000e+00
2.109440563570055716e+00 2.000000000000000000e+00
2.157290895824240717e+00 2.000000000000000000e+00
2.337526374078290115e+00 2.000000000000000000e+00
2.509383524109460861e+00 2.000000000000000000e+00
2.667943464873999915e+00 2.000000000000000000e+00
3.134986961443241960e+00 2.000000000000000000e+00
-2.363205921734146564e+00 1.000000000000000000e+00
-2.181556568639955174e+00 1.000000000000000000e+00
-2.018397672868164072e+00 1.000000000000000000e+00
-1.999699184590033818e+00 1.000000000000000000e+00
-1.889593771613890860e+00 1.000000000000000000e+00
-1.633181239495235415e+00 1.000000000000000000e+00
-1.567715518876731773e+00 1.000000000000000000e+00
-1.459201337148830380e+00 1.000000000000000000e+00
-1.360309860715987140e+00 1.000000000000000000e+00
-1.325948061597114647e+00 1.000000000000000000e+00
-1.288066216040744782e+00 1.000000000000000000e+00
-1.158772100020519780e+00 1.000000000000000000e+00
-1.146419944911108546e+00 1.000000000000000000e+00
-1.070258473787633502e+00 1.000000000000000000e+00
-1.060636317963083997e+00 1.000000000000000000e+00
-9.566044192938671920e-01 1.000000000000000000e+00
-8.827363681826096986e-01 1.000000000000000000e+00
-8.255537674901909373e-01 1.000000000000000000e+00
-7.723999985095019172e-01 1.000000000000000000e+00
-7.370386524079893809e-01 1.000000000000000000e+00
-6.971540771101704115e-01 1.000000000000000000e+00
-6.109580092676810681e-01 1.000000000000000000e+00
-5.800455063088584273e-01 1.000000000000000000e+00
-5.349383049849709693e-01 1.000000000000000000e+00
-5.064988894167952171e-01 1.000000000000000000e+00
-4.491900817984421646e-01 1.000000000000000000e+00
-3.795557127894445548e-01 1.000000000000000000e+00
-3.613730755705087394e-01 1.000000000000000000e+00
-3.354802150948970052e-01 1.000000000000000000e+00
-2.446913501105684452e-01 1.000000000000000000e+00
-2.157177663788176214e-01 1.000000000000000000e+00
-1.666774699184983555e-01 1.000000000000000000e+00
-1.183455298859497351e-01 1.000000000000000000e+00
-5.807508235639395611e-02 1.000000000000000000e+00
-1.645599438019505409e-02 1.000000000000000000e+00
8.317956754961009988e-03 1.000000000000000000e+00
6.416201588312851756e-02 1.000000000000000000e+00
9.671603170345610678e-02 1.000000000000000000e+00
1.468455420438635473e-01 1.000000000000000000e+00
1.695033102227464783e-01 1.000000000000000000e+00
1.787469379081210730e-01 1.000000000000000000e+00
2.164430599235937225e-01 1.000000000000000000e+00
2.686136526251659551e-01 1.000000000000000000e+00
2.812103215194435291e-01 1.000000000000000000e+00
3.548422041761469248e-01 1.000000000000000000e+00
4.163790998325558324e-01 1.000000000000000000e+00
4.243789833490430041e-01 1.000000000000000000e+00
5.048811164078146341e-01 1.000000000000000000e+00
5.313879236962618657e-01 1.000000000000000000e+00
5.777533038487145944e-01 1.000000000000000000e+00
6.028833063057025266e-01 1.000000000000000000e+00
6.512219218888832817e-01 1.000000000000000000e+00
6.997890148941926514e-01 1.000000000000000000e+00
7.394269781903310967e-01 1.000000000000000000e+00
8.104644434944193732e-01 1.000000000000000000e+00
8.256317217388937646e-01 1.000000000000000000e+00
8.617173399314141946e-01 1.000000000000000000e+00
9.385309061548088305e-01 1.000000000000000000e+00
9.634577427435675467e-01 1.000000000000000000e+00
1.029694943921694250e+00 1.000000000000000000e+00
1.058998609200108909e+00 1.000000000000000000e+00
1.087088214751170900e+00 1.000000000000000000e+00
1.155438800007181355e+00 1.000000000000000000e+00
1.190465197683293397e+00 1.000000000000000000e+00
1.257370468545900177e+00 1.000000000000000000e+00
1.298527527054051278e+00 1.000000000000000000e+00
1.338645722113569692e+00 1.000000000000000000e+00
1.411327423567021233e+00 1.000000000000000000e+00
1.446184127833279431e+00 1.000000000000000000e+00
1.506488555427292875e+00 1.000000000000000000e+00
1.562476513454897908e+00 1.000000000000000000e+00
1.605931856768441079e+00 1.000000000000000000e+00
1.657453472564006880e+00 1.000000000000000000e+00
1.689735028567853181e+00 1.000000000000000000e+00
1.800759536754424905e+00 1.000000000000000000e+00
1.865614958505674492e+00 1.000000000000000000e+00
1.931960239817213987e+00 1.000000000000000000e+00
1.940760451862100888e+00 1.000000000000000000e+00
2.066749296898880761e+00 1.000000000000000000e+00
2.169639616308042918e+00 1.000000000000000000e+00
2.228585345509397353e+00 1.000000000000000000e+00
2.288043821975474401e+00 1.000000000000000000e+00
2.377380934314549332e+00 1.000000000000000000e+00
2.509203100912281492e+00 1.000000000000000000e+00
2.572053480343465814e+00 1.000000000000000000e+00
2.805628465834058449e+00 1.000000000000000000e+00
2.909540046896439414e+00 1.000000000000000000e+00
2.992943876542276449e+00 1.000000000000000000e+00
3.410776990821627663e+00 1.000000000000000000e+00
3.973681001266695212e+00 1.000000000000000000e+00
-2.185519487280005002e+00 0.000000000000000000e+00
-1.906463587735487852e+00 0.000000000000000000e+00
-1.658416218761276983e+00 0.000000000000000000e+00
-1.342291738874981766e+00 0.000000000000000000e+00
-1.328487433059945877e+00 0.000000000000000000e+00
-1.178348242628134868e+00 0.000000000000000000e+00
-9.523006468228016885e-01 0.000000000000000000e+00
-8.416676830485900762e-01 0.000000000000000000e+00
-5.485354746838858597e-01 0.000000000000000000e+00
-4.441660257484563723e-01 0.000000000000000000e+00
-3.764074147049835117e-01 0.000000000000000000e+00
-3.637302828555080692e-01 0.000000000000000000e+00
-2.794583427069512460e-01 0.000000000000000000e+00
-1.403562281320489546e-01 0.000000000000000000e+00
8.815347556523642561e-03 0.000000000000000000e+00
7.835918421905016529e-02 0.000000000000000000e+00
1.039134513215481254e-01 0.000000000000000000e+00
1.299588287423952548e-01 0.000000000000000000e+00
2.750875901026482717e-01 0.000000000000000000e+00
4.453526619988739665e-01 0.000000000000000000e+00
4.596524192426708622e-01 0.000000000000000000e+00
6.212456173385809688e-01 0.000000000000000000e+00
6.931054908045362062e-01 0.000000000000000000e+00
7.239052735252807791e-01 0.000000000000000000e+00
8.098586445889797147e-01 0.000000000000000000e+00
8.563191781981740469e-01 0.000000000000000000e+00
9.216540970968919444e-01 0.000000000000000000e+00
1.147298444191615863e+00 0.000000000000000000e+00
1.259734446688796083e+00 0.000000000000000000e+00
1.297954542898104746e+00 0.000000000000000000e+00
1.460421023665274154e+00 0.000000000000000000e+00
1.614550866927814132e+00 0.000000000000000000e+00
1.714663435440677119e+00 0.000000000000000000e+00
1.797049136282407034e+00 0.000000000000000000e+00
1.897668726174217113e+00 0.000000000000000000e+00
2.123309912465880078e+00 0.000000000000000000e+00
2.257081184383106898e+00 0.000000000000000000e+00
2.530316114989795917e+00 0.000000000000000000e+00
2.688815931887988953e+00 0.000000000000000000e+00
3.002096319644172340e+00 0.000000000000000000e+00
3.313671488063071990e+00 0.000000000000000000e+00
3.814289448604006871e+00 0.000000000000000000e+00
