# Runtime: 22.306437253952026
-2.250000000000000888e+00 6.000000000000000000e+00
-2.916937318864596840e+00 5.000000000000000000e+00
-2.206822884338075941e+00 5.000000000000000000e+00
-2.073125334388678187e+00 5.000000000000000000e+00
-1.957106781186548572e+00 5.000000000000000000e+00
-1.672917714332029071e+00 5.000000000000000000e+00
-1.342982567883081346e+00 5.000000000000000000e+00
-1.250000000000001776e+00 5.000000000000000000e+00
-8.866693734719295339e-01 5.000000000000000000e+00
-5.719931370489830247e-01 5.000000000000000000e+00
-5.428932188134532044e-01 5.000000000000000000e+00
-3.285516696726340502e-01 5.000000000000000000e+00
-2.970205500559214506e+00 4.000000000000000000e+00
-2.835032061140918991e+00 4.000000000000000000e+00
-2.570666263687280129e+00 4.000000000000000000e+00
-2.486300577484970464e+00 4.000000000000000000e+00
-2.189175907559324674e+00 4.000000000000000000e+00
-2.160152861006976899e+00 4.000000000000000000e+00
-2.029666902218239866e+00 4.000000000000000000e+00
-1.918997305440815593e+00 4.000000000000000000e+00
-1.876330656148927023e+00 4.000000000000000000e+00
-1.781523012226590597e+00 4.000000000000000000e+00
-1.773768671222559545e+00 4.000000000000000000e+00
-1.680572403379427815e+00 4.000000000000000000e+00
-1.627707174900580700e+00 4.000000000000000000e+00
-1.604882357498930157e+00 4.000000000000000000e+00
-1.529451326343946649e+00 4.000000000000000000e+00
-1.447592582625331525e+00 4.000000000000000000e+00
-1.376399205055562680e+00 4.000000000000000000e+00
-1.330040627196077185e+00 4.000000000000000000e+00
-1.283040503282827371e+00 4.000000000000000000e+00
-1.197819616553497113e+00 4.000000000000000000e+00
-1.136032980831724437e+00 4.000000000000000000e+00
-1.083193411789563410e+00 4.000000000000000000e+00
-1.042414330669770184e+00 4.000000000000000000e+00
-9.903480849956427523e-01 4.000000000000000000e+00
-9.438583757409014785e-01 4.000000000000000000e+00
-8.782384919129311296e-01 4.000000000000000000e+00
-8.238475532755735742e-01 4.000000000000000000e+00
-7.051517188184777130e-01 4.000000000000000000e+00
-6.564682980348888197e-01 4.000000000000000000e+00
-5.130061871543551977e-01 4.000000000000000000e+00
-5.027212773056967121e-01 4.000000000000000000e+00
-4.808959989460503404e-01 4.000000000000000000e+00
-3.536578780187000226e-01 4.000000000000000000e+00
-3.318733744798913476e-01 4.000000000000000000e+00
-3.110695127306699614e-01 4.000000000000000000e+00
-2.602279418138174205e-01 4.000000000000000000e+00
-1.531913303871628995e-01 4.000000000000000000e+00
-1.131770534250081672e-01 4.000000000000000000e+00
-1.116024298870605669e-01 4.000000000000000000e+00
-5.294838559408106271e-02 4.000000000000000000e+00
5.240625364830533983e-02 4.000000000000000000e+00
7.663650048233257295e-02 4.000000000000000000e+00
8.529320613064056422e-02 4.000000000000000000e+00
2.402330103691488195e-01 4.000000000000000000e+00
3.962087357351438688e-01 4.000000000000000000e+00
4.148793511323751182e-01 4.000000000000000000e+00
4.797161877247381745e-01 4.000000000000000000e+00
6.238502986426098795e-01 4.000000000000000000e+00
6.898189616340530961e-01 4.000000000000000000e+00
8.028564216118558861e-01 4.000000000000000000e+00
9.408496279489013681e-01 4.000000000000000000e+00
1.134484548805710036e+00 4.000000000000000000e+00
1.312588852398314687e+00 4.000000000000000000e+00
1.363428175079818949e+00 4.000000000000000000e+00
-2.999245853355641422e+00 3.000000000000000000e+00
-2.869682323629765275e+00 3.000000000000000000e+00
-2.740716636554907382e+00 3.000000000000000000e+00
-2.602282843630705500e+00 3.000000000000000000e+00
-2.511177656421906601e+00 3.000000000000000000e+00
-2.497413494717258597e+00 3.000000000000000000e+00
-2.394096195429940899e+00 3.000000000000000000e+00
-2.247279168829250828e+00 3.000000000000000000e+00
-2.228594880306740134e+00 3.000000000000000000e+00
-2.134771256174536891e+00 3.000000000000000000e+00
-2.109243355862611580e+00 3.000000000000000000e+00
-2.071060950985101012e+00 3.000000000000000000e+00
-2.021349093889053261e+00 3.000000000000000000e+00
-1.983891620969562730e+00 3.000000000000000000e+00
-1.878794292443988878e+00 3.000000000000000000e+00
-1.836380806395434773e+00 3.000000000000000000e+00
-1.812908872877593058e+00 3.000000000000000000e+00
-1.777042190750261375e+00 3.000000000000000000e+00
-1.747412723885820141e+00 3.000000000000000000e+00
-1.690379116166657703e+00 3.000000000000000000e+00
-1.664023165593466524e+00 3.000000000000000000e+00
-1.650886992634684303e+00 3.000000000000000000e+00
-1.626560912023643279e+00 3.000000000000000000e+00
-1.598440474214199991e+00 3.000000000000000000e+00
-1.566547993073077016e+00 3.000000000000000000e+00
-1.532372006959795918e+00 3.000000000000000000e+00
-1.488920873217913332e+00 3.000000000000000000e+00
-1.455461736241216553e+00 3.000000000000000000e+00
-1.403477825803455259e+00 3.000000000000000000e+00
-1.372051266855914387e+00 3.000000000000000000e+00
-1.368511167392021166e+00 3.000000000000000000e+00
-1.318684853780561994e+00 3.000000000000000000e+00
-1.275715477585712687e+00 3.000000000000000000e+00
-1.270433755722794045e+00 3.000000000000000000e+00
-1.248267956898967856e+00 3.000000000000000000e+00
-1.234869425494864226e+00 3.000000000000000000e+00
-1.232524257333528439e+00 3.000000000000000000e+00
-1.196687664160490439e+00 3.000000000000000000e+00
-1.149666261813368617e+00 3.000000000000000000e+00
-1.133446408684062101e+00 3.000000000000000000e+00
-1.096977327773187127e+00 3.000000000000000000e+00
-1.082143142396742030e+00 3.000000000000000000e+00
-1.058037091373163818e+00 3.000000000000000000e+00
-1.007106247847836977e+00 3.000000000000000000e+00
-9.984758119057952630e-01 3.000000000000000000e+00
-9.777528203050005473e-01 3.000000000000000000e+00
-9.465698669753863648e-01 3.000000000000000000e+00
-9.273920116545549819e-01 3.000000000000000000e+00
-9.082311390636359505e-01 3.000000000000000000e+00
-8.734812226537745916e-01 3.000000000000000000e+00
-8.612531926210071909e-01 3.000000000000000000e+00
-8.303317146188180509e-01 3.000000000000000000e+00
-8.106495291647953794e-01 3.000000000000000000e+00
-7.791855250250150355e-01 3.000000000000000000e+00
-7.635969201768726400e-01 3.000000000000000000e+00
-7.545973416967314273e-01 3.000000000000000000e+00
-7.227306735727823117e-01 3.000000000000000000e+00
-6.847438201888446097e-01 3.000000000000000000e+00
-6.371059621554744368e-01 3.000000000000000000e+00
-6.323718233789454857e-01 3.000000000000000000e+00
-5.949276213301349925e-01 3.000000000000000000e+00
-5.829648880851300285e-01 3.000000000000000000e+00
-5.367905938082597750e-01 3.000000000000000000e+00
-5.243402295258521306e-01 3.000000000000000000e+00
-4.862594481214730369e-01 3.000000000000000000e+00
-4.559495980010638827e-01 3.000000000000000000e+00
-4.473897565606577142e-01 3.000000000000000000e+00
-4.220197191265988579e-01 3.000000000000000000e+00
-4.106767152241486696e-01 3.000000000000000000e+00
-4.089760492135948167e-01 3.000000000000000000e+00
-3.919677851917901523e-01 3.000000000000000000e+00
-3.666346168824371476e-01 3.000000000000000000e+00
-3.036863264815773955e-01 3.000000000000000000e+00
-2.860386655012883139e-01 3.000000000000000000e+00
-2.818441101455748665e-01 3.000000000000000000e+00
-2.602080081059126027e-01 3.000000000000000000e+00
-2.475721243130610261e-01 3.000000000000000000e+00
-2.047337620566150318e-01 3.000000000000000000e+00
-1.834324750823554673e-01 3.000000000000000000e+00
-1.652107582475602909e-01 3.000000000000000000e+00
-1.048246064852324522e-01 3.000000000000000000e+00
-8.910742013753936153e-02 3.000000000000000000e+00
-8.273630005922273656e-02 3.000000000000000000e+00
-6.960887561719986127e-02 3.000000000000000000e+00
-3.630909180215162457e-02 3.000000000000000000e+00
-2.898665943060797084e-02 3.000000000000000000e+00
-3.854018755355163254e-03 3.000000000000000000e+00
1.952246581730730443e-02 3.000000000000000000e+00
3.756177597817357550e-02 3.000000000000000000e+00
7.571868252176149061e-02 3.000000000000000000e+00
9.295701697927472029e-02 3.000000000000000000e+00
1.126993408057880702e-01 3.000000000000000000e+00
1.234329307662119790e-01 3.000000000000000000e+00
1.314182935696346088e-01 3.000000000000000000e+00
1.423047006766748057e-01 3.000000000000000000e+00
1.533149317043165094e-01 3.000000000000000000e+00
1.705191348696967757e-01 3.000000000000000000e+00
1.863251118789963356e-01 3.000000000000000000e+00
2.234386673112029598e-01 3.000000000000000000e+00
2.725203115800685083e-01 3.000000000000000000e+00
3.005111481615880820e-01 3.000000000000000000e+00
3.241966064308233753e-01 3.000000000000000000e+00
3.393415777922948462e-01 3.000000000000000000e+00
3.610577374938770956e-01 3.000000000000000000e+00
3.676685032441917578e-01 3.000000000000000000e+00
4.139706773726392064e-01 3.000000000000000000e+00
4.533889984054632061e-01 3.000000000000000000e+00
4.758379349800489488e-01 3.000000000000000000e+00
4.827071397529844043e-01 3.000000000000000000e+00
4.863119845077013559e-01 3.000000000000000000e+00
4.919335976981553116e-01 3.000000000000000000e+00
5.634042634453093612e-01 3.000000000000000000e+00
5.924200041780952608e-01 3.000000000000000000e+00
6.119900827358496498e-01 3.000000000000000000e+00
6.997712746046057530e-01 3.000000000000000000e+00
7.128351966885495550e-01 3.000000000000000000e+00
7.334361393540882457e-01 3.000000000000000000e+00
7.779208751264395927e-01 3.000000000000000000e+00
7.831177735656128513e-01 3.000000000000000000e+00
8.226092542420150311e-01 3.000000000000000000e+00
8.461882695322446857e-01 3.000000000000000000e+00
8.814061395908567853e-01 3.000000000000000000e+00
8.891347824206925488e-01 3.000000000000000000e+00
9.116512274554735562e-01 3.000000000000000000e+00
9.511413269956752181e-01 3.000000000000000000e+00
9.969284436136127692e-01 3.000000000000000000e+00
1.032163657767263487e+00 3.000000000000000000e+00
1.099476799151492434e+00 3.000000000000000000e+00
1.158327314456562007e+00 3.000000000000000000e+00
1.183809358834586600e+00 3.000000000000000000e+00
1.200600095846542148e+00 3.000000000000000000e+00
1.222250812474796167e+00 3.000000000000000000e+00
1.282403268972777788e+00 3.000000000000000000e+00
1.368555559630639573e+00 3.000000000000000000e+00
1.411777034063564251e+00 3.000000000000000000e+00
1.440458586296674337e+00 3.000000000000000000e+00
1.455084236826493349e+00 3.000000000000000000e+00
1.504954893332452803e+00 3.000000000000000000e+00
1.547430964160799061e+00 3.000000000000000000e+00
1.577307916361649465e+00 3.000000000000000000e+00
1.592894417749382230e+00 3.000000000000000000e+00
1.632705438783870200e+00 3.000000000000000000e+00
1.708732761425762137e+00 3.000000000000000000e+00
1.738398278298507904e+00 3.000000000000000000e+00
1.871486052104095466e+00 3.000000000000000000e+00
1.921242226709557688e+00 3.000000000000000000e+00
1.945660551574416086e+00 3.000000000000000000e+00
1.959278877066474411e+00 3.000000000000000000e+00
2.196390539666353448e+00 3.000000000000000000e+00
2.256505268799391395e+00 3.000000000000000000e+00
2.376809623930173920e+00 3.000000000000000000e+00
2.441359250746460763e+00 3.000000000000000000e+00
2.628379834140706528e+00 3.000000000000000000e+00
3.003999273581811735e+00 3.000000000000000000e+00
-3.017062181111983321e+00 2.000000000000000000e+00
-2.887774317149961689e+00 2.000000000000000000e+00
-2.755060622553245686e+00 2.000000000000000000e+00
-2.626013447960546365e+00 2.000000000000000000e+00
-2.620496956732166094e+00 2.000000000000000000e+00
-2.517930577024269478e+00 2.000000000000000000e+00
-2.410094191424550836e+00 2.000000000000000000e+00
-2.407457078138428574e+00 2.000000000000000000e+00
-2.292354522489057356e+00 2.000000000000000000e+00
-2.276010639557930038e+00 2.000000000000000000e+00
-2.248449495087825767e+00 2.000000000000000000e+00
-2.148698055250770178e+00 2.000000000000000000e+00
-2.090202515361758273e+00 2.000000000000000000e+00
-2.075283122801097502e+00 2.000000000000000000e+00
-2.052272033744731772e+00 2.000000000000000000e+00
-2.051877423902106923e+00 2.000000000000000000e+00
-1.963873650309620800e+00 2.000000000000000000e+00
-1.934822356990899106e+00 2.000000000000000000e+00
-1.852819617913349814e+00 2.000000000000000000e+00
-1.826723612750413395e+00 2.000000000000000000e+00
-1.811594564796162210e+00 2.000000000000000000e+00
-1.790167315295410067e+00 2.000000000000000000e+00
-1.782412498487690344e+00 2.000000000000000000e+00
-1.751793980237143167e+00 2.000000000000000000e+00
-1.712423643769717341e+00 2.000000000000000000e+00
-1.669877307900480279e+00 2.000000000000000000e+00
-1.638683352732662524e+00 2.000000000000000000e+00
-1.624067933094130778e+00 2.000000000000000000e+00
-1.594967397491400485e+00 2.000000000000000000e+00
-1.578050658663917805e+00 2.000000000000000000e+00
-1.563368141494239083e+00 2.000000000000000000e+00
-1.513558553106497895e+00 2.000000000000000000e+00
-1.498936181559445080e+00 2.000000000000000000e+00
-1.491184943717781763e+00 2.000000000000000000e+00
-1.470018146151708338e+00 2.000000000000000000e+00
-1.440431119877270572e+00 2.000000000000000000e+00
-1.429613997144472126e+00 2.000000000000000000e+00
-1.398393917202451542e+00 2.000000000000000000e+00
-1.367400446702799588e+00 2.000000000000000000e+00
-1.341311572853680190e+00 2.000000000000000000e+00
-1.311442722730751242e+00 2.000000000000000000e+00
-1.302225125004947692e+00 2.000000000000000000e+00
-1.288420646652034485e+00 2.000000000000000000e+00
-1.257282848709877277e+00 2.000000000000000000e+00
-1.238658839644826815e+00 2.000000000000000000e+00
-1.235748253973653510e+00 2.000000000000000000e+00
-1.218141676944007212e+00 2.000000000000000000e+00
-1.187796489508202491e+00 2.000000000000000000e+00
-1.166401896095766944e+00 2.000000000000000000e+00
-1.155887851469242111e+00 2.000000000000000000e+00
-1.146188492283075844e+00 2.000000000000000000e+00
-1.107514609651675919e+00 2.000000000000000000e+00
-1.096544696152628839e+00 2.000000000000000000e+00
-1.079478799816047552e+00 2.000000000000000000e+00
-1.051898168804035416e+00 2.000000000000000000e+00
-1.043504652580659720e+00 2.000000000000000000e+00
-1.015436376613215508e+00 2.000000000000000000e+00
-1.000277581518839831e+00 2.000000000000000000e+00
-9.667121228884926198e-01 2.000000000000000000e+00
-9.592795805571620038e-01 2.000000000000000000e+00
-9.524116713764000375e-01 2.000000000000000000e+00
-9.452496592902563943e-01 2.000000000000000000e+00
-9.392955995211762499e-01 2.000000000000000000e+00
-9.170978489094683272e-01 2.000000000000000000e+00
-9.063944124726317497e-01 2.000000000000000000e+00
-8.927143927511461685e-01 2.000000000000000000e+00
-8.714146901463302175e-01 2.000000000000000000e+00
-8.607285712916669107e-01 2.000000000000000000e+00
-8.446818410152786560e-01 2.000000000000000000e+00
-8.209772112025469637e-01 2.000000000000000000e+00
-8.061348434835864385e-01 2.000000000000000000e+00
-7.847818520383416097e-01 2.000000000000000000e+00
-7.753186755083215642e-01 2.000000000000000000e+00
-7.605875921330675915e-01 2.000000000000000000e+00
-7.537684343839631262e-01 2.000000000000000000e+00
-7.513531968498179392e-01 2.000000000000000000e+00
-7.420189920109926396e-01 2.000000000000000000e+00
-7.255364310990560783e-01 2.000000000000000000e+00
-6.990250003017716152e-01 2.000000000000000000e+00
-6.803988962631926096e-01 2.000000000000000000e+00
-6.631039134043618111e-01 2.000000000000000000e+00
-6.429889963706847400e-01 2.000000000000000000e+00
-6.218568574824293593e-01 2.000000000000000000e+00
-6.120683832652443757e-01 2.000000000000000000e+00
-5.969455993554763085e-01 2.000000000000000000e+00
-5.872323052110520747e-01 2.000000000000000000e+00
-5.654777081628925561e-01 2.000000000000000000e+00
-5.474089474144404610e-01 2.000000000000000000e+00
-5.324085888640974762e-01 2.000000000000000000e+00
-5.284998259117528185e-01 2.000000000000000000e+00
-5.033631321053385621e-01 2.000000000000000000e+00
-4.974565914162136226e-01 2.000000000000000000e+00
-4.760720793765186865e-01 2.000000000000000000e+00
-4.441230362075731519e-01 2.000000000000000000e+00
-4.354382279390456856e-01 2.000000000000000000e+00
-4.226261597039180362e-01 2.000000000000000000e+00
-4.115659687837088243e-01 2.000000000000000000e+00
-4.041092652902396609e-01 2.000000000000000000e+00
-3.862392638802134015e-01 2.000000000000000000e+00
-3.796606288102034599e-01 2.000000000000000000e+00
-3.510232304929389868e-01 2.000000000000000000e+00
-3.299320394644028043e-01 2.000000000000000000e+00
-3.247084271136339573e-01 2.000000000000000000e+00
-3.101378876097378723e-01 2.000000000000000000e+00
-2.942635533843106499e-01 2.000000000000000000e+00
-2.799643065030436029e-01 2.000000000000000000e+00
-2.399840880698424772e-01 2.000000000000000000e+00
-2.290035208525952048e-01 2.000000000000000000e+00
-2.256284172813259326e-01 2.000000000000000000e+00
-2.064726456296172019e-01 2.000000000000000000e+00
-1.954118737041455056e-01 2.000000000000000000e+00
-1.916800176824443591e-01 2.000000000000000000e+00
-1.707583905047657946e-01 2.000000000000000000e+00
-1.618961661084447612e-01 2.000000000000000000e+00
-1.519794736034849603e-01 2.000000000000000000e+00
-1.277063233354299998e-01 2.000000000000000000e+00
-1.086833527688733925e-01 2.000000000000000000e+00
-9.571480569011880934e-02 2.000000000000000000e+00
-8.853234917626243150e-02 2.000000000000000000e+00
-7.337317423423017626e-02 2.000000000000000000e+00
-6.767359244832621412e-02 2.000000000000000000e+00
-4.549345199261384254e-02 2.000000000000000000e+00
-3.596295244724996565e-02 2.000000000000000000e+00
-2.940430290509648756e-02 2.000000000000000000e+00
-1.983947972275475202e-02 2.000000000000000000e+00
2.102083186861013024e-03 2.000000000000000000e+00
7.385986442022418434e-03 2.000000000000000000e+00
3.007684948134462313e-02 2.000000000000000000e+00
5.431470844705017786e-02 2.000000000000000000e+00
5.881007671416506322e-02 2.000000000000000000e+00
6.738237291339201074e-02 2.000000000000000000e+00
8.555126856996636553e-02 2.000000000000000000e+00
9.017545146113632726e-02 2.000000000000000000e+00
1.027256471478421446e-01 2.000000000000000000e+00
1.231084846064237764e-01 2.000000000000000000e+00
1.406710860946211727e-01 2.000000000000000000e+00
1.533693702449410168e-01 2.000000000000000000e+00
1.707578904156957789e-01 2.000000000000000000e+00
1.952472527943892311e-01 2.000000000000000000e+00
1.997522803424156834e-01 2.000000000000000000e+00
2.191404256365205583e-01 2.000000000000000000e+00
2.246559058305753198e-01 2.000000000000000000e+00
2.279734739904705210e-01 2.000000000000000000e+00
2.354505744399660871e-01 2.000000000000000000e+00
2.419860742847852186e-01 2.000000000000000000e+00
2.672528062304758700e-01 2.000000000000000000e+00
2.704571437617603880e-01 2.000000000000000000e+00
2.789786896489271917e-01 2.000000000000000000e+00
3.058367469265521610e-01 2.000000000000000000e+00
3.179346355817528891e-01 2.000000000000000000e+00
3.252143384534927906e-01 2.000000000000000000e+00
3.435986974072767208e-01 2.000000000000000000e+00
3.587830829214758710e-01 2.000000000000000000e+00
3.705117317469957539e-01 2.000000000000000000e+00
3.890986997839941397e-01 2.000000000000000000e+00
4.034399623800644652e-01 2.000000000000000000e+00
4.166809882955087030e-01 2.000000000000000000e+00
4.378012120128292328e-01 2.000000000000000000e+00
4.514915210438775195e-01 2.000000000000000000e+00
4.735684548081163792e-01 2.000000000000000000e+00
4.886637609646911629e-01 2.000000000000000000e+00
4.991773782644009505e-01 2.000000000000000000e+00
5.079151303209603618e-01 2.000000000000000000e+00
5.160340917161603258e-01 2.000000000000000000e+00
5.386861481059055379e-01 2.000000000000000000e+00
5.511363042326810069e-01 2.000000000000000000e+00
5.575995005407206051e-01 2.000000000000000000e+00
5.674502289620271256e-01 2.000000000000000000e+00
5.758423484543441218e-01 2.000000000000000000e+00
6.043746683859588797e-01 2.000000000000000000e+00
6.183719972237738949e-01 2.000000000000000000e+00
6.256997828392850680e-01 2.000000000000000000e+00
6.442840075937382727e-01 2.000000000000000000e+00
6.550187473987075792e-01 2.000000000000000000e+00
6.911367158340028238e-01 2.000000000000000000e+00
7.007295768557932902e-01 2.000000000000000000e+00
7.122880586936285452e-01 2.000000000000000000e+00
7.239808747133248401e-01 2.000000000000000000e+00
7.573232689050096722e-01 2.000000000000000000e+00
7.760634770299897900e-01 2.000000000000000000e+00
7.810927753832276332e-01 2.000000000000000000e+00
7.857075163370467186e-01 2.000000000000000000e+00
8.060483766120829507e-01 2.000000000000000000e+00
8.128396872159867614e-01 2.000000000000000000e+00
8.237719980380192597e-01 2.000000000000000000e+00
8.389607813439337036e-01 2.000000000000000000e+00
8.529510922868003275e-01 2.000000000000000000e+00
8.633123220317259205e-01 2.000000000000000000e+00
8.800082345567518116e-01 2.000000000000000000e+00
8.891555319801690560e-01 2.000000000000000000e+00
9.069369012115113815e-01 2.000000000000000000e+00
9.438319868936395629e-01 2.000000000000000000e+00
9.492205940262800068e-01 2.000000000000000000e+00
9.676311545173722495e-01 2.000000000000000000e+00
9.790947626963000250e-01 2.000000000000000000e+00
9.878519891499286665e-01 2.000000000000000000e+00
1.015812832962298851e+00 2.000000000000000000e+00
1.016671743529698801e+00 2.000000000000000000e+00
1.025135325710278655e+00 2.000000000000000000e+00
1.062429504464584173e+00 2.000000000000000000e+00
1.093528587512264449e+00 2.000000000000000000e+00
1.101274629532907001e+00 2.000000000000000000e+00
1.123396180933730060e+00 2.000000000000000000e+00
1.130990810728238705e+00 2.000000000000000000e+00
1.153051752544710595e+00 2.000000000000000000e+00
1.160163848289386346e+00 2.000000000000000000e+00
1.171472978632688511e+00 2.000000000000000000e+00
1.216643603033059406e+00 2.000000000000000000e+00
1.223683116573928586e+00 2.000000000000000000e+00
1.227744652209229015e+00 2.000000000000000000e+00
1.249255101101364396e+00 2.000000000000000000e+00
1.287254904367425068e+00 2.000000000000000000e+00
1.315209476219547202e+00 2.000000000000000000e+00
1.318261261451265209e+00 2.000000000000000000e+00
1.333041563147082220e+00 2.000000000000000000e+00
1.349573283975192828e+00 2.000000000000000000e+00
1.375511077624367973e+00 2.000000000000000000e+00
1.388228632248395877e+00 2.000000000000000000e+00
1.403674452894582370e+00 2.000000000000000000e+00
1.446812099009426422e+00 2.000000000000000000e+00
1.465044427805933580e+00 2.000000000000000000e+00
1.481546221880756242e+00 2.000000000000000000e+00
1.499155024141144432e+00 2.000000000000000000e+00
1.507739484833492183e+00 2.000000000000000000e+00
1.541326539646521221e+00 2.000000000000000000e+00
1.556603335909750863e+00 2.000000000000000000e+00
1.574221824803533343e+00 2.000000000000000000e+00
1.587867767935304153e+00 2.000000000000000000e+00
1.623771181852541323e+00 2.000000000000000000e+00
1.662898033023808786e+00 2.000000000000000000e+00
1.676368060648679936e+00 2.000000000000000000e+00
1.690897770069881512e+00 2.000000000000000000e+00
1.701142797358660363e+00 2.000000000000000000e+00
1.737445179020876251e+00 2.000000000000000000e+00
1.764635299657405509e+00 2.000000000000000000e+00
1.791677011068318670e+00 2.000000000000000000e+00
1.813612123126099318e+00 2.000000000000000000e+00
1.824622609835649278e+00 2.000000000000000000e+00
1.833656316609627801e+00 2.000000000000000000e+00
1.859771085483776343e+00 2.000000000000000000e+00
1.873140147765975039e+00 2.000000000000000000e+00
1.902118209312756436e+00 2.000000000000000000e+00
1.988120755293936170e+00 2.000000000000000000e+00
2.032191408860610338e+00 2.000000000000000000e+00
2.038315849683978165e+00 2.000000000000000000e+00
2.066370680057489917e+00 2.000000000000000000e+00
2.083922286668339119e+00 2.000000000000000000e+00
2.114102623806268788e+00 2.000000000000000000e+00
2.152455508625823022e+00 2.000000000000000000e+00
2.161888201084230854e+00 2.000000000000000000e+00
2.203950673363695323e+00 2.000000000000000000e+00
2.226386171415239090e+00 2.000000000000000000e+00
2.255574195317092467e+00 2.000000000000000000e+00
2.280965499692854337e+00 2.000000000000000000e+00
2.332617732841200997e+00 2.000000000000000000e+00
2.392835274691215375e+00 2.000000000000000000e+00
2.456649498682241362e+00 2.000000000000000000e+00
2.494344459759895383e+00 2.000000000000000000e+00
2.506267849320819696e+00 2.000000000000000000e+00
2.543781321396511697e+00 2.000000000000000000e+00
2.624178280309062750e+00 2.000000000000000000e+00
2.657942728130013421e+00 2.000000000000000000e+00
2.758266441772212474e+00 2.000000000000000000e+00
2.776758629556265401e+00 2.000000000000000000e+00
2.805278920820521105e+00 2.000000000000000000e+00
2.903479316462130644e+00 2.000000000000000000e+00
2.917522965792714640e+00 2.000000000000000000e+00
3.001645840224663075e+00 2.000000000000000000e+00
3.150574246493977437e+00 2.000000000000000000e+00
3.173718736575389610e+00 2.000000000000000000e+00
3.260890774569752182e+00 2.000000000000000000e+00
3.381330971331210300e+00 2.000000000000000000e+00
3.535119521635541773e+00 2.000000000000000000e+00
3.665001520584677763e+00 2.000000000000000000e+00
4.124128135193881661e+00 2.000000000000000000e+00
-2.897949797696252716e+00 1.000000000000000000e+00
-2.761884532616270427e+00 1.000000000000000000e+00
-2.631063201008646768e+00 1.000000000000000000e+00
-2.618391660422080491e+00 1.000000000000000000e+00
-2.530367494404374806e+00 1.000000000000000000e+00
-2.455338349735271208e+00 1.000000000000000000e+00
-2.304062709600301240e+00 1.000000000000000000e+00
-2.292469944845016538e+00 1.000000000000000000e+00
-2.259343999690738514e+00 1.000000000000000000e+00
-2.164605241686076820e+00 1.000000000000000000e+00
-2.102312058018258600e+00 1.000000000000000000e+00
-2.096986946709831212e+00 1.000000000000000000e+00
-2.062301806938604987e+00 1.000000000000000000e+00
-1.985847000110628535e+00 1.000000000000000000e+00
-1.975348472556869739e+00 1.000000000000000000e+00
-1.949626727851382357e+00 1.000000000000000000e+00
-1.875653457101278399e+00 1.000000000000000000e+00
-1.857576821199163009e+00 1.000000000000000000e+00
-1.820720119542768467e+00 1.000000000000000000e+00
-1.775399277235700124e+00 1.000000000000000000e+00
-1.742483418756353819e+00 1.000000000000000000e+00
-1.707378981374047866e+00 1.000000000000000000e+00
-1.676826793248355374e+00 1.000000000000000000e+00
-1.647105521492672198e+00 1.000000000000000000e+00
-1.615268595868647239e+00 1.000000000000000000e+00
-1.584277371434565040e+00 1.000000000000000000e+00
-1.525122916641155069e+00 1.000000000000000000e+00
-1.503807788101191978e+00 1.000000000000000000e+00
-1.492517163132612179e+00 1.000000000000000000e+00
-1.468507465002139911e+00 1.000000000000000000e+00
-1.446816174880636074e+00 1.000000000000000000e+00
-1.437726079866554540e+00 1.000000000000000000e+00
-1.379853798081832839e+00 1.000000000000000000e+00
-1.341541062860672096e+00 1.000000000000000000e+00
-1.312466104012097068e+00 1.000000000000000000e+00
-1.310140418847316246e+00 1.000000000000000000e+00
-1.295934327020259458e+00 1.000000000000000000e+00
-1.275255626354079741e+00 1.000000000000000000e+00
-1.265719612902924673e+00 1.000000000000000000e+00
-1.249337536763521994e+00 1.000000000000000000e+00
-1.235554524288241085e+00 1.000000000000000000e+00
-1.211445522879884606e+00 1.000000000000000000e+00
-1.173518409511698835e+00 1.000000000000000000e+00
-1.146734329327681934e+00 1.000000000000000000e+00
-1.108186174737595842e+00 1.000000000000000000e+00
-1.096869206724141455e+00 1.000000000000000000e+00
-1.090448703765343863e+00 1.000000000000000000e+00
-1.075362955879697324e+00 1.000000000000000000e+00
-1.055165250205100325e+00 1.000000000000000000e+00
-1.035366548694429678e+00 1.000000000000000000e+00
-1.010899520467755552e+00 1.000000000000000000e+00
-9.930506022628652341e-01 1.000000000000000000e+00
-9.817739468543604797e-01 1.000000000000000000e+00
-9.704092281140365150e-01 1.000000000000000000e+00
-9.379174836131584092e-01 1.000000000000000000e+00
-9.231699535363061537e-01 1.000000000000000000e+00
-9.052241659301626386e-01 1.000000000000000000e+00
-8.891099668137268930e-01 1.000000000000000000e+00
-8.677493060910600464e-01 1.000000000000000000e+00
-8.509473235934521540e-01 1.000000000000000000e+00
-8.422333490900621999e-01 1.000000000000000000e+00
-8.267245018337878726e-01 1.000000000000000000e+00
-8.079673064429629958e-01 1.000000000000000000e+00
-7.980985401955749126e-01 1.000000000000000000e+00
-7.886661012123010739e-01 1.000000000000000000e+00
-7.818772873020914949e-01 1.000000000000000000e+00
-7.656844826711983742e-01 1.000000000000000000e+00
-7.440938397155140160e-01 1.000000000000000000e+00
-7.294917449296696166e-01 1.000000000000000000e+00
-7.089919944802599572e-01 1.000000000000000000e+00
-6.946837784641134439e-01 1.000000000000000000e+00
-6.651326342974257511e-01 1.000000000000000000e+00
-6.382129560285632053e-01 1.000000000000000000e+00
-6.246091183210966680e-01 1.000000000000000000e+00
-6.106178687226632151e-01 1.000000000000000000e+00
-5.921707091134891243e-01 1.000000000000000000e+00
-5.849155829623476910e-01 1.000000000000000000e+00
-5.727750185913340619e-01 1.000000000000000000e+00
-5.684579511041968347e-01 1.000000000000000000e+00
-5.167870133353879014e-01 1.000000000000000000e+00
-5.101192587323988281e-01 1.000000000000000000e+00
-4.903900064337159415e-01 1.000000000000000000e+00
-4.804011547324179565e-01 1.000000000000000000e+00
-4.769349093992142907e-01 1.000000000000000000e+00
-4.607074710874030088e-01 1.000000000000000000e+00
-4.475875692725218569e-01 1.000000000000000000e+00
-4.389163182773391791e-01 1.000000000000000000e+00
-4.114922927751548665e-01 1.000000000000000000e+00
-4.006629934704407092e-01 1.000000000000000000e+00
-3.963628869767684137e-01 1.000000000000000000e+00
-3.749419946332368525e-01 1.000000000000000000e+00
-3.693526107041008033e-01 1.000000000000000000e+00
-3.421346492482789103e-01 1.000000000000000000e+00
-3.221531031600778361e-01 1.000000000000000000e+00
-3.068427345149638552e-01 1.000000000000000000e+00
-3.031981513333548151e-01 1.000000000000000000e+00
-2.734483455090070403e-01 1.000000000000000000e+00
-2.571733326776378115e-01 1.000000000000000000e+00
-2.536885183400007793e-01 1.000000000000000000e+00
-2.227101264914068679e-01 1.000000000000000000e+00
-2.189821748889275999e-01 1.000000000000000000e+00
-2.099400309269142118e-01 1.000000000000000000e+00
-1.887560270722725420e-01 1.000000000000000000e+00
-1.734939764429239972e-01 1.000000000000000000e+00
-1.712812128393873812e-01 1.000000000000000000e+00
-1.664767871165863389e-01 1.000000000000000000e+00
-1.515758993864888549e-01 1.000000000000000000e+00
-1.337764568632614781e-01 1.000000000000000000e+00
-1.038820338538814225e-01 1.000000000000000000e+00
-1.024796562249226523e-01 1.000000000000000000e+00
-8.954815837019028391e-02 1.000000000000000000e+00
-7.474076019100074630e-02 1.000000000000000000e+00
-5.776727908067443712e-02 1.000000000000000000e+00
-4.933088374778873963e-02 1.000000000000000000e+00
-2.806106740572577793e-02 1.000000000000000000e+00
-2.187888449108482680e-02 1.000000000000000000e+00
-2.572317068725534124e-03 1.000000000000000000e+00
1.038161112802987208e-02 1.000000000000000000e+00
2.520138329246783548e-02 1.000000000000000000e+00
2.789914452387918034e-02 1.000000000000000000e+00
3.767554285341007114e-02 1.000000000000000000e+00
7.524002572028881675e-02 1.000000000000000000e+00
9.937989026881965948e-02 1.000000000000000000e+00
1.148328369772541047e-01 1.000000000000000000e+00
1.188650786689014610e-01 1.000000000000000000e+00
1.343063171759032448e-01 1.000000000000000000e+00
1.471329943694755504e-01 1.000000000000000000e+00
1.539567963222668590e-01 1.000000000000000000e+00
1.650209140277146547e-01 1.000000000000000000e+00
1.751419693744634687e-01 1.000000000000000000e+00
1.906035474802352803e-01 1.000000000000000000e+00
1.933086778107621917e-01 1.000000000000000000e+00
2.166949393265031332e-01 1.000000000000000000e+00
2.385071017665450765e-01 1.000000000000000000e+00
2.556842550758623989e-01 1.000000000000000000e+00
2.616810905981669100e-01 1.000000000000000000e+00
2.756996012535036233e-01 1.000000000000000000e+00
2.805831976037329034e-01 1.000000000000000000e+00
2.904997234269286466e-01 1.000000000000000000e+00
3.028465690102306596e-01 1.000000000000000000e+00
3.194067572271402922e-01 1.000000000000000000e+00
3.391211656389613305e-01 1.000000000000000000e+00
3.502555542154277002e-01 1.000000000000000000e+00
3.605384161694540346e-01 1.000000000000000000e+00
3.676891961111178331e-01 1.000000000000000000e+00
3.872126874957661502e-01 1.000000000000000000e+00
3.890623137654354857e-01 1.000000000000000000e+00
4.110371078130100053e-01 1.000000000000000000e+00
4.255895599900428872e-01 1.000000000000000000e+00
4.398561455084423755e-01 1.000000000000000000e+00
4.435413311618698895e-01 1.000000000000000000e+00
4.601653507787621389e-01 1.000000000000000000e+00
4.746873420729703086e-01 1.000000000000000000e+00
4.835581662508164347e-01 1.000000000000000000e+00
5.080493186088417268e-01 1.000000000000000000e+00
5.274620339906598288e-01 1.000000000000000000e+00
5.516327417115094445e-01 1.000000000000000000e+00
5.636952556985133089e-01 1.000000000000000000e+00
5.774706397650483103e-01 1.000000000000000000e+00
5.856864447813475705e-01 1.000000000000000000e+00
5.989382029238065064e-01 1.000000000000000000e+00
6.083754618572182471e-01 1.000000000000000000e+00
6.329932898215896442e-01 1.000000000000000000e+00
6.437579533527106879e-01 1.000000000000000000e+00
6.481516589088647251e-01 1.000000000000000000e+00
6.586810172908862393e-01 1.000000000000000000e+00
6.720839107790972378e-01 1.000000000000000000e+00
6.841170614510152514e-01 1.000000000000000000e+00
6.846733352171257003e-01 1.000000000000000000e+00
7.028218695199524024e-01 1.000000000000000000e+00
7.361663980879502578e-01 1.000000000000000000e+00
7.374487032940765241e-01 1.000000000000000000e+00
7.482328533824662564e-01 1.000000000000000000e+00
7.621459814240832964e-01 1.000000000000000000e+00
7.785155322451001725e-01 1.000000000000000000e+00
7.920691284035074053e-01 1.000000000000000000e+00
7.983206491913449332e-01 1.000000000000000000e+00
8.162334898998369059e-01 1.000000000000000000e+00
8.387865885085943329e-01 1.000000000000000000e+00
8.451419710447867217e-01 1.000000000000000000e+00
8.676930506498361506e-01 1.000000000000000000e+00
8.756372565858266954e-01 1.000000000000000000e+00
8.940309871612710513e-01 1.000000000000000000e+00
9.177231472464200124e-01 1.000000000000000000e+00
9.309877459833704183e-01 1.000000000000000000e+00
9.395937546971343535e-01 1.000000000000000000e+00
9.454671123755098439e-01 1.000000000000000000e+00
9.668610977680617280e-01 1.000000000000000000e+00
9.755619888659550210e-01 1.000000000000000000e+00
9.893469326633694827e-01 1.000000000000000000e+00
9.938152961372704874e-01 1.000000000000000000e+00
1.007798428865734230e+00 1.000000000000000000e+00
1.026381404590083868e+00 1.000000000000000000e+00
1.042182683479956573e+00 1.000000000000000000e+00
1.067500987144588409e+00 1.000000000000000000e+00
1.087188754459783135e+00 1.000000000000000000e+00
1.094777034693182882e+00 1.000000000000000000e+00
1.114350893502039641e+00 1.000000000000000000e+00
1.120716163052774439e+00 1.000000000000000000e+00
1.125640553930587373e+00 1.000000000000000000e+00
1.145516027708982865e+00 1.000000000000000000e+00
1.160913734733627578e+00 1.000000000000000000e+00
1.177226383571829293e+00 1.000000000000000000e+00
1.188878745765719502e+00 1.000000000000000000e+00
1.204725012700531561e+00 1.000000000000000000e+00
1.228080993326459369e+00 1.000000000000000000e+00
1.251994348524703593e+00 1.000000000000000000e+00
1.258290919294221100e+00 1.000000000000000000e+00
1.263745403412094070e+00 1.000000000000000000e+00
1.290281413817843781e+00 1.000000000000000000e+00
1.297334643199755888e+00 1.000000000000000000e+00
1.319106033528298472e+00 1.000000000000000000e+00
1.325798383144842552e+00 1.000000000000000000e+00
1.365302006066367424e+00 1.000000000000000000e+00
1.376193775200015734e+00 1.000000000000000000e+00
1.396149933928776177e+00 1.000000000000000000e+00
1.408370200003618011e+00 1.000000000000000000e+00
1.426284421084479392e+00 1.000000000000000000e+00
1.427832123249456409e+00 1.000000000000000000e+00
1.444004686375966795e+00 1.000000000000000000e+00
1.465462625635453264e+00 1.000000000000000000e+00
1.475493732439814520e+00 1.000000000000000000e+00
1.516156380387809088e+00 1.000000000000000000e+00
1.552280776907585036e+00 1.000000000000000000e+00
1.558897290038800065e+00 1.000000000000000000e+00
1.572424670990966833e+00 1.000000000000000000e+00
1.586411328612540306e+00 1.000000000000000000e+00
1.607792073649366049e+00 1.000000000000000000e+00
1.622763602404591499e+00 1.000000000000000000e+00
1.644725844377335822e+00 1.000000000000000000e+00
1.652153757329763772e+00 1.000000000000000000e+00
1.666097156201624685e+00 1.000000000000000000e+00
1.671102107335233011e+00 1.000000000000000000e+00
1.675926665566088269e+00 1.000000000000000000e+00
1.718254852084263318e+00 1.000000000000000000e+00
1.744796402275487157e+00 1.000000000000000000e+00
1.758424720106166239e+00 1.000000000000000000e+00
1.779597546208317116e+00 1.000000000000000000e+00
1.795662292364511581e+00 1.000000000000000000e+00
1.807276402677777005e+00 1.000000000000000000e+00
1.855300867380190066e+00 1.000000000000000000e+00
1.869146282217609256e+00 1.000000000000000000e+00
1.882453044759025307e+00 1.000000000000000000e+00
1.905451431812115848e+00 1.000000000000000000e+00
1.938825992883528748e+00 1.000000000000000000e+00
1.942710533790136029e+00 1.000000000000000000e+00
1.955767670273954373e+00 1.000000000000000000e+00
1.962035286547844093e+00 1.000000000000000000e+00
1.979241865225404906e+00 1.000000000000000000e+00
2.014925844517692077e+00 1.000000000000000000e+00
2.059888770620302179e+00 1.000000000000000000e+00
2.082713890139249902e+00 1.000000000000000000e+00
2.098439897134991128e+00 1.000000000000000000e+00
2.127665598213964948e+00 1.000000000000000000e+00
2.144924020682741794e+00 1.000000000000000000e+00
2.171622263141020248e+00 1.000000000000000000e+00
2.189966420575988781e+00 1.000000000000000000e+00
2.201225693657967941e+00 1.000000000000000000e+00
2.242442911045483545e+00 1.000000000000000000e+00
2.261562429350280290e+00 1.000000000000000000e+00
2.284034610078109928e+00 1.000000000000000000e+00
2.313504953642040007e+00 1.000000000000000000e+00
2.320557124656223102e+00 1.000000000000000000e+00
2.360490986109744949e+00 1.000000000000000000e+00
2.389770911166258838e+00 1.000000000000000000e+00
2.400348679100874350e+00 1.000000000000000000e+00
2.429604465210853270e+00 1.000000000000000000e+00
2.492439882709351462e+00 1.000000000000000000e+00
2.502489948488435978e+00 1.000000000000000000e+00
2.549989811538668771e+00 1.000000000000000000e+00
2.583115349257109727e+00 1.000000000000000000e+00
2.639297990885206335e+00 1.000000000000000000e+00
2.647599197112839420e+00 1.000000000000000000e+00
2.681015794740574165e+00 1.000000000000000000e+00
2.733748576779043482e+00 1.000000000000000000e+00
2.749994471433685916e+00 1.000000000000000000e+00
2.789619139140731452e+00 1.000000000000000000e+00
2.845286467877635062e+00 1.000000000000000000e+00
2.899452094044236095e+00 1.000000000000000000e+00
2.938091789302021528e+00 1.000000000000000000e+00
2.956373852847077988e+00 1.000000000000000000e+00
3.027018703910215880e+00 1.000000000000000000e+00
3.062153374966327668e+00 1.000000000000000000e+00
3.091114910595850418e+00 1.000000000000000000e+00
3.156133711103032535e+00 1.000000000000000000e+00
3.247191278269181858e+00 1.000000000000000000e+00
3.373562208030055132e+00 1.000000000000000000e+00
3.423952174716806685e+00 1.000000000000000000e+00
3.455929183913164060e+00 1.000000000000000000e+00
3.554387092293450401e+00 1.000000000000000000e+00
3.705456103094324938e+00 1.000000000000000000e+00
3.766892532259541682e+00 1.000000000000000000e+00
3.825181365651995069e+00 1.000000000000000000e+00
3.937115581161608535e+00 1.000000000000000000e+00
4.217396510496664419e+00 1.000000000000000000e+00
4.450519848755855712e+00 1.000000000000000000e+00
4.707551438649701936e+00 1.000000000000000000e+00
-2.764874725676539580e+00 0.000000000000000000e+00
-2.536684180955702583e+00 0.000000000000000000e+00
-2.309349850804227611e+00 0.000000000000000000e+00
-2.164786146119086929e+00 0.000000000000000000e+00
-2.113536217204816214e+00 0.000000000000000000e+00
-2.099888270110322086e+00 0.000000000000000000e+00
-1.974232392407918812e+00 0.000000000000000000e+00
-1.890114959936651573e+00 0.000000000000000000e+00
-1.686485526170631521e+00 0.000000000000000000e+00
-1.648339336565134872e+00 0.000000000000000000e+00
-1.525871090080274328e+00 0.000000000000000000e+00
-1.404536721335405858e+00 0.000000000000000000e+00
-1.339421188392573514e+00 0.000000000000000000e+00
-1.317902856705307268e+00 0.000000000000000000e+00
-1.306701172666890232e+00 0.000000000000000000e+00
-1.296429083031579887e+00 0.000000000000000000e+00
-1.226120916411618245e+00 0.000000000000000000e+00
-1.148662888712680408e+00 0.000000000000000000e+00
-1.077708038111654831e+00 0.000000000000000000e+00
-1.024300571246060665e+00 0.000000000000000000e+00
-9.750062999905407812e-01 0.000000000000000000e+00
-9.464216547545780678e-01 0.000000000000000000e+00
-9.200532927421968266e-01 0.000000000000000000e+00
-8.536755622066964921e-01 0.000000000000000000e+00
-8.264788425243376757e-01 0.000000000000000000e+00
-7.994556017640327417e-01 0.000000000000000000e+00
-7.501328313628321531e-01 0.000000000000000000e+00
-7.076414339635648254e-01 0.000000000000000000e+00
-6.495431723766017518e-01 0.000000000000000000e+00
-6.190118134795008498e-01 0.000000000000000000e+00
-5.921047041050164772e-01 0.000000000000000000e+00
-5.679645938905983904e-01 0.000000000000000000e+00
-5.048668054327297705e-01 0.000000000000000000e+00
-4.829397601578588328e-01 0.000000000000000000e+00
-4.569765313053679168e-01 0.000000000000000000e+00
-4.420186514045739146e-01 0.000000000000000000e+00
-3.808865876650142090e-01 0.000000000000000000e+00
-3.472815511185459170e-01 0.000000000000000000e+00
-3.313462026852840858e-01 0.000000000000000000e+00
-3.210920729677088636e-01 0.000000000000000000e+00
-2.500506697331743577e-01 0.000000000000000000e+00
-2.210669360112803572e-01 0.000000000000000000e+00
-1.735081879478267142e-01 0.000000000000000000e+00
-1.636105843726328446e-01 0.000000000000000000e+00
-1.344334822202641333e-01 0.000000000000000000e+00
-6.493271808452204252e-02 0.000000000000000000e+00
-6.001777480133239917e-02 0.000000000000000000e+00
-1.821638541906318159e-02 0.000000000000000000e+00
2.043191840701128262e-02 0.000000000000000000e+00
5.784191886950070666e-02 0.000000000000000000e+00
8.446871246272950884e-02 0.000000000000000000e+00
1.207103647669843516e-01 0.000000000000000000e+00
1.511199654836542505e-01 0.000000000000000000e+00
1.615179349586515489e-01 0.000000000000000000e+00
2.101575636172557937e-01 0.000000000000000000e+00
2.202816583712234877e-01 0.000000000000000000e+00
2.530824126716056943e-01 0.000000000000000000e+00
2.648809487875479762e-01 0.000000000000000000e+00
3.066462048213624558e-01 0.000000000000000000e+00
3.650905243858952876e-01 0.000000000000000000e+00
3.888781594570036027e-01 0.000000000000000000e+00
4.029318283264627931e-01 0.000000000000000000e+00
4.262138589637037289e-01 0.000000000000000000e+00
4.485357569922670540e-01 0.000000000000000000e+00
4.669245107596584066e-01 0.000000000000000000e+00
5.340479207491235503e-01 0.000000000000000000e+00
5.795095455088301595e-01 0.000000000000000000e+00
5.829406527887990297e-01 0.000000000000000000e+00
6.392066871048058818e-01 0.000000000000000000e+00
6.711440074313713700e-01 0.000000000000000000e+00
7.102105568348275888e-01 0.000000000000000000e+00
7.145938922129794202e-01 0.000000000000000000e+00
7.521342871601790492e-01 0.000000000000000000e+00
7.726906946308766955e-01 0.000000000000000000e+00
8.006785119868905509e-01 0.000000000000000000e+00
8.328022291543875077e-01 0.000000000000000000e+00
8.791487162381477205e-01 0.000000000000000000e+00
9.409037997501109585e-01 0.000000000000000000e+00
9.522354243357459280e-01 0.000000000000000000e+00
9.768889994701666080e-01 0.000000000000000000e+00
9.862522508491597950e-01 0.000000000000000000e+00
1.069943253073408096e+00 0.000000000000000000e+00
1.090191183478190551e+00 0.000000000000000000e+00
1.114231389295352370e+00 0.000000000000000000e+00
1.147686625504851232e+00 0.000000000000000000e+00
1.177615879648523434e+00 0.000000000000000000e+00
1.209519434428160789e+00 0.000000000000000000e+00
1.236853055445036764e+00 0.000000000000000000e+00
1.321217358673238529e+00 0.000000000000000000e+00
1.328859631210796088e+00 0.000000000000000000e+00
1.341154683243725776e+00 0.000000000000000000e+00
1.381228268055015418e+00 0.000000000000000000e+00
1.419299037130493657e+00 0.000000000000000000e+00
1.480451307159323937e+00 0.000000000000000000e+00
1.519336195178157434e+00 0.000000000000000000e+00
1.552337621280624136e+00 0.000000000000000000e+00
1.583358445886552390e+00 0.000000000000000000e+00
1.627497765134819252e+00 0.000000000000000000e+00
1.631420349712739970e+00 0.000000000000000000e+00
1.708485177402873534e+00 0.000000000000000000e+00
1.717414838400511901e+00 0.000000000000000000e+00
1.780065773594457390e+00 0.000000000000000000e+00
1.819240282190926372e+00 0.000000000000000000e+00
1.840813557397769529e+00 0.000000000000000000e+00
1.893127010678634425e+00 0.000000000000000000e+00
1.945815141393869130e+00 0.000000000000000000e+00
2.000197998381981090e+00 0.000000000000000000e+00
2.087413704630683764e+00 0.000000000000000000e+00
2.107514119734409608e+00 0.000000000000000000e+00
2.128189511376537002e+00 0.000000000000000000e+00
2.196305425379465603e+00 0.000000000000000000e+00
2.262117016286847804e+00 0.000000000000000000e+00
2.350657105783822143e+00 0.000000000000000000e+00
2.369300386911391776e+00 0.000000000000000000e+00
2.405446070661186209e+00 0.000000000000000000e+00
2.453386378579036187e+00 0.000000000000000000e+00
2.543488522464435242e+00 0.000000000000000000e+00
2.608605212144303298e+00 0.000000000000000000e+00
2.686157059040000572e+00 0.000000000000000000e+00
2.754724660181532503e+00 0.000000000000000000e+00
2.870790802451507862e+00 0.000000000000000000e+00
2.902112552202325002e+00 0.000000000000000000e+00
2.988034121148612332e+00 0.000000000000000000e+00
3.101289114575005001e+00 0.000000000000000000e+00
3.196203294388761051e+00 0.000000000000000000e+00
3.293277754896442922e+00 0.000000000000000000e+00
3.374830293173424867e+00 0.000000000000000000e+00
3.506671276340944665e+00 0.000000000000000000e+00
3.626041642455080982e+00 0.000000000000000000e+00
3.808246408985943798e+00 0.000000000000000000e+00
4.108728587658465159e+00 0.000000000000000000e+00
5.074686134393747494e+00 0.000000000000000000e+00
