# Runtime: 10.909923553466797
-1.250000000000000222e+00 4.000000000000000000e+00
-1.919115389584345577e+00 3.000000000000000000e+00
-1.136272146542632644e+00 3.000000000000000000e+00
-8.702947715268153361e-01 3.000000000000000000e+00
-5.993736768543768134e-01 3.000000000000000000e+00
1.432766014705608333e-02 3.000000000000000000e+00
2.113066822940476708e-01 3.000000000000000000e+00
5.494216420670667844e-01 3.000000000000000000e+00
-1.988501972948506724e+00 2.000000000000000000e+00
-1.665167869398263667e+00 2.000000000000000000e+00
-1.133407806773901072e+00 2.000000000000000000e+00
-1.029181826751129236e+00 2.000000000000000000e+00
-1.004130140147927008e+00 2.000000000000000000e+00
-7.301751319659333106e-01 2.000000000000000000e+00
-5.240236233964422619e-01 2.000000000000000000e+00
-3.905440891059946407e-01 2.000000000000000000e+00
-3.259691000228491231e-01 2.000000000000000000e+00
-1.142702143925089647e-01 2.000000000000000000e+00
6.944551437801306515e-02 2.000000000000000000e+00
2.579083600364621143e-01 2.000000000000000000e+00
3.657900784089420654e-01 2.000000000000000000e+00
4.755286659540664540e-01 2.000000000000000000e+00
7.824967524597724600e-01 2.000000000000000000e+00
8.549420020527453978e-01 2.000000000000000000e+00
1.002282767368332550e+00 2.000000000000000000e+00
1.472787500904253255e+00 2.000000000000000000e+00
1.617379606912847656e+00 2.000000000000000000e+00
2.006810526428020935e+00 2.000000000000000000e+00
-2.023506686513202979e+00 1.000000000000000000e+00
-1.694065415417727927e+00 1.000000000000000000e+00
-1.342338755419409946e+00 1.000000000000000000e+00
-1.076216797842340478e+00 1.000000000000000000e+00
-8.757780638455141542e-01 1.000000000000000000e+00
-8.363571511453041785e-01 1.000000000000000000e+00
-5.695136197614516504e-01 1.000000000000000000e+00
-4.111303208785722085e-01 1.000000000000000000e+00
-3.448408110759938472e-01 1.000000000000000000e+00
-2.250439468125983999e-01 1.000000000000000000e+00
-3.773562234585608327e-02 1.000000000000000000e+00
1.057081941031116912e-01 1.000000000000000000e+00
1.824246681746214682e-01 1.000000000000000000e+00
2.338523876949968605e-01 1.000000000000000000e+00
5.205157077245552433e-01 1.000000000000000000e+00
5.342043212870924984e-01 1.000000000000000000e+00
5.650597130235778254e-01 1.000000000000000000e+00
7.287766209325355904e-01 1.000000000000000000e+00
8.584140400799544768e-01 1.000000000000000000e+00
9.749927204735686637e-01 1.000000000000000000e+00
1.135355998778041942e+00 1.000000000000000000e+00
1.242714395574403552e+00 1.000000000000000000e+00
1.436477637004632602e+00 1.000000000000000000e+00
1.669405117518611537e+00 1.000000000000000000e+00
1.773543182880355173e+00 1.000000000000000000e+00
2.061190814943254956e+00 1.000000000000000000e+00
2.340587799759551668e+00 1.000000000000000000e+00
3.073303871105117047e+00 1.000000000000000000e+00
-1.706260944588583683e+00 0.000000000000000000e+00
-1.094765273137606965e+00 0.000000000000000000e+00
-6.224039622715805686e-01 0.000000000000000000e+00
-4.854628970922448272e-01 0.000000000000000000e+00
-3.695278074313451677e-01 0.000000000000000000e+00
-2.682832885145957497e-02 0.000000000000000000e+00
3.945918975334252177e-01 0.000000000000000000e+00
7.205821052565705154e-01 0.000000000000000000e+00
8.073658112098150985e-01 0.000000000000000000e+00
1.200323265521958449e+00 0.000000000000000000e+00
1.594163495291834431e+00 0.000000000000000000e+00
1.921394434884536873e+00 0.000000000000000000e+00
2.304036569494561704e+00 0.000000000000000000e+00
2.862791634180118283e+00 0.000000000000000000e+00
