# Runtime: 37.752119302749634
-2.500000000000001776e+00 6.500000000000000000e+00
-3.166696809073846097e+00 5.500000000000000000e+00
-2.462004763058186274e+00 5.500000000000000000e+00
-2.367492761321877914e+00 5.500000000000000000e+00
-2.234430620389678435e+00 5.500000000000000000e+00
-1.951849458187022046e+00 5.500000000000000000e+00
-1.842523481661074491e+00 5.500000000000000000e+00
-1.530374226248748526e+00 5.500000000000000000e+00
-1.232130356551035311e+00 5.500000000000000000e+00
-1.130293423121447649e+00 5.500000000000000000e+00
-8.032013209167110368e-01 5.500000000000000000e+00
-7.005033520600830732e-01 5.500000000000000000e+00
-5.784994274102978062e-01 5.500000000000000000e+00
-3.213716925516042711e+00 4.500000000000000000e+00
-3.086842682777176439e+00 4.500000000000000000e+00
-2.915022629898830431e+00 4.500000000000000000e+00
-2.813821065224103801e+00 4.500000000000000000e+00
-2.439405192325589944e+00 4.500000000000000000e+00
-2.420838710566882934e+00 4.500000000000000000e+00
-2.327877923944547511e+00 4.500000000000000000e+00
-2.275019331646766396e+00 4.500000000000000000e+00
-2.228143839876290055e+00 4.500000000000000000e+00
-2.198037581787949613e+00 4.500000000000000000e+00
-2.105427807723255107e+00 4.500000000000000000e+00
-2.023938876750494664e+00 4.500000000000000000e+00
-1.980959487746433823e+00 4.500000000000000000e+00
-1.904909629872022281e+00 4.500000000000000000e+00
-1.829796104136177659e+00 4.500000000000000000e+00
-1.796469958900570152e+00 4.500000000000000000e+00
-1.790706512645318327e+00 4.500000000000000000e+00
-1.729055760352214755e+00 4.500000000000000000e+00
-1.653886019223436143e+00 4.500000000000000000e+00
-1.632888537051250477e+00 4.500000000000000000e+00
-1.596423870486642027e+00 4.500000000000000000e+00
-1.552742862148434266e+00 4.500000000000000000e+00
-1.479857398501331689e+00 4.500000000000000000e+00
-1.388185317947339570e+00 4.500000000000000000e+00
-1.355412770242246046e+00 4.500000000000000000e+00
-1.311176091427713741e+00 4.500000000000000000e+00
-1.209699988705096318e+00 4.500000000000000000e+00
-1.189819839403770674e+00 4.500000000000000000e+00
-1.174813182592607586e+00 4.500000000000000000e+00
-1.121601797371882148e+00 4.500000000000000000e+00
-1.078280212824300532e+00 4.500000000000000000e+00
-1.018535636431991076e+00 4.500000000000000000e+00
-9.726176732628205590e-01 4.500000000000000000e+00
-9.170678094786077761e-01 4.500000000000000000e+00
-8.688244367805524337e-01 4.500000000000000000e+00
-7.685589893214216373e-01 4.500000000000000000e+00
-7.469002144231779994e-01 4.500000000000000000e+00
-6.523135546865227452e-01 4.500000000000000000e+00
-6.449126160729896640e-01 4.500000000000000000e+00
-6.308476567352228059e-01 4.500000000000000000e+00
-5.212054053355732464e-01 4.500000000000000000e+00
-5.071485697812577742e-01 4.500000000000000000e+00
-4.822342548098643156e-01 4.500000000000000000e+00
-4.197879267381479651e-01 4.500000000000000000e+00
-4.184258446581523572e-01 4.500000000000000000e+00
-3.630546851261106100e-01 4.500000000000000000e+00
-3.562082631697382484e-01 4.500000000000000000e+00
-2.455355568327700910e-01 4.500000000000000000e+00
-1.854554525508985141e-01 4.500000000000000000e+00
-1.712643209028750502e-01 4.500000000000000000e+00
-1.142707768746869940e-01 4.500000000000000000e+00
1.222628970759395695e-02 4.500000000000000000e+00
5.023882061414289973e-02 4.500000000000000000e+00
1.347394223227138532e-01 4.500000000000000000e+00
2.508016835174564085e-01 4.500000000000000000e+00
2.620090267526660188e-01 4.500000000000000000e+00
3.735378680395076700e-01 4.500000000000000000e+00
4.276484831862880087e-01 4.500000000000000000e+00
4.874070930141582436e-01 4.500000000000000000e+00
6.594506167653753081e-01 4.500000000000000000e+00
6.674129692596940666e-01 4.500000000000000000e+00
7.210493237859649795e-01 4.500000000000000000e+00
9.956279732412171013e-01 4.500000000000000000e+00
1.067157656993436010e+00 4.500000000000000000e+00
1.220640326389827113e+00 4.500000000000000000e+00
-3.239651180000918451e+00 3.500000000000000000e+00
-3.115705940689405651e+00 3.500000000000000000e+00
-2.993882897588905578e+00 3.500000000000000000e+00
-2.934282466056760796e+00 3.500000000000000000e+00
-2.850338601110108616e+00 3.500000000000000000e+00
-2.819087477800088060e+00 3.500000000000000000e+00
-2.744048084492265449e+00 3.500000000000000000e+00
-2.596216110585952475e+00 3.500000000000000000e+00
-2.554570310098936314e+00 3.500000000000000000e+00
-2.494921567892311565e+00 3.500000000000000000e+00
-2.469958793474347658e+00 3.500000000000000000e+00
-2.376072112534337588e+00 3.500000000000000000e+00
-2.325798877534846376e+00 3.500000000000000000e+00
-2.310211423925161434e+00 3.500000000000000000e+00
-2.283235763255748729e+00 3.500000000000000000e+00
-2.271178376975465429e+00 3.500000000000000000e+00
-2.193503756788682590e+00 3.500000000000000000e+00
-2.185773510615808934e+00 3.500000000000000000e+00
-2.177464704838758092e+00 3.500000000000000000e+00
-2.156420833416839322e+00 3.500000000000000000e+00
-2.086662253023493285e+00 3.500000000000000000e+00
-2.062452717294933180e+00 3.500000000000000000e+00
-2.051025630738502858e+00 3.500000000000000000e+00
-1.984809439761350935e+00 3.500000000000000000e+00
-1.947143083607087544e+00 3.500000000000000000e+00
-1.926971090915057694e+00 3.500000000000000000e+00
-1.898874628824631872e+00 3.500000000000000000e+00
-1.886140179799568273e+00 3.500000000000000000e+00
-1.853150530497165827e+00 3.500000000000000000e+00
-1.802860891467517934e+00 3.500000000000000000e+00
-1.789374133431305580e+00 3.500000000000000000e+00
-1.763201546641359307e+00 3.500000000000000000e+00
-1.745628049627976575e+00 3.500000000000000000e+00
-1.717202216323925112e+00 3.500000000000000000e+00
-1.693434132433628614e+00 3.500000000000000000e+00
-1.672515712675837651e+00 3.500000000000000000e+00
-1.667864574292599267e+00 3.500000000000000000e+00
-1.627746473479762424e+00 3.500000000000000000e+00
-1.596789878299682774e+00 3.500000000000000000e+00
-1.576462528585047540e+00 3.500000000000000000e+00
-1.569322250154389531e+00 3.500000000000000000e+00
-1.537152785549404488e+00 3.500000000000000000e+00
-1.524471257373245514e+00 3.500000000000000000e+00
-1.515408083329168321e+00 3.500000000000000000e+00
-1.506400591698669356e+00 3.500000000000000000e+00
-1.484312625935969132e+00 3.500000000000000000e+00
-1.431681412745535287e+00 3.500000000000000000e+00
-1.421000925130542214e+00 3.500000000000000000e+00
-1.395334369703369548e+00 3.500000000000000000e+00
-1.380907302653110902e+00 3.500000000000000000e+00
-1.367848760405778519e+00 3.500000000000000000e+00
-1.332415036892290905e+00 3.500000000000000000e+00
-1.311432478695174764e+00 3.500000000000000000e+00
-1.294598332724745893e+00 3.500000000000000000e+00
-1.275657754335747462e+00 3.500000000000000000e+00
-1.234521182042077170e+00 3.500000000000000000e+00
-1.221255855874717744e+00 3.500000000000000000e+00
-1.202584198038042063e+00 3.500000000000000000e+00
-1.194732720664595682e+00 3.500000000000000000e+00
-1.162338586066551605e+00 3.500000000000000000e+00
-1.149315077082611714e+00 3.500000000000000000e+00
-1.138541069278805606e+00 3.500000000000000000e+00
-1.130297959995395729e+00 3.500000000000000000e+00
-1.112737837988583722e+00 3.500000000000000000e+00
-1.088364765903826470e+00 3.500000000000000000e+00
-1.077919148356258461e+00 3.500000000000000000e+00
-1.054988932158693382e+00 3.500000000000000000e+00
-1.041436664416611979e+00 3.500000000000000000e+00
-1.024198889294227310e+00 3.500000000000000000e+00
-1.015877749179568523e+00 3.500000000000000000e+00
-1.013509976698359960e+00 3.500000000000000000e+00
-9.745336382038564116e-01 3.500000000000000000e+00
-9.625060780746413913e-01 3.500000000000000000e+00
-9.294395228291179034e-01 3.500000000000000000e+00
-9.192063256238236502e-01 3.500000000000000000e+00
-8.799932589708597819e-01 3.500000000000000000e+00
-8.699872138271392830e-01 3.500000000000000000e+00
-8.614329671297937807e-01 3.500000000000000000e+00
-8.344684957548992310e-01 3.500000000000000000e+00
-8.122586646278994182e-01 3.500000000000000000e+00
-7.962342959526985675e-01 3.500000000000000000e+00
-7.919402037429849051e-01 3.500000000000000000e+00
-7.680222821456784699e-01 3.500000000000000000e+00
-7.359593338935981333e-01 3.500000000000000000e+00
-7.275321578693676461e-01 3.500000000000000000e+00
-6.863531962643080186e-01 3.500000000000000000e+00
-6.841036578204705565e-01 3.500000000000000000e+00
-6.700966253043897369e-01 3.500000000000000000e+00
-6.497138799412434107e-01 3.500000000000000000e+00
-6.331765738003168886e-01 3.500000000000000000e+00
-6.136864499761215397e-01 3.500000000000000000e+00
-6.001750374670343779e-01 3.500000000000000000e+00
-5.969998794595958724e-01 3.500000000000000000e+00
-5.839417217224767143e-01 3.500000000000000000e+00
-5.699997621798366110e-01 3.500000000000000000e+00
-5.378495968013032869e-01 3.500000000000000000e+00
-5.092283671895080355e-01 3.500000000000000000e+00
-4.846542290214191917e-01 3.500000000000000000e+00
-4.756853731939093555e-01 3.500000000000000000e+00
-4.637799604847138712e-01 3.500000000000000000e+00
-4.559719676312413705e-01 3.500000000000000000e+00
-4.402752811726401982e-01 3.500000000000000000e+00
-4.293448184942050827e-01 3.500000000000000000e+00
-4.169966393069820532e-01 3.500000000000000000e+00
-3.909439965256258365e-01 3.500000000000000000e+00
-3.706373786097698630e-01 3.500000000000000000e+00
-3.652827463846478051e-01 3.500000000000000000e+00
-3.542907219058878954e-01 3.500000000000000000e+00
-3.403487410071135422e-01 3.500000000000000000e+00
-3.183250950596768769e-01 3.500000000000000000e+00
-3.034167119595171935e-01 3.500000000000000000e+00
-2.878595010388567688e-01 3.500000000000000000e+00
-2.736293586908409292e-01 3.500000000000000000e+00
-2.709366202086160857e-01 3.500000000000000000e+00
-2.473628711497757593e-01 3.500000000000000000e+00
-2.463075110183568506e-01 3.500000000000000000e+00
-2.108128725199820697e-01 3.500000000000000000e+00
-1.874143678867451757e-01 3.500000000000000000e+00
-1.595060355239007188e-01 3.500000000000000000e+00
-1.454313104826368552e-01 3.500000000000000000e+00
-1.336384046367732337e-01 3.500000000000000000e+00
-1.280632646328284108e-01 3.500000000000000000e+00
-1.263605775920709773e-01 3.500000000000000000e+00
-1.074416539987718827e-01 3.500000000000000000e+00
-8.866653601397492257e-02 3.500000000000000000e+00
-5.704892841836511908e-02 3.500000000000000000e+00
-4.496549166886302379e-02 3.500000000000000000e+00
-3.409395721625709669e-02 3.500000000000000000e+00
-2.293154816287380771e-02 3.500000000000000000e+00
7.790305238991262517e-03 3.500000000000000000e+00
2.972997413163241953e-02 3.500000000000000000e+00
7.844933973380809056e-02 3.500000000000000000e+00
8.306045743871691422e-02 3.500000000000000000e+00
9.031630638224188989e-02 3.500000000000000000e+00
1.082148616112690448e-01 3.500000000000000000e+00
1.242231021339614272e-01 3.500000000000000000e+00
1.433170248415402415e-01 3.500000000000000000e+00
1.486995121062822944e-01 3.500000000000000000e+00
1.821111309097247777e-01 3.500000000000000000e+00
1.934775410924530481e-01 3.500000000000000000e+00
2.025451555754479716e-01 3.500000000000000000e+00
2.165302283666480365e-01 3.500000000000000000e+00
2.255970081017898698e-01 3.500000000000000000e+00
2.424871625037392786e-01 3.500000000000000000e+00
2.815999798673758936e-01 3.500000000000000000e+00
2.844870528037027335e-01 3.500000000000000000e+00
3.156807155029559553e-01 3.500000000000000000e+00
3.254459114596134350e-01 3.500000000000000000e+00
3.338801715857628305e-01 3.500000000000000000e+00
3.666177044944078922e-01 3.500000000000000000e+00
4.136798341937521495e-01 3.500000000000000000e+00
4.265390635426780652e-01 3.500000000000000000e+00
4.419350188917881561e-01 3.500000000000000000e+00
4.733605794400489453e-01 3.500000000000000000e+00
5.068017875371922942e-01 3.500000000000000000e+00
5.245620086808815419e-01 3.500000000000000000e+00
5.414875942828062394e-01 3.500000000000000000e+00
5.621714031178298709e-01 3.500000000000000000e+00
5.902678765262006078e-01 3.500000000000000000e+00
6.205852546736462250e-01 3.500000000000000000e+00
6.284757715484237117e-01 3.500000000000000000e+00
6.316252188204686258e-01 3.500000000000000000e+00
6.676681909941114546e-01 3.500000000000000000e+00
6.806905811526835492e-01 3.500000000000000000e+00
7.282056764947480998e-01 3.500000000000000000e+00
7.392120802203395735e-01 3.500000000000000000e+00
7.511811026610250019e-01 3.500000000000000000e+00
7.692944993377288654e-01 3.500000000000000000e+00
7.983045887730298995e-01 3.500000000000000000e+00
8.741518091980307048e-01 3.500000000000000000e+00
8.854362136044535703e-01 3.500000000000000000e+00
9.072133925381318242e-01 3.500000000000000000e+00
9.109935812340984596e-01 3.500000000000000000e+00
9.359279886744016341e-01 3.500000000000000000e+00
9.746738802404194546e-01 3.500000000000000000e+00
9.787763665995554696e-01 3.500000000000000000e+00
1.002584785232275344e+00 3.500000000000000000e+00
1.068814927831491568e+00 3.500000000000000000e+00
1.074112669328378233e+00 3.500000000000000000e+00
1.103532478737012212e+00 3.500000000000000000e+00
1.120991348230451434e+00 3.500000000000000000e+00
1.159990565355314196e+00 3.500000000000000000e+00
1.254346518306533431e+00 3.500000000000000000e+00
1.268365210456138925e+00 3.500000000000000000e+00
1.275269199406504850e+00 3.500000000000000000e+00
1.294001748925809991e+00 3.500000000000000000e+00
1.300192790231011752e+00 3.500000000000000000e+00
1.332144993243075337e+00 3.500000000000000000e+00
1.354055803547174364e+00 3.500000000000000000e+00
1.417371084959301752e+00 3.500000000000000000e+00
1.452836502639458072e+00 3.500000000000000000e+00
1.501569583345303993e+00 3.500000000000000000e+00
1.532179100559342588e+00 3.500000000000000000e+00
1.640545250772309060e+00 3.500000000000000000e+00
1.656324325470309278e+00 3.500000000000000000e+00
1.702726839217193255e+00 3.500000000000000000e+00
1.741242977459241059e+00 3.500000000000000000e+00
1.746482796614437616e+00 3.500000000000000000e+00
1.803338667599924117e+00 3.500000000000000000e+00
1.959550113170978936e+00 3.500000000000000000e+00
2.042949960936604636e+00 3.500000000000000000e+00
2.064262257719269300e+00 3.500000000000000000e+00
2.181299288927248892e+00 3.500000000000000000e+00
2.244367857231854835e+00 3.500000000000000000e+00
2.285094501183979609e+00 3.500000000000000000e+00
2.348824477796367827e+00 3.500000000000000000e+00
2.492061465553375932e+00 3.500000000000000000e+00
2.865548621104691218e+00 3.500000000000000000e+00
-3.256086454261757357e+00 2.500000000000000000e+00
-3.131865719577827445e+00 2.500000000000000000e+00
-3.003786868903630225e+00 2.500000000000000000e+00
-2.946677623401335211e+00 2.500000000000000000e+00
-2.879403661660657754e+00 2.500000000000000000e+00
-2.866906872841159526e+00 2.500000000000000000e+00
-2.831640212547726687e+00 2.500000000000000000e+00
-2.768069740915688470e+00 2.500000000000000000e+00
-2.713513083237843571e+00 2.500000000000000000e+00
-2.656952067393453909e+00 2.500000000000000000e+00
-2.573711159182318298e+00 2.500000000000000000e+00
-2.529061400005507831e+00 2.500000000000000000e+00
-2.497153766021512400e+00 2.500000000000000000e+00
-2.492690789174288657e+00 2.500000000000000000e+00
-2.466527502066065747e+00 2.500000000000000000e+00
-2.339233967369173328e+00 2.500000000000000000e+00
-2.331950536734294754e+00 2.500000000000000000e+00
-2.325704963183411245e+00 2.500000000000000000e+00
-2.318322589840466463e+00 2.500000000000000000e+00
-2.245033084257069156e+00 2.500000000000000000e+00
-2.238486993626094268e+00 2.500000000000000000e+00
-2.229464334008597337e+00 2.500000000000000000e+00
-2.211201832301439296e+00 2.500000000000000000e+00
-2.209840312928978978e+00 2.500000000000000000e+00
-2.189845582698834558e+00 2.500000000000000000e+00
-2.143923326149679731e+00 2.500000000000000000e+00
-2.109922933997434580e+00 2.500000000000000000e+00
-2.092020850620557315e+00 2.500000000000000000e+00
-2.079429835390658177e+00 2.500000000000000000e+00
-2.058957283773214186e+00 2.500000000000000000e+00
-2.048394172752932008e+00 2.500000000000000000e+00
-2.029148208572254308e+00 2.500000000000000000e+00
-2.000515276435047785e+00 2.500000000000000000e+00
-1.987668162974758568e+00 2.500000000000000000e+00
-1.959016492971751067e+00 2.500000000000000000e+00
-1.936796473422438103e+00 2.500000000000000000e+00
-1.918738310635224265e+00 2.500000000000000000e+00
-1.903230742482105775e+00 2.500000000000000000e+00
-1.878807067397593844e+00 2.500000000000000000e+00
-1.861514209229607753e+00 2.500000000000000000e+00
-1.838096122523670273e+00 2.500000000000000000e+00
-1.808946110886548775e+00 2.500000000000000000e+00
-1.799388815724583646e+00 2.500000000000000000e+00
-1.778941151358875095e+00 2.500000000000000000e+00
-1.766486316994650085e+00 2.500000000000000000e+00
-1.749058249482458027e+00 2.500000000000000000e+00
-1.734908531181448721e+00 2.500000000000000000e+00
-1.709228484830076722e+00 2.500000000000000000e+00
-1.700324017536895660e+00 2.500000000000000000e+00
-1.689129515939849391e+00 2.500000000000000000e+00
-1.670659460970164822e+00 2.500000000000000000e+00
-1.646147469215384795e+00 2.500000000000000000e+00
-1.627637151806037297e+00 2.500000000000000000e+00
-1.621371033470357714e+00 2.500000000000000000e+00
-1.602095792344206071e+00 2.500000000000000000e+00
-1.597408108408887362e+00 2.500000000000000000e+00
-1.579034420585330167e+00 2.500000000000000000e+00
-1.562429394749753842e+00 2.500000000000000000e+00
-1.550419115327038577e+00 2.500000000000000000e+00
-1.546894052503205996e+00 2.500000000000000000e+00
-1.519657010211032055e+00 2.500000000000000000e+00
-1.517659862154200567e+00 2.500000000000000000e+00
-1.498371496892830335e+00 2.500000000000000000e+00
-1.490245260366394708e+00 2.500000000000000000e+00
-1.484765248668941995e+00 2.500000000000000000e+00
-1.461748773726414541e+00 2.500000000000000000e+00
-1.441636439186630314e+00 2.500000000000000000e+00
-1.438861765020097216e+00 2.500000000000000000e+00
-1.418872797478519132e+00 2.500000000000000000e+00
-1.412936456238836458e+00 2.500000000000000000e+00
-1.403070310134068910e+00 2.500000000000000000e+00
-1.387052669477930822e+00 2.500000000000000000e+00
-1.379485081957472881e+00 2.500000000000000000e+00
-1.369531103847624331e+00 2.500000000000000000e+00
-1.363619906326529518e+00 2.500000000000000000e+00
-1.353888900812737051e+00 2.500000000000000000e+00
-1.329374055245169606e+00 2.500000000000000000e+00
-1.309565754529914638e+00 2.500000000000000000e+00
-1.295960332670493154e+00 2.500000000000000000e+00
-1.282664045930524965e+00 2.500000000000000000e+00
-1.277844586414580208e+00 2.500000000000000000e+00
-1.270373657414570090e+00 2.500000000000000000e+00
-1.256159000128655334e+00 2.500000000000000000e+00
-1.245776005369063411e+00 2.500000000000000000e+00
-1.233492128182424485e+00 2.500000000000000000e+00
-1.229073672667831518e+00 2.500000000000000000e+00
-1.209255937934235137e+00 2.500000000000000000e+00
-1.205102915452474388e+00 2.500000000000000000e+00
-1.188424044972562932e+00 2.500000000000000000e+00
-1.177261238885356276e+00 2.500000000000000000e+00
-1.167579418993765827e+00 2.500000000000000000e+00
-1.158917813087716686e+00 2.500000000000000000e+00
-1.138319279528849037e+00 2.500000000000000000e+00
-1.129677920348177489e+00 2.500000000000000000e+00
-1.116192619594829516e+00 2.500000000000000000e+00
-1.102065429920404904e+00 2.500000000000000000e+00
-1.092454933010231777e+00 2.500000000000000000e+00
-1.082166252858253186e+00 2.500000000000000000e+00
-1.065185709474125941e+00 2.500000000000000000e+00
-1.062918716004915609e+00 2.500000000000000000e+00
-1.057940305672834702e+00 2.500000000000000000e+00
-1.033581070013347203e+00 2.500000000000000000e+00
-1.019966341018549771e+00 2.500000000000000000e+00
-1.012489783093750040e+00 2.500000000000000000e+00
-1.007843790241582438e+00 2.500000000000000000e+00
-9.973415698078863523e-01 2.500000000000000000e+00
-9.834353499337200599e-01 2.500000000000000000e+00
-9.748928817596725915e-01 2.500000000000000000e+00
-9.672091262103685860e-01 2.500000000000000000e+00
-9.560928491142626218e-01 2.500000000000000000e+00
-9.523612500552128823e-01 2.500000000000000000e+00
-9.410301853488598489e-01 2.500000000000000000e+00
-9.305508260435280121e-01 2.500000000000000000e+00
-9.108572013484349528e-01 2.500000000000000000e+00
-9.093865985132979501e-01 2.500000000000000000e+00
-9.021366574983771258e-01 2.500000000000000000e+00
-8.823154195639140163e-01 2.500000000000000000e+00
-8.646914942509056345e-01 2.500000000000000000e+00
-8.544904636751635696e-01 2.500000000000000000e+00
-8.506862073654088974e-01 2.500000000000000000e+00
-8.411366360318612845e-01 2.500000000000000000e+00
-8.374952379093337784e-01 2.500000000000000000e+00
-8.194583635003319655e-01 2.500000000000000000e+00
-8.160307482242967758e-01 2.500000000000000000e+00
-8.043095343872592728e-01 2.500000000000000000e+00
-7.875219305659160174e-01 2.500000000000000000e+00
-7.823825249109266355e-01 2.500000000000000000e+00
-7.664266381102100567e-01 2.500000000000000000e+00
-7.633334686210435649e-01 2.500000000000000000e+00
-7.564771477097244068e-01 2.500000000000000000e+00
-7.467248708823527314e-01 2.500000000000000000e+00
-7.296525831943569962e-01 2.500000000000000000e+00
-7.181613616772953845e-01 2.500000000000000000e+00
-7.074025603353651936e-01 2.500000000000000000e+00
-7.004301729928948950e-01 2.500000000000000000e+00
-6.964881222692045348e-01 2.500000000000000000e+00
-6.870432404714391650e-01 2.500000000000000000e+00
-6.821712073287438116e-01 2.500000000000000000e+00
-6.698714080803463977e-01 2.500000000000000000e+00
-6.650306114370178046e-01 2.500000000000000000e+00
-6.509676924749443483e-01 2.500000000000000000e+00
-6.418853641769020069e-01 2.500000000000000000e+00
-6.343834013027734864e-01 2.500000000000000000e+00
-6.289514938443535597e-01 2.500000000000000000e+00
-6.113680178182726577e-01 2.500000000000000000e+00
-6.000922388501448435e-01 2.500000000000000000e+00
-5.884445952300825233e-01 2.500000000000000000e+00
-5.771478291700318231e-01 2.500000000000000000e+00
-5.667648349021769949e-01 2.500000000000000000e+00
-5.560126322863073733e-01 2.500000000000000000e+00
-5.445998771072054767e-01 2.500000000000000000e+00
-5.370365767116541678e-01 2.500000000000000000e+00
-5.298340665893558343e-01 2.500000000000000000e+00
-5.142495771351721645e-01 2.500000000000000000e+00
-5.126048381132872755e-01 2.500000000000000000e+00
-5.040414089258367092e-01 2.500000000000000000e+00
-4.925769881315251175e-01 2.500000000000000000e+00
-4.862989757381090961e-01 2.500000000000000000e+00
-4.826185774008611151e-01 2.500000000000000000e+00
-4.616391355574324118e-01 2.500000000000000000e+00
-4.524811533540551989e-01 2.500000000000000000e+00
-4.414271262824133180e-01 2.500000000000000000e+00
-4.389408441714342524e-01 2.500000000000000000e+00
-4.188657298812307195e-01 2.500000000000000000e+00
-4.079003898921179649e-01 2.500000000000000000e+00
-4.007386892057460126e-01 2.500000000000000000e+00
-3.958410998556236016e-01 2.500000000000000000e+00
-3.937094386010830949e-01 2.500000000000000000e+00
-3.887845834069690309e-01 2.500000000000000000e+00
-3.851616558589639472e-01 2.500000000000000000e+00
-3.800210387283227687e-01 2.500000000000000000e+00
-3.655460853307344049e-01 2.500000000000000000e+00
-3.631635211900590132e-01 2.500000000000000000e+00
-3.438569033692852051e-01 2.500000000000000000e+00
-3.308943735398984787e-01 2.500000000000000000e+00
-3.292429784942272342e-01 2.500000000000000000e+00
-3.139657944567074699e-01 2.500000000000000000e+00
-3.098430398554029574e-01 2.500000000000000000e+00
-2.952753725169990906e-01 2.500000000000000000e+00
-2.939161801510391525e-01 2.500000000000000000e+00
-2.822852277097425144e-01 2.500000000000000000e+00
-2.786881941919964190e-01 2.500000000000000000e+00
-2.690521707811919794e-01 2.500000000000000000e+00
-2.594654686591381654e-01 2.500000000000000000e+00
-2.511721556998662286e-01 2.500000000000000000e+00
-2.332543892039656841e-01 2.500000000000000000e+00
-2.272045355633298125e-01 2.500000000000000000e+00
-2.176497127796702680e-01 2.500000000000000000e+00
-2.139220918167905883e-01 2.500000000000000000e+00
-2.098811725063709221e-01 2.500000000000000000e+00
-2.007262252993473606e-01 2.500000000000000000e+00
-1.772693030499122580e-01 2.500000000000000000e+00
-1.730378174328616458e-01 2.500000000000000000e+00
-1.682955559551986557e-01 2.500000000000000000e+00
-1.633092828193076773e-01 2.500000000000000000e+00
-1.492828255635076096e-01 2.500000000000000000e+00
-1.328499694412320076e-01 2.500000000000000000e+00
-1.295173278573448494e-01 2.500000000000000000e+00
-1.165140787370645137e-01 2.500000000000000000e+00
-1.125405917906259629e-01 2.500000000000000000e+00
-1.016485383237223927e-01 2.500000000000000000e+00
-9.021503798271832131e-02 2.500000000000000000e+00
-8.516058089414754728e-02 2.500000000000000000e+00
-7.388830247568824172e-02 2.500000000000000000e+00
-6.503766352476962609e-02 2.500000000000000000e+00
-6.157001617610929206e-02 2.500000000000000000e+00
-5.246380754737275942e-02 2.500000000000000000e+00
-4.911521183263879015e-02 2.500000000000000000e+00
-4.330433951005666776e-02 2.500000000000000000e+00
-2.656458581358702928e-02 2.500000000000000000e+00
-1.423661743734206883e-02 2.500000000000000000e+00
-3.491380495596258134e-03 2.500000000000000000e+00
2.175763616095589739e-03 2.500000000000000000e+00
1.060864647942491579e-02 2.500000000000000000e+00
1.563231278189868359e-02 2.500000000000000000e+00
2.262313239501340806e-02 2.500000000000000000e+00
2.621119798321694741e-02 2.500000000000000000e+00
3.169075157069620174e-02 2.500000000000000000e+00
5.370837105928284033e-02 2.500000000000000000e+00
5.800928901330209414e-02 2.500000000000000000e+00
7.359233566286652040e-02 2.500000000000000000e+00
7.671843312521837988e-02 2.500000000000000000e+00
8.879859900782006987e-02 2.500000000000000000e+00
1.008103651844807352e-01 2.500000000000000000e+00
1.067475274153963233e-01 2.500000000000000000e+00
1.264409219886062086e-01 2.500000000000000000e+00
1.315471091768529999e-01 2.500000000000000000e+00
1.447184267978482708e-01 2.500000000000000000e+00
1.511288347382339914e-01 2.500000000000000000e+00
1.557977429201766739e-01 2.500000000000000000e+00
1.677095980911435802e-01 2.500000000000000000e+00
1.729787880850869597e-01 2.500000000000000000e+00
1.773390720101065132e-01 2.500000000000000000e+00
1.898629065681024797e-01 2.500000000000000000e+00
1.959812637128617030e-01 2.500000000000000000e+00
2.066925153929760062e-01 2.500000000000000000e+00
2.154560684010478067e-01 2.500000000000000000e+00
2.417892673021126149e-01 2.500000000000000000e+00
2.502140654688430610e-01 2.500000000000000000e+00
2.585610638763626290e-01 2.500000000000000000e+00
2.651434854734259772e-01 2.500000000000000000e+00
2.689122776502480550e-01 2.500000000000000000e+00
2.761651741304663732e-01 2.500000000000000000e+00
2.837739347479811824e-01 2.500000000000000000e+00
3.003860721362812680e-01 2.500000000000000000e+00
3.077110059644895812e-01 2.500000000000000000e+00
3.086917151531828329e-01 2.500000000000000000e+00
3.170048559127533472e-01 2.500000000000000000e+00
3.251583610082592890e-01 2.500000000000000000e+00
3.325790816763496971e-01 2.500000000000000000e+00
3.405619754239719299e-01 2.500000000000000000e+00
3.525748299185925694e-01 2.500000000000000000e+00
3.620592063144831840e-01 2.500000000000000000e+00
3.646927637883937701e-01 2.500000000000000000e+00
3.846873347658692488e-01 2.500000000000000000e+00
3.964725387538829415e-01 2.500000000000000000e+00
4.068263051518262730e-01 2.500000000000000000e+00
4.096572549888438664e-01 2.500000000000000000e+00
4.184958814355552170e-01 2.500000000000000000e+00
4.188207158591531476e-01 2.500000000000000000e+00
4.316288094709829770e-01 2.500000000000000000e+00
4.527794302547644145e-01 2.500000000000000000e+00
4.610286325617790060e-01 2.500000000000000000e+00
4.709070234066727867e-01 2.500000000000000000e+00
4.828717162760815529e-01 2.500000000000000000e+00
4.881371980255266307e-01 2.500000000000000000e+00
4.985504977206207666e-01 2.500000000000000000e+00
5.068262157731007189e-01 2.500000000000000000e+00
5.211779968699543630e-01 2.500000000000000000e+00
5.241291811529587008e-01 2.500000000000000000e+00
5.266484012982550755e-01 2.500000000000000000e+00
5.304965918655809576e-01 2.500000000000000000e+00
5.570251748395310676e-01 2.500000000000000000e+00
5.757445240954200960e-01 2.500000000000000000e+00
5.801018114426503836e-01 2.500000000000000000e+00
6.028580683660161865e-01 2.500000000000000000e+00
6.054823447073194309e-01 2.500000000000000000e+00
6.093086581942326330e-01 2.500000000000000000e+00
6.161582581234116285e-01 2.500000000000000000e+00
6.283421943747024008e-01 2.500000000000000000e+00
6.331143742566759380e-01 2.500000000000000000e+00
6.394704853147806789e-01 2.500000000000000000e+00
6.464132021885202750e-01 2.500000000000000000e+00
6.610147739711125237e-01 2.500000000000000000e+00
6.720982693692164611e-01 2.500000000000000000e+00
6.848949807220982011e-01 2.500000000000000000e+00
6.862340823724386585e-01 2.500000000000000000e+00
7.046869943353785137e-01 2.500000000000000000e+00
7.104079544883163955e-01 2.500000000000000000e+00
7.278460229025213168e-01 2.500000000000000000e+00
7.315577014407715906e-01 2.500000000000000000e+00
7.488998502240449273e-01 2.500000000000000000e+00
7.674792449437091157e-01 2.500000000000000000e+00
7.773014087954683848e-01 2.500000000000000000e+00
7.834229257688312131e-01 2.500000000000000000e+00
8.017380656646443393e-01 2.500000000000000000e+00
8.078684449126642964e-01 2.500000000000000000e+00
8.143632218744412121e-01 2.500000000000000000e+00
8.218568379667637869e-01 2.500000000000000000e+00
8.300701689057008448e-01 2.500000000000000000e+00
8.325711082451960898e-01 2.500000000000000000e+00
8.393166438269362706e-01 2.500000000000000000e+00
8.488889790435161231e-01 2.500000000000000000e+00
8.598427956177373543e-01 2.500000000000000000e+00
8.652469757059370048e-01 2.500000000000000000e+00
8.861107883621347492e-01 2.500000000000000000e+00
8.934297083419983077e-01 2.500000000000000000e+00
9.049862833271719031e-01 2.500000000000000000e+00
9.089554196784348505e-01 2.500000000000000000e+00
9.203098039078924097e-01 2.500000000000000000e+00
9.275615668376328005e-01 2.500000000000000000e+00
9.438699067381384200e-01 2.500000000000000000e+00
9.633950972196877460e-01 2.500000000000000000e+00
9.678326435913590098e-01 2.500000000000000000e+00
9.748799474723357505e-01 2.500000000000000000e+00
1.002591066248446072e+00 2.500000000000000000e+00
1.015802496270336697e+00 2.500000000000000000e+00
1.027326371635290503e+00 2.500000000000000000e+00
1.036296802651293980e+00 2.500000000000000000e+00
1.047258181933367283e+00 2.500000000000000000e+00
1.051969770581627328e+00 2.500000000000000000e+00
1.060197317431873065e+00 2.500000000000000000e+00
1.069387561681241605e+00 2.500000000000000000e+00
1.078754449219713862e+00 2.500000000000000000e+00
1.094271163011561354e+00 2.500000000000000000e+00
1.102019485437091939e+00 2.500000000000000000e+00
1.105706347126914402e+00 2.500000000000000000e+00
1.123592562955942897e+00 2.500000000000000000e+00
1.133410166880385095e+00 2.500000000000000000e+00
1.147622418554612445e+00 2.500000000000000000e+00
1.156102085572383364e+00 2.500000000000000000e+00
1.162310732054387064e+00 2.500000000000000000e+00
1.184286793741784249e+00 2.500000000000000000e+00
1.189649640594033109e+00 2.500000000000000000e+00
1.199692186096419366e+00 2.500000000000000000e+00
1.208363165237146930e+00 2.500000000000000000e+00
1.236278193372005285e+00 2.500000000000000000e+00
1.242121842507200258e+00 2.500000000000000000e+00
1.255013269603752368e+00 2.500000000000000000e+00
1.261971506656197617e+00 2.500000000000000000e+00
1.265591317100761115e+00 2.500000000000000000e+00
1.277110866766847153e+00 2.500000000000000000e+00
1.303102630580495136e+00 2.500000000000000000e+00
1.311200676234418383e+00 2.500000000000000000e+00
1.339079440469520543e+00 2.500000000000000000e+00
1.350246984978567655e+00 2.500000000000000000e+00
1.353380558871252415e+00 2.500000000000000000e+00
1.362360314159713814e+00 2.500000000000000000e+00
1.381789061359991688e+00 2.500000000000000000e+00
1.383110405694202072e+00 2.500000000000000000e+00
1.391442359459832634e+00 2.500000000000000000e+00
1.409142855120812499e+00 2.500000000000000000e+00
1.423175671983848867e+00 2.500000000000000000e+00
1.425029552878201544e+00 2.500000000000000000e+00
1.445968593226011789e+00 2.500000000000000000e+00
1.473245554647220734e+00 2.500000000000000000e+00
1.486755341062445002e+00 2.500000000000000000e+00
1.502353940104254271e+00 2.500000000000000000e+00
1.510253779557022336e+00 2.500000000000000000e+00
1.518117315001479284e+00 2.500000000000000000e+00
1.525153266689601272e+00 2.500000000000000000e+00
1.528890271769783205e+00 2.500000000000000000e+00
1.553723017592348654e+00 2.500000000000000000e+00
1.577730965786835471e+00 2.500000000000000000e+00
1.595185799110210301e+00 2.500000000000000000e+00
1.612251850170442591e+00 2.500000000000000000e+00
1.638444579977211824e+00 2.500000000000000000e+00
1.644335769283952198e+00 2.500000000000000000e+00
1.689297879425836424e+00 2.500000000000000000e+00
1.699067868154832794e+00 2.500000000000000000e+00
1.714942540983105168e+00 2.500000000000000000e+00
1.727030976261251238e+00 2.500000000000000000e+00
1.737864570111676388e+00 2.500000000000000000e+00
1.751190932236594611e+00 2.500000000000000000e+00
1.757553990562654267e+00 2.500000000000000000e+00
1.796541843919031045e+00 2.500000000000000000e+00
1.815360260942602499e+00 2.500000000000000000e+00
1.821561604627283559e+00 2.500000000000000000e+00
1.828072044282214259e+00 2.500000000000000000e+00
1.845949165253916835e+00 2.500000000000000000e+00
1.860330392899133711e+00 2.500000000000000000e+00
1.867176780867371821e+00 2.500000000000000000e+00
1.873237663961986099e+00 2.500000000000000000e+00
1.929828334596225714e+00 2.500000000000000000e+00
1.936761373914892115e+00 2.500000000000000000e+00
1.962064805484017294e+00 2.500000000000000000e+00
1.988138111327700575e+00 2.500000000000000000e+00
2.002286815564939371e+00 2.500000000000000000e+00
2.013879253125722357e+00 2.500000000000000000e+00
2.050279432274057623e+00 2.500000000000000000e+00
2.078617931195032575e+00 2.500000000000000000e+00
2.116790742213056742e+00 2.500000000000000000e+00
2.124010206219332897e+00 2.500000000000000000e+00
2.148062850558500436e+00 2.500000000000000000e+00
2.164847896748800515e+00 2.500000000000000000e+00
2.184756474777433066e+00 2.500000000000000000e+00
2.209574967951724478e+00 2.500000000000000000e+00
2.257808414045169965e+00 2.500000000000000000e+00
2.291531502585014479e+00 2.500000000000000000e+00
2.305434143566579497e+00 2.500000000000000000e+00
2.335090587995807709e+00 2.500000000000000000e+00
2.366370527843095317e+00 2.500000000000000000e+00
2.382171570716617559e+00 2.500000000000000000e+00
2.409720305896358106e+00 2.500000000000000000e+00
2.464322995545025652e+00 2.500000000000000000e+00
2.490333358210246040e+00 2.500000000000000000e+00
2.502521928469993107e+00 2.500000000000000000e+00
2.517394851101830255e+00 2.500000000000000000e+00
2.530982160943777703e+00 2.500000000000000000e+00
2.573713669444345431e+00 2.500000000000000000e+00
2.578572561472191715e+00 2.500000000000000000e+00
2.618858410144830007e+00 2.500000000000000000e+00
2.638001550891561298e+00 2.500000000000000000e+00
2.720726868332704385e+00 2.500000000000000000e+00
2.803778030954827027e+00 2.500000000000000000e+00
2.817751495502359926e+00 2.500000000000000000e+00
2.844444552020506833e+00 2.500000000000000000e+00
2.894377633980476539e+00 2.500000000000000000e+00
2.972601620177525827e+00 2.500000000000000000e+00
3.008539967856859842e+00 2.500000000000000000e+00
3.061812247555510513e+00 2.500000000000000000e+00
3.147563478519676217e+00 2.500000000000000000e+00
3.196465136342323099e+00 2.500000000000000000e+00
3.308841600501607694e+00 2.500000000000000000e+00
3.456410236876144459e+00 2.500000000000000000e+00
3.493390275010580748e+00 2.500000000000000000e+00
3.560964915128664643e+00 2.500000000000000000e+00
3.920135376499894519e+00 2.500000000000000000e+00
3.999645821055031636e+00 2.500000000000000000e+00
-3.266478296039880380e+00 1.500000000000000000e+00
-3.141681327145544156e+00 1.500000000000000000e+00
-3.009673957081888673e+00 1.500000000000000000e+00
-2.876243895207557522e+00 1.500000000000000000e+00
-2.869029352750169792e+00 1.500000000000000000e+00
-2.840357914931377792e+00 1.500000000000000000e+00
-2.780000824061668041e+00 1.500000000000000000e+00
-2.720113610168837681e+00 1.500000000000000000e+00
-2.705575709991426159e+00 1.500000000000000000e+00
-2.592839762394127057e+00 1.500000000000000000e+00
-2.578775428521130397e+00 1.500000000000000000e+00
-2.544940401518816842e+00 1.500000000000000000e+00
-2.508180296034312473e+00 1.500000000000000000e+00
-2.482734385201346150e+00 1.500000000000000000e+00
-2.394878298209517364e+00 1.500000000000000000e+00
-2.379745203346785409e+00 1.500000000000000000e+00
-2.346589280479513651e+00 1.500000000000000000e+00
-2.339032126217621244e+00 1.500000000000000000e+00
-2.268332715309217651e+00 1.500000000000000000e+00
-2.251202028781092768e+00 1.500000000000000000e+00
-2.231175802938961450e+00 1.500000000000000000e+00
-2.212018016559945011e+00 1.500000000000000000e+00
-2.202152776642098075e+00 1.500000000000000000e+00
-2.179119220737360862e+00 1.500000000000000000e+00
-2.147516279056784327e+00 1.500000000000000000e+00
-2.099644628441009520e+00 1.500000000000000000e+00
-2.091810813214405762e+00 1.500000000000000000e+00
-2.080077570409451404e+00 1.500000000000000000e+00
-2.063189766730030072e+00 1.500000000000000000e+00
-2.055520229162802526e+00 1.500000000000000000e+00
-2.038198550228938366e+00 1.500000000000000000e+00
-2.021376990227361059e+00 1.500000000000000000e+00
-1.977824303220319768e+00 1.500000000000000000e+00
-1.965842207529944652e+00 1.500000000000000000e+00
-1.954463847098458107e+00 1.500000000000000000e+00
-1.941899387246315056e+00 1.500000000000000000e+00
-1.936230245087666280e+00 1.500000000000000000e+00
-1.920914751392300168e+00 1.500000000000000000e+00
-1.901560070347328324e+00 1.500000000000000000e+00
-1.866613659303952399e+00 1.500000000000000000e+00
-1.855356100531234897e+00 1.500000000000000000e+00
-1.820480641542517208e+00 1.500000000000000000e+00
-1.787999221177385190e+00 1.500000000000000000e+00
-1.764675373393160607e+00 1.500000000000000000e+00
-1.752445400044341461e+00 1.500000000000000000e+00
-1.743500523714860195e+00 1.500000000000000000e+00
-1.738229466626018294e+00 1.500000000000000000e+00
-1.733194742359081220e+00 1.500000000000000000e+00
-1.727049525501803684e+00 1.500000000000000000e+00
-1.701325993371537448e+00 1.500000000000000000e+00
-1.686116554340174156e+00 1.500000000000000000e+00
-1.676296970681197651e+00 1.500000000000000000e+00
-1.658983355313991659e+00 1.500000000000000000e+00
-1.639133933769550744e+00 1.500000000000000000e+00
-1.632020526201768407e+00 1.500000000000000000e+00
-1.622775886622704666e+00 1.500000000000000000e+00
-1.618035964778742342e+00 1.500000000000000000e+00
-1.598708873988427870e+00 1.500000000000000000e+00
-1.577051776214606793e+00 1.500000000000000000e+00
-1.563487089550103182e+00 1.500000000000000000e+00
-1.558738557101780664e+00 1.500000000000000000e+00
-1.531311778474275798e+00 1.500000000000000000e+00
-1.529998847994618272e+00 1.500000000000000000e+00
-1.523593356243986507e+00 1.500000000000000000e+00
-1.509753677652101889e+00 1.500000000000000000e+00
-1.483258419598146860e+00 1.500000000000000000e+00
-1.476251235296593300e+00 1.500000000000000000e+00
-1.464692274961197693e+00 1.500000000000000000e+00
-1.452987589490701836e+00 1.500000000000000000e+00
-1.444133249143472408e+00 1.500000000000000000e+00
-1.436462233435029878e+00 1.500000000000000000e+00
-1.431632032827049761e+00 1.500000000000000000e+00
-1.411525137318622170e+00 1.500000000000000000e+00
-1.400226138333308112e+00 1.500000000000000000e+00
-1.370010204928610253e+00 1.500000000000000000e+00
-1.361765552583487082e+00 1.500000000000000000e+00
-1.353486936695543097e+00 1.500000000000000000e+00
-1.332775737496836754e+00 1.500000000000000000e+00
-1.326002875841704842e+00 1.500000000000000000e+00
-1.313175894609203587e+00 1.500000000000000000e+00
-1.304570597777963803e+00 1.500000000000000000e+00
-1.297363004222566785e+00 1.500000000000000000e+00
-1.289265759918434506e+00 1.500000000000000000e+00
-1.282443840721433137e+00 1.500000000000000000e+00
-1.275341147824379240e+00 1.500000000000000000e+00
-1.271334883832313301e+00 1.500000000000000000e+00
-1.259353386553646592e+00 1.500000000000000000e+00
-1.240354814314206910e+00 1.500000000000000000e+00
-1.238031653005978061e+00 1.500000000000000000e+00
-1.224941811148993143e+00 1.500000000000000000e+00
-1.216175156563188198e+00 1.500000000000000000e+00
-1.207363996692078167e+00 1.500000000000000000e+00
-1.190618317892167433e+00 1.500000000000000000e+00
-1.185161580431231432e+00 1.500000000000000000e+00
-1.172073722987261757e+00 1.500000000000000000e+00
-1.158688171994263438e+00 1.500000000000000000e+00
-1.151998042678869183e+00 1.500000000000000000e+00
-1.144209523419467800e+00 1.500000000000000000e+00
-1.118537050029697610e+00 1.500000000000000000e+00
-1.117017040178643450e+00 1.500000000000000000e+00
-1.102760587906465028e+00 1.500000000000000000e+00
-1.094844874329754081e+00 1.500000000000000000e+00
-1.079328555762821162e+00 1.500000000000000000e+00
-1.077473748291611688e+00 1.500000000000000000e+00
-1.073629922039697204e+00 1.500000000000000000e+00
-1.059635441132218414e+00 1.500000000000000000e+00
-1.041329292368036619e+00 1.500000000000000000e+00
-1.039544729762718278e+00 1.500000000000000000e+00
-1.031794532103143647e+00 1.500000000000000000e+00
-1.018925130028309312e+00 1.500000000000000000e+00
-1.013242306394903647e+00 1.500000000000000000e+00
-1.002723147401144432e+00 1.500000000000000000e+00
-9.965221455310326881e-01 1.500000000000000000e+00
-9.863560714573562649e-01 1.500000000000000000e+00
-9.772742306443167326e-01 1.500000000000000000e+00
-9.597935978808107560e-01 1.500000000000000000e+00
-9.498561435268747521e-01 1.500000000000000000e+00
-9.369002752376108800e-01 1.500000000000000000e+00
-9.303076698187434657e-01 1.500000000000000000e+00
-9.251793720840819635e-01 1.500000000000000000e+00
-9.195677369210821794e-01 1.500000000000000000e+00
-9.061768148818827306e-01 1.500000000000000000e+00
-8.953998548440541549e-01 1.500000000000000000e+00
-8.937287694321881526e-01 1.500000000000000000e+00
-8.804310746596690773e-01 1.500000000000000000e+00
-8.753615863912791450e-01 1.500000000000000000e+00
-8.638485773308689497e-01 1.500000000000000000e+00
-8.538844528130351552e-01 1.500000000000000000e+00
-8.508274964100758231e-01 1.500000000000000000e+00
-8.459141054966834439e-01 1.500000000000000000e+00
-8.351422907961967290e-01 1.500000000000000000e+00
-8.296220583890449030e-01 1.500000000000000000e+00
-8.214567352178387960e-01 1.500000000000000000e+00
-8.120700716632197613e-01 1.500000000000000000e+00
-7.942001001365811552e-01 1.500000000000000000e+00
-7.758198972125108783e-01 1.500000000000000000e+00
-7.709154398618499604e-01 1.500000000000000000e+00
-7.670164871017457475e-01 1.500000000000000000e+00
-7.587280819952791910e-01 1.500000000000000000e+00
-7.499227133807714329e-01 1.500000000000000000e+00
-7.407136954725527245e-01 1.500000000000000000e+00
-7.382054266129302045e-01 1.500000000000000000e+00
-7.261960869627550608e-01 1.500000000000000000e+00
-7.219576973847517953e-01 1.500000000000000000e+00
-7.173903104949245213e-01 1.500000000000000000e+00
-7.089951948947390559e-01 1.500000000000000000e+00
-6.992998926722772124e-01 1.500000000000000000e+00
-6.948856163620534820e-01 1.500000000000000000e+00
-6.810531633134951912e-01 1.500000000000000000e+00
-6.801670027320366740e-01 1.500000000000000000e+00
-6.751092988369459258e-01 1.500000000000000000e+00
-6.704195776524199957e-01 1.500000000000000000e+00
-6.610117926769644159e-01 1.500000000000000000e+00
-6.500306140465990090e-01 1.500000000000000000e+00
-6.450578437672013221e-01 1.500000000000000000e+00
-6.391260094404869196e-01 1.500000000000000000e+00
-6.248004737325094649e-01 1.500000000000000000e+00
-6.105668339813509204e-01 1.500000000000000000e+00
-6.008782898360237601e-01 1.500000000000000000e+00
-5.857498966878639246e-01 1.500000000000000000e+00
-5.786044316184085767e-01 1.500000000000000000e+00
-5.690704713629286537e-01 1.500000000000000000e+00
-5.629207777058836681e-01 1.500000000000000000e+00
-5.520883411413137765e-01 1.500000000000000000e+00
-5.446946624287414274e-01 1.500000000000000000e+00
-5.371777202384016014e-01 1.500000000000000000e+00
-5.259049252855034773e-01 1.500000000000000000e+00
-5.167095968977157838e-01 1.500000000000000000e+00
-5.109196450590154370e-01 1.500000000000000000e+00
-5.090281662785670624e-01 1.500000000000000000e+00
-4.903086380460242588e-01 1.500000000000000000e+00
-4.850131622094076000e-01 1.500000000000000000e+00
-4.796096254794919300e-01 1.500000000000000000e+00
-4.754013585013125431e-01 1.500000000000000000e+00
-4.724023924047683898e-01 1.500000000000000000e+00
-4.646169094282860401e-01 1.500000000000000000e+00
-4.571158188064701755e-01 1.500000000000000000e+00
-4.444444870351620391e-01 1.500000000000000000e+00
-4.415829028705138271e-01 1.500000000000000000e+00
-4.327458483979294002e-01 1.500000000000000000e+00
-4.262739583803142884e-01 1.500000000000000000e+00
-4.209893149524464029e-01 1.500000000000000000e+00
-4.133384558052231594e-01 1.500000000000000000e+00
-4.087338464173607133e-01 1.500000000000000000e+00
-4.015393789249174228e-01 1.500000000000000000e+00
-3.966671945183402603e-01 1.500000000000000000e+00
-3.934520474401357326e-01 1.500000000000000000e+00
-3.772573064146506616e-01 1.500000000000000000e+00
-3.733296617216618762e-01 1.500000000000000000e+00
-3.603326270403715004e-01 1.500000000000000000e+00
-3.577303606871000130e-01 1.500000000000000000e+00
-3.527492307889087964e-01 1.500000000000000000e+00
-3.338096825121212308e-01 1.500000000000000000e+00
-3.331156472614936193e-01 1.500000000000000000e+00
-3.289107983559378945e-01 1.500000000000000000e+00
-3.175598535700127623e-01 1.500000000000000000e+00
-3.104711443763042422e-01 1.500000000000000000e+00
-3.022588536509144830e-01 1.500000000000000000e+00
-2.949327803071261078e-01 1.500000000000000000e+00
-2.907175685540941967e-01 1.500000000000000000e+00
-2.839443291202896069e-01 1.500000000000000000e+00
-2.761518358538226914e-01 1.500000000000000000e+00
-2.679570827715677672e-01 1.500000000000000000e+00
-2.616581585623753980e-01 1.500000000000000000e+00
-2.528176115460080697e-01 1.500000000000000000e+00
-2.382826128079792438e-01 1.500000000000000000e+00
-2.265726257040627245e-01 1.500000000000000000e+00
-2.177164136383500093e-01 1.500000000000000000e+00
-2.111290504505627386e-01 1.500000000000000000e+00
-2.102438771922179594e-01 1.500000000000000000e+00
-2.042361992774014701e-01 1.500000000000000000e+00
-1.979395462960250318e-01 1.500000000000000000e+00
-1.957511958572989985e-01 1.500000000000000000e+00
-1.862978708710560927e-01 1.500000000000000000e+00
-1.783328692084450162e-01 1.500000000000000000e+00
-1.752760858564386681e-01 1.500000000000000000e+00
-1.587831916031364476e-01 1.500000000000000000e+00
-1.580796248283660999e-01 1.500000000000000000e+00
-1.493181814549496278e-01 1.500000000000000000e+00
-1.428444823493106863e-01 1.500000000000000000e+00
-1.417551579705393361e-01 1.500000000000000000e+00
-1.388112978392814501e-01 1.500000000000000000e+00
-1.325086873979756941e-01 1.500000000000000000e+00
-1.227446206085506669e-01 1.500000000000000000e+00
-1.144524181762887616e-01 1.500000000000000000e+00
-1.091593910851760829e-01 1.500000000000000000e+00
-8.382371813247793679e-02 1.500000000000000000e+00
-7.239911840701734880e-02 1.500000000000000000e+00
-7.111062717864116700e-02 1.500000000000000000e+00
-6.932310332479932335e-02 1.500000000000000000e+00
-6.584198921122635939e-02 1.500000000000000000e+00
-5.679598828732749377e-02 1.500000000000000000e+00
-4.472216382984774835e-02 1.500000000000000000e+00
-3.658961515457041097e-02 1.500000000000000000e+00
-2.957192019591946622e-02 1.500000000000000000e+00
-2.581834464927842271e-02 1.500000000000000000e+00
-1.781857564194448337e-02 1.500000000000000000e+00
-1.217319801678070149e-02 1.500000000000000000e+00
-5.541911251840525056e-03 1.500000000000000000e+00
3.905114963050713289e-03 1.500000000000000000e+00
6.422251369303771940e-03 1.500000000000000000e+00
1.755691548026436927e-02 1.500000000000000000e+00
2.182853250528053041e-02 1.500000000000000000e+00
2.717141487640140768e-02 1.500000000000000000e+00
3.438758459179586807e-02 1.500000000000000000e+00
3.864674874548832545e-02 1.500000000000000000e+00
4.975218841933330693e-02 1.500000000000000000e+00
5.985043241129497232e-02 1.500000000000000000e+00
6.092387308430206871e-02 1.500000000000000000e+00
6.630029953213245619e-02 1.500000000000000000e+00
7.026672782504310433e-02 1.500000000000000000e+00
8.128240827649735323e-02 1.500000000000000000e+00
9.168452492200349080e-02 1.500000000000000000e+00
9.456458537238363049e-02 1.500000000000000000e+00
1.022548659710517255e-01 1.500000000000000000e+00
1.049432235365974214e-01 1.500000000000000000e+00
1.144272223676661981e-01 1.500000000000000000e+00
1.243835921932386068e-01 1.500000000000000000e+00
1.363793685276611378e-01 1.500000000000000000e+00
1.468393321464167567e-01 1.500000000000000000e+00
1.501196727761064942e-01 1.500000000000000000e+00
1.540658795351614874e-01 1.500000000000000000e+00
1.593964466399481472e-01 1.500000000000000000e+00
1.612534419134451225e-01 1.500000000000000000e+00
1.751118282761845724e-01 1.500000000000000000e+00
1.843513822346429243e-01 1.500000000000000000e+00
1.880673667967935336e-01 1.500000000000000000e+00
1.919417774484368788e-01 1.500000000000000000e+00
2.043924452060416619e-01 1.500000000000000000e+00
2.103479376975498083e-01 1.500000000000000000e+00
2.151032868627160977e-01 1.500000000000000000e+00
2.262471547847707820e-01 1.500000000000000000e+00
2.325905041128842610e-01 1.500000000000000000e+00
2.343624965232347368e-01 1.500000000000000000e+00
2.439875884399422268e-01 1.500000000000000000e+00
2.504434401003372002e-01 1.500000000000000000e+00
2.557150958206458879e-01 1.500000000000000000e+00
2.626893732551520144e-01 1.500000000000000000e+00
2.669500165365716882e-01 1.500000000000000000e+00
2.771354311320788910e-01 1.500000000000000000e+00
2.955860821684109796e-01 1.500000000000000000e+00
2.988088681897893562e-01 1.500000000000000000e+00
3.040346642911792019e-01 1.500000000000000000e+00
3.119971370434722058e-01 1.500000000000000000e+00
3.188865333120892709e-01 1.500000000000000000e+00
3.233771322016972261e-01 1.500000000000000000e+00
3.330440791538893941e-01 1.500000000000000000e+00
3.373153441562298238e-01 1.500000000000000000e+00
3.441780338274560425e-01 1.500000000000000000e+00
3.520731079302541477e-01 1.500000000000000000e+00
3.625235165743082577e-01 1.500000000000000000e+00
3.688039862616335207e-01 1.500000000000000000e+00
3.791922174180378247e-01 1.500000000000000000e+00
3.822043560259439920e-01 1.500000000000000000e+00
3.855697217401933830e-01 1.500000000000000000e+00
3.924236415777212494e-01 1.500000000000000000e+00
4.049294773071317466e-01 1.500000000000000000e+00
4.116361702631896047e-01 1.500000000000000000e+00
4.131258215135906187e-01 1.500000000000000000e+00
4.241069319065945420e-01 1.500000000000000000e+00
4.272272130444087490e-01 1.500000000000000000e+00
4.334373437362247783e-01 1.500000000000000000e+00
4.468219162231004682e-01 1.500000000000000000e+00
4.510445836692524857e-01 1.500000000000000000e+00
4.633178428492218393e-01 1.500000000000000000e+00
4.667853039743468657e-01 1.500000000000000000e+00
4.775367074160142833e-01 1.500000000000000000e+00
4.798385580847587262e-01 1.500000000000000000e+00
4.908283644457882011e-01 1.500000000000000000e+00
4.988251343186985709e-01 1.500000000000000000e+00
5.042832809953711193e-01 1.500000000000000000e+00
5.117830490197974314e-01 1.500000000000000000e+00
5.184096510883557940e-01 1.500000000000000000e+00
5.236952826750168599e-01 1.500000000000000000e+00
5.259838125295340783e-01 1.500000000000000000e+00
5.391274039576436916e-01 1.500000000000000000e+00
5.466219941681578209e-01 1.500000000000000000e+00
5.587548788295174651e-01 1.500000000000000000e+00
5.647789107001236486e-01 1.500000000000000000e+00
5.786933315985705040e-01 1.500000000000000000e+00
5.835133932502348797e-01 1.500000000000000000e+00
5.880041809107798834e-01 1.500000000000000000e+00
5.894206909712044196e-01 1.500000000000000000e+00
5.971232533665196129e-01 1.500000000000000000e+00
6.087827854891938451e-01 1.500000000000000000e+00
6.162914249088601304e-01 1.500000000000000000e+00
6.342352082433552196e-01 1.500000000000000000e+00
6.349136323097471779e-01 1.500000000000000000e+00
6.403526173199213245e-01 1.500000000000000000e+00
6.454537121548561407e-01 1.500000000000000000e+00
6.531916511365436495e-01 1.500000000000000000e+00
6.610523509587694635e-01 1.500000000000000000e+00
6.673106681003524443e-01 1.500000000000000000e+00
6.709012909673149894e-01 1.500000000000000000e+00
6.747841332076126575e-01 1.500000000000000000e+00
6.873281874041640149e-01 1.500000000000000000e+00
6.912924901617392148e-01 1.500000000000000000e+00
7.028995871255536709e-01 1.500000000000000000e+00
7.124454355252064497e-01 1.500000000000000000e+00
7.228376685383175460e-01 1.500000000000000000e+00
7.335525777541274106e-01 1.500000000000000000e+00
7.446928475814443837e-01 1.500000000000000000e+00
7.474588327704899671e-01 1.500000000000000000e+00
7.491394219471051441e-01 1.500000000000000000e+00
7.602604191756848762e-01 1.500000000000000000e+00
7.626151548958167714e-01 1.500000000000000000e+00
7.669971428077221320e-01 1.500000000000000000e+00
7.807027002906948843e-01 1.500000000000000000e+00
7.866279057830803945e-01 1.500000000000000000e+00
7.933832125041886396e-01 1.500000000000000000e+00
7.973501087752652428e-01 1.500000000000000000e+00
8.077926552176716291e-01 1.500000000000000000e+00
8.130718037936750520e-01 1.500000000000000000e+00
8.205193299205407742e-01 1.500000000000000000e+00
8.300144648718376095e-01 1.500000000000000000e+00
8.453834890923968004e-01 1.500000000000000000e+00
8.525643852237060338e-01 1.500000000000000000e+00
8.535827202826746785e-01 1.500000000000000000e+00
8.712946918676628405e-01 1.500000000000000000e+00
8.813303823154262640e-01 1.500000000000000000e+00
8.870459634986633812e-01 1.500000000000000000e+00
8.901197934676492451e-01 1.500000000000000000e+00
8.975095822679277635e-01 1.500000000000000000e+00
9.095882121674281340e-01 1.500000000000000000e+00
9.109902557486065922e-01 1.500000000000000000e+00
9.173600243434072432e-01 1.500000000000000000e+00
9.265273584084493530e-01 1.500000000000000000e+00
9.278033914333881915e-01 1.500000000000000000e+00
9.308716381070691881e-01 1.500000000000000000e+00
9.408272731976604630e-01 1.500000000000000000e+00
9.493635470206520655e-01 1.500000000000000000e+00
9.630153161370382797e-01 1.500000000000000000e+00
9.712717280433703637e-01 1.500000000000000000e+00
9.752120391904930408e-01 1.500000000000000000e+00
9.875108895020090483e-01 1.500000000000000000e+00
9.922774235544727928e-01 1.500000000000000000e+00
1.000654725046600024e+00 1.500000000000000000e+00
1.005894469404095659e+00 1.500000000000000000e+00
1.017543978108907732e+00 1.500000000000000000e+00
1.021663508178555446e+00 1.500000000000000000e+00
1.031401245118243937e+00 1.500000000000000000e+00
1.049143834961066446e+00 1.500000000000000000e+00
1.049946626711841136e+00 1.500000000000000000e+00
1.054494144341601158e+00 1.500000000000000000e+00
1.059134786735070444e+00 1.500000000000000000e+00
1.069882190469533034e+00 1.500000000000000000e+00
1.071879879008034608e+00 1.500000000000000000e+00
1.079300493978112341e+00 1.500000000000000000e+00
1.087757857688581575e+00 1.500000000000000000e+00
1.097137953080829176e+00 1.500000000000000000e+00
1.107075496787358393e+00 1.500000000000000000e+00
1.115349899722823057e+00 1.500000000000000000e+00
1.116767275587462915e+00 1.500000000000000000e+00
1.124708521779788972e+00 1.500000000000000000e+00
1.129001772497557621e+00 1.500000000000000000e+00
1.138291804312608235e+00 1.500000000000000000e+00
1.153347068991387614e+00 1.500000000000000000e+00
1.162256509820227102e+00 1.500000000000000000e+00
1.164612984298254883e+00 1.500000000000000000e+00
1.175942856021400917e+00 1.500000000000000000e+00
1.187676452076040778e+00 1.500000000000000000e+00
1.199322609503472581e+00 1.500000000000000000e+00
1.207404968986863780e+00 1.500000000000000000e+00
1.210376967097077205e+00 1.500000000000000000e+00
1.218487468426643572e+00 1.500000000000000000e+00
1.230648897081232818e+00 1.500000000000000000e+00
1.251745169774965527e+00 1.500000000000000000e+00
1.253816816146645419e+00 1.500000000000000000e+00
1.261459905812651883e+00 1.500000000000000000e+00
1.263463900193999345e+00 1.500000000000000000e+00
1.284797073193115091e+00 1.500000000000000000e+00
1.286200533344265429e+00 1.500000000000000000e+00
1.297369955176654877e+00 1.500000000000000000e+00
1.301475046347668307e+00 1.500000000000000000e+00
1.302497430649101284e+00 1.500000000000000000e+00
1.315593617193429266e+00 1.500000000000000000e+00
1.322239526235021057e+00 1.500000000000000000e+00
1.327663887329310288e+00 1.500000000000000000e+00
1.341167766873636591e+00 1.500000000000000000e+00
1.359347025849141799e+00 1.500000000000000000e+00
1.368781306059778657e+00 1.500000000000000000e+00
1.372136181726699711e+00 1.500000000000000000e+00
1.381003645421697401e+00 1.500000000000000000e+00
1.394782177129195722e+00 1.500000000000000000e+00
1.396617983115739481e+00 1.500000000000000000e+00
1.404260426126649364e+00 1.500000000000000000e+00
1.410698594953313290e+00 1.500000000000000000e+00
1.426857903510584613e+00 1.500000000000000000e+00
1.434584675168706580e+00 1.500000000000000000e+00
1.444017892747486265e+00 1.500000000000000000e+00
1.446826484773192867e+00 1.500000000000000000e+00
1.464781020479090534e+00 1.500000000000000000e+00
1.472913053335268119e+00 1.500000000000000000e+00
1.487029984029303087e+00 1.500000000000000000e+00
1.492947829498110890e+00 1.500000000000000000e+00
1.499015350863948770e+00 1.500000000000000000e+00
1.511915441861556353e+00 1.500000000000000000e+00
1.517048518871314977e+00 1.500000000000000000e+00
1.519648562213021137e+00 1.500000000000000000e+00
1.529869480909980872e+00 1.500000000000000000e+00
1.537774237941168076e+00 1.500000000000000000e+00
1.548766649081669833e+00 1.500000000000000000e+00
1.555588573893265103e+00 1.500000000000000000e+00
1.560034218675689699e+00 1.500000000000000000e+00
1.576197650855781340e+00 1.500000000000000000e+00
1.593657211477052194e+00 1.500000000000000000e+00
1.603811124883071981e+00 1.500000000000000000e+00
1.613155514574728500e+00 1.500000000000000000e+00
1.624710865787769798e+00 1.500000000000000000e+00
1.628249182936065464e+00 1.500000000000000000e+00
1.641884282484135982e+00 1.500000000000000000e+00
1.655540924742733955e+00 1.500000000000000000e+00
1.656921694295177883e+00 1.500000000000000000e+00
1.672234525695181384e+00 1.500000000000000000e+00
1.674505486674920718e+00 1.500000000000000000e+00
1.683811489684103657e+00 1.500000000000000000e+00
1.692446251298324489e+00 1.500000000000000000e+00
1.713140864905066119e+00 1.500000000000000000e+00
1.724026909533572072e+00 1.500000000000000000e+00
1.736439732867172792e+00 1.500000000000000000e+00
1.739451130286304936e+00 1.500000000000000000e+00
1.748767814340461246e+00 1.500000000000000000e+00
1.760308890459284292e+00 1.500000000000000000e+00
1.766108299411933924e+00 1.500000000000000000e+00
1.784900029418550416e+00 1.500000000000000000e+00
1.802262769651684859e+00 1.500000000000000000e+00
1.808224454191817987e+00 1.500000000000000000e+00
1.824468973836780084e+00 1.500000000000000000e+00
1.826037228528804235e+00 1.500000000000000000e+00
1.834817087443217698e+00 1.500000000000000000e+00
1.860652976975155415e+00 1.500000000000000000e+00
1.868801594438844305e+00 1.500000000000000000e+00
1.874360860512144233e+00 1.500000000000000000e+00
1.896522918499945920e+00 1.500000000000000000e+00
1.907802294938000465e+00 1.500000000000000000e+00
1.915070684718824578e+00 1.500000000000000000e+00
1.923766869718135597e+00 1.500000000000000000e+00
1.931734661651206553e+00 1.500000000000000000e+00
1.936794789640882364e+00 1.500000000000000000e+00
1.949773275011792206e+00 1.500000000000000000e+00
1.964170877836790119e+00 1.500000000000000000e+00
1.972355982361070792e+00 1.500000000000000000e+00
1.982182755852529565e+00 1.500000000000000000e+00
2.002844991131812691e+00 1.500000000000000000e+00
2.009556507336206277e+00 1.500000000000000000e+00
2.024516603997473130e+00 1.500000000000000000e+00
2.043554256090457155e+00 1.500000000000000000e+00
2.053520039249017604e+00 1.500000000000000000e+00
2.075980830616975581e+00 1.500000000000000000e+00
2.084022357303147555e+00 1.500000000000000000e+00
2.086145501764507859e+00 1.500000000000000000e+00
2.102800150338980600e+00 1.500000000000000000e+00
2.116977464233567030e+00 1.500000000000000000e+00
2.123750976989192463e+00 1.500000000000000000e+00
2.148491611477023611e+00 1.500000000000000000e+00
2.160333405809502505e+00 1.500000000000000000e+00
2.171138113956169846e+00 1.500000000000000000e+00
2.195818867218877202e+00 1.500000000000000000e+00
2.200484028155928584e+00 1.500000000000000000e+00
2.223782359813444742e+00 1.500000000000000000e+00
2.240056583623189379e+00 1.500000000000000000e+00
2.253222972649901568e+00 1.500000000000000000e+00
2.269052544139199767e+00 1.500000000000000000e+00
2.276101024426936625e+00 1.500000000000000000e+00
2.280340076043899433e+00 1.500000000000000000e+00
2.297160784941845169e+00 1.500000000000000000e+00
2.303093454206530222e+00 1.500000000000000000e+00
2.338243930537521553e+00 1.500000000000000000e+00
2.351523534361041445e+00 1.500000000000000000e+00
2.367023437363642735e+00 1.500000000000000000e+00
2.389478567551153176e+00 1.500000000000000000e+00
2.401686431807522837e+00 1.500000000000000000e+00
2.412533944066960423e+00 1.500000000000000000e+00
2.429620549495527637e+00 1.500000000000000000e+00
2.434879065334816239e+00 1.500000000000000000e+00
2.480365217167462166e+00 1.500000000000000000e+00
2.486674308301050740e+00 1.500000000000000000e+00
2.501914529110727425e+00 1.500000000000000000e+00
2.510153113084550469e+00 1.500000000000000000e+00
2.522595812713613217e+00 1.500000000000000000e+00
2.534485392338544862e+00 1.500000000000000000e+00
2.547118871703518472e+00 1.500000000000000000e+00
2.572401919924682367e+00 1.500000000000000000e+00
2.592442701847307962e+00 1.500000000000000000e+00
2.603597779791000377e+00 1.500000000000000000e+00
2.633805974811979311e+00 1.500000000000000000e+00
2.649697508884587549e+00 1.500000000000000000e+00
2.664576614565393520e+00 1.500000000000000000e+00
2.675184273591734829e+00 1.500000000000000000e+00
2.705008037596512871e+00 1.500000000000000000e+00
2.712570467536550733e+00 1.500000000000000000e+00
2.725289741760403395e+00 1.500000000000000000e+00
2.771060949806595453e+00 1.500000000000000000e+00
2.783564840850711875e+00 1.500000000000000000e+00
2.800865978357760522e+00 1.500000000000000000e+00
2.806657711445405656e+00 1.500000000000000000e+00
2.823479771850377240e+00 1.500000000000000000e+00
2.833415649921071644e+00 1.500000000000000000e+00
2.869038128634956220e+00 1.500000000000000000e+00
2.879494868992306777e+00 1.500000000000000000e+00
2.913411730960847823e+00 1.500000000000000000e+00
2.933890023855106666e+00 1.500000000000000000e+00
2.960384295367617824e+00 1.500000000000000000e+00
3.025032038948062052e+00 1.500000000000000000e+00
3.032657134862562831e+00 1.500000000000000000e+00
3.056569793595055096e+00 1.500000000000000000e+00
3.101198421987834131e+00 1.500000000000000000e+00
3.123894182753978566e+00 1.500000000000000000e+00
3.135316233862617263e+00 1.500000000000000000e+00
3.184248245067937688e+00 1.500000000000000000e+00
3.201685914434365010e+00 1.500000000000000000e+00
3.237280611900770211e+00 1.500000000000000000e+00
3.287250008441669369e+00 1.500000000000000000e+00
3.300126735386625043e+00 1.500000000000000000e+00
3.333522078506352848e+00 1.500000000000000000e+00
3.358216130837410329e+00 1.500000000000000000e+00
3.418468388285188730e+00 1.500000000000000000e+00
3.476223466592514910e+00 1.500000000000000000e+00
3.481941454552873516e+00 1.500000000000000000e+00
3.668094180782412117e+00 1.500000000000000000e+00
3.694788586002995867e+00 1.500000000000000000e+00
3.723897946740629017e+00 1.500000000000000000e+00
3.764013482932950350e+00 1.500000000000000000e+00
3.827582551434012714e+00 1.500000000000000000e+00
3.893932844832125983e+00 1.500000000000000000e+00
3.902531336541909202e+00 1.500000000000000000e+00
4.129746926387087846e+00 1.500000000000000000e+00
4.155662762151728806e+00 1.500000000000000000e+00
4.259706252053643283e+00 1.500000000000000000e+00
4.370616257552986994e+00 1.500000000000000000e+00
4.573477310470444479e+00 1.500000000000000000e+00
5.055045513731199591e+00 1.500000000000000000e+00
-3.147075047747756926e+00 5.000000000000000000e-01
-3.012924937523321578e+00 5.000000000000000000e-01
-2.880928806854609725e+00 5.000000000000000000e-01
-2.785972680167398963e+00 5.000000000000000000e-01
-2.723030981805444117e+00 5.000000000000000000e-01
-2.595882249126556296e+00 5.000000000000000000e-01
-2.550865097644078539e+00 5.000000000000000000e-01
-2.515755260190252862e+00 5.000000000000000000e-01
-2.487028489946378595e+00 5.000000000000000000e-01
-2.413083147690565422e+00 5.000000000000000000e-01
-2.353860990540884046e+00 5.000000000000000000e-01
-2.347959637223016038e+00 5.000000000000000000e-01
-2.268549090182558015e+00 5.000000000000000000e-01
-2.243954382069668352e+00 5.000000000000000000e-01
-2.193884399367310056e+00 5.000000000000000000e-01
-2.118943409207419748e+00 5.000000000000000000e-01
-2.099381288422672576e+00 5.000000000000000000e-01
-2.074250881695645976e+00 5.000000000000000000e-01
-2.064281313896120462e+00 5.000000000000000000e-01
-2.063317412394253036e+00 5.000000000000000000e-01
-2.034234600225167888e+00 5.000000000000000000e-01
-1.989949444187250061e+00 5.000000000000000000e-01
-1.959169150123755587e+00 5.000000000000000000e-01
-1.940116663845375289e+00 5.000000000000000000e-01
-1.924475351850211569e+00 5.000000000000000000e-01
-1.882197375682654439e+00 5.000000000000000000e-01
-1.851700756539525594e+00 5.000000000000000000e-01
-1.794098661634231595e+00 5.000000000000000000e-01
-1.774017002176399016e+00 5.000000000000000000e-01
-1.742858758866757007e+00 5.000000000000000000e-01
-1.722150959516488555e+00 5.000000000000000000e-01
-1.663697344112687437e+00 5.000000000000000000e-01
-1.661623640103752075e+00 5.000000000000000000e-01
-1.640157066225566007e+00 5.000000000000000000e-01
-1.616138123777371538e+00 5.000000000000000000e-01
-1.600965352968915623e+00 5.000000000000000000e-01
-1.579014279230161577e+00 5.000000000000000000e-01
-1.565158441161536906e+00 5.000000000000000000e-01
-1.549073062750254026e+00 5.000000000000000000e-01
-1.527526834493793340e+00 5.000000000000000000e-01
-1.502415391947354184e+00 5.000000000000000000e-01
-1.486490678942357757e+00 5.000000000000000000e-01
-1.475014942560406883e+00 5.000000000000000000e-01
-1.471236317334672306e+00 5.000000000000000000e-01
-1.455052528525221822e+00 5.000000000000000000e-01
-1.434019878506605172e+00 5.000000000000000000e-01
-1.421820304042621386e+00 5.000000000000000000e-01
-1.404503251069310066e+00 5.000000000000000000e-01
-1.392545353407956599e+00 5.000000000000000000e-01
-1.356109509507881228e+00 5.000000000000000000e-01
-1.346258564844652783e+00 5.000000000000000000e-01
-1.329553976528039971e+00 5.000000000000000000e-01
-1.320893096518395149e+00 5.000000000000000000e-01
-1.289696674098875118e+00 5.000000000000000000e-01
-1.274222450086943237e+00 5.000000000000000000e-01
-1.250214158583284885e+00 5.000000000000000000e-01
-1.245139954858549336e+00 5.000000000000000000e-01
-1.238274542371868181e+00 5.000000000000000000e-01
-1.227244791671101121e+00 5.000000000000000000e-01
-1.200587289018563153e+00 5.000000000000000000e-01
-1.174999698107954460e+00 5.000000000000000000e-01
-1.154309428703163221e+00 5.000000000000000000e-01
-1.144097173003728374e+00 5.000000000000000000e-01
-1.136370280148423895e+00 5.000000000000000000e-01
-1.131511830990642675e+00 5.000000000000000000e-01
-1.120576082857109412e+00 5.000000000000000000e-01
-1.110879903713841044e+00 5.000000000000000000e-01
-1.107110520462174064e+00 5.000000000000000000e-01
-1.069597648189616113e+00 5.000000000000000000e-01
-1.067943767358645601e+00 5.000000000000000000e-01
-1.040465061571234973e+00 5.000000000000000000e-01
-1.008188329638801228e+00 5.000000000000000000e-01
-1.005123481596806867e+00 5.000000000000000000e-01
-9.748332166525164322e-01 5.000000000000000000e-01
-9.613368050501139850e-01 5.000000000000000000e-01
-9.485776710401058187e-01 5.000000000000000000e-01
-9.400368204129273542e-01 5.000000000000000000e-01
-9.185713517043199161e-01 5.000000000000000000e-01
-9.057083385936762765e-01 5.000000000000000000e-01
-8.934737991754487796e-01 5.000000000000000000e-01
-8.877002030944242117e-01 5.000000000000000000e-01
-8.625601043843937887e-01 5.000000000000000000e-01
-8.584585911177680106e-01 5.000000000000000000e-01
-8.475976028281967389e-01 5.000000000000000000e-01
-8.412287353934677636e-01 5.000000000000000000e-01
-8.218145866204095151e-01 5.000000000000000000e-01
-8.055692091950539258e-01 5.000000000000000000e-01
-8.027512649880792495e-01 5.000000000000000000e-01
-7.764439241410868719e-01 5.000000000000000000e-01
-7.649166188540524880e-01 5.000000000000000000e-01
-7.582887626973472406e-01 5.000000000000000000e-01
-7.561672848197230623e-01 5.000000000000000000e-01
-7.436300970728142445e-01 5.000000000000000000e-01
-7.305513940229426684e-01 5.000000000000000000e-01
-7.203700932320366013e-01 5.000000000000000000e-01
-7.147056262461574105e-01 5.000000000000000000e-01
-7.113684738649934669e-01 5.000000000000000000e-01
-7.050246297092608305e-01 5.000000000000000000e-01
-6.928892529769486996e-01 5.000000000000000000e-01
-6.779108736864325468e-01 5.000000000000000000e-01
-6.673387593619608538e-01 5.000000000000000000e-01
-6.582524268936934542e-01 5.000000000000000000e-01
-6.299586332098330299e-01 5.000000000000000000e-01
-6.272368019676883844e-01 5.000000000000000000e-01
-6.078213733274497876e-01 5.000000000000000000e-01
-6.042584387736427143e-01 5.000000000000000000e-01
-5.899091832275997760e-01 5.000000000000000000e-01
-5.783592552576087842e-01 5.000000000000000000e-01
-5.597325453622000735e-01 5.000000000000000000e-01
-5.422691134442554350e-01 5.000000000000000000e-01
-5.361477104554157602e-01 5.000000000000000000e-01
-5.223519724374035000e-01 5.000000000000000000e-01
-5.058809357845714949e-01 5.000000000000000000e-01
-4.887218285497860748e-01 5.000000000000000000e-01
-4.805080255611492990e-01 5.000000000000000000e-01
-4.702738218479468602e-01 5.000000000000000000e-01
-4.633635802559067374e-01 5.000000000000000000e-01
-4.512400136555719254e-01 5.000000000000000000e-01
-4.375431304295340218e-01 5.000000000000000000e-01
-4.200097910947996893e-01 5.000000000000000000e-01
-4.133814890046879631e-01 5.000000000000000000e-01
-4.006036738934186658e-01 5.000000000000000000e-01
-3.952665453346896896e-01 5.000000000000000000e-01
-3.947161980526287528e-01 5.000000000000000000e-01
-3.827233178885029452e-01 5.000000000000000000e-01
-3.736385258010267441e-01 5.000000000000000000e-01
-3.655025359610517555e-01 5.000000000000000000e-01
-3.592231616942494488e-01 5.000000000000000000e-01
-3.382416052496153847e-01 5.000000000000000000e-01
-3.351055091942781727e-01 5.000000000000000000e-01
-3.290891103306420873e-01 5.000000000000000000e-01
-3.142568592932670213e-01 5.000000000000000000e-01
-3.118247351000764112e-01 5.000000000000000000e-01
-2.857754783793955422e-01 5.000000000000000000e-01
-2.707712544236351437e-01 5.000000000000000000e-01
-2.612752970005437492e-01 5.000000000000000000e-01
-2.514976703717670681e-01 5.000000000000000000e-01
-2.428470243723344635e-01 5.000000000000000000e-01
-2.366226518991524086e-01 5.000000000000000000e-01
-2.291313894725492961e-01 5.000000000000000000e-01
-2.128937721273399530e-01 5.000000000000000000e-01
-2.091436254622777713e-01 5.000000000000000000e-01
-1.828399796842561931e-01 5.000000000000000000e-01
-1.784816724125141696e-01 5.000000000000000000e-01
-1.703174335683197982e-01 5.000000000000000000e-01
-1.640613398612785212e-01 5.000000000000000000e-01
-1.519320225907503097e-01 5.000000000000000000e-01
-1.470392210451848813e-01 5.000000000000000000e-01
-1.305867646338350896e-01 5.000000000000000000e-01
-1.170346085370742861e-01 5.000000000000000000e-01
-1.100594935773364647e-01 5.000000000000000000e-01
-9.980100673097144770e-02 5.000000000000000000e-01
-9.410041217473523456e-02 5.000000000000000000e-01
-9.084835749648126346e-02 5.000000000000000000e-01
-8.102165990668841467e-02 5.000000000000000000e-01
-5.807907169018311500e-02 5.000000000000000000e-01
-5.076463781386159752e-02 5.000000000000000000e-01
-3.374003547508590273e-02 5.000000000000000000e-01
-2.513001860941639978e-02 5.000000000000000000e-01
-1.710693758429044850e-02 5.000000000000000000e-01
-6.849720398698379981e-03 5.000000000000000000e-01
6.306522739304284628e-03 5.000000000000000000e-01
1.103433334455831451e-02 5.000000000000000000e-01
1.525109925301669847e-02 5.000000000000000000e-01
3.049193582027392296e-02 5.000000000000000000e-01
4.466547283268730573e-02 5.000000000000000000e-01
5.068667486931835442e-02 5.000000000000000000e-01
6.366755219326387938e-02 5.000000000000000000e-01
6.934344937560148192e-02 5.000000000000000000e-01
8.081980565401296335e-02 5.000000000000000000e-01
8.462173751431943669e-02 5.000000000000000000e-01
1.030800091541295288e-01 5.000000000000000000e-01
1.107366086067489291e-01 5.000000000000000000e-01
1.237423745654008950e-01 5.000000000000000000e-01
1.322512611334058230e-01 5.000000000000000000e-01
1.342801800844855009e-01 5.000000000000000000e-01
1.518716530085510996e-01 5.000000000000000000e-01
1.599800254716277348e-01 5.000000000000000000e-01
1.648088927788961822e-01 5.000000000000000000e-01
1.689250843317154083e-01 5.000000000000000000e-01
1.794298979272713201e-01 5.000000000000000000e-01
1.904328806237219895e-01 5.000000000000000000e-01
2.007247387394377747e-01 5.000000000000000000e-01
2.100068134862962121e-01 5.000000000000000000e-01
2.136822882539080315e-01 5.000000000000000000e-01
2.289210925601318225e-01 5.000000000000000000e-01
2.583495822922233787e-01 5.000000000000000000e-01
2.610141912152703636e-01 5.000000000000000000e-01
2.755957076943797435e-01 5.000000000000000000e-01
2.856001264146854068e-01 5.000000000000000000e-01
2.929352763474969423e-01 5.000000000000000000e-01
3.030853223086212855e-01 5.000000000000000000e-01
3.162025874097736389e-01 5.000000000000000000e-01
3.179837355474859906e-01 5.000000000000000000e-01
3.272556583962588084e-01 5.000000000000000000e-01
3.314852057585752076e-01 5.000000000000000000e-01
3.464207585293427316e-01 5.000000000000000000e-01
3.489018252711455492e-01 5.000000000000000000e-01
3.598992256486228114e-01 5.000000000000000000e-01
3.752367438354904938e-01 5.000000000000000000e-01
3.817806579014308421e-01 5.000000000000000000e-01
3.833429189636537449e-01 5.000000000000000000e-01
3.969828191709462439e-01 5.000000000000000000e-01
4.104349597968670049e-01 5.000000000000000000e-01
4.140282646835509173e-01 5.000000000000000000e-01
4.229145375201988077e-01 5.000000000000000000e-01
4.447402739679249817e-01 5.000000000000000000e-01
4.595180237289334668e-01 5.000000000000000000e-01
4.615766322495739038e-01 5.000000000000000000e-01
4.626859227234447758e-01 5.000000000000000000e-01
4.846364259596310231e-01 5.000000000000000000e-01
4.899539335491306935e-01 5.000000000000000000e-01
4.992270057896848745e-01 5.000000000000000000e-01
5.134441952233720352e-01 5.000000000000000000e-01
5.166957997811810754e-01 5.000000000000000000e-01
5.335753448814291033e-01 5.000000000000000000e-01
5.479288691557256952e-01 5.000000000000000000e-01
5.614623679762218433e-01 5.000000000000000000e-01
5.678479409922594368e-01 5.000000000000000000e-01
5.782777261873398578e-01 5.000000000000000000e-01
5.806780431237534845e-01 5.000000000000000000e-01
5.910620758991661505e-01 5.000000000000000000e-01
5.956276767662627147e-01 5.000000000000000000e-01
6.026839605094381769e-01 5.000000000000000000e-01
6.139888251097885830e-01 5.000000000000000000e-01
6.251792343998457957e-01 5.000000000000000000e-01
6.365514719267183485e-01 5.000000000000000000e-01
6.447343256517967802e-01 5.000000000000000000e-01
6.558362718500113653e-01 5.000000000000000000e-01
6.612123186459364366e-01 5.000000000000000000e-01
6.692971693722078452e-01 5.000000000000000000e-01
6.777611986416325340e-01 5.000000000000000000e-01
6.797911389832858031e-01 5.000000000000000000e-01
6.878608167771906867e-01 5.000000000000000000e-01
7.039354044333162586e-01 5.000000000000000000e-01
7.134647485315041004e-01 5.000000000000000000e-01
7.364306006825777073e-01 5.000000000000000000e-01
7.482112159332419132e-01 5.000000000000000000e-01
7.571024363692933079e-01 5.000000000000000000e-01
7.623518150616351852e-01 5.000000000000000000e-01
7.721403625353068234e-01 5.000000000000000000e-01
7.837050236610474396e-01 5.000000000000000000e-01
7.901878207388832731e-01 5.000000000000000000e-01
8.004648622457279927e-01 5.000000000000000000e-01
8.108374738475789822e-01 5.000000000000000000e-01
8.211001805465983905e-01 5.000000000000000000e-01
8.379221876830684756e-01 5.000000000000000000e-01
8.389062164264792232e-01 5.000000000000000000e-01
8.496142123558003689e-01 5.000000000000000000e-01
8.531111484942394130e-01 5.000000000000000000e-01
8.600163668599061229e-01 5.000000000000000000e-01
8.725701315758469523e-01 5.000000000000000000e-01
8.775166120016335558e-01 5.000000000000000000e-01
8.927286037960658893e-01 5.000000000000000000e-01
9.044502720770826176e-01 5.000000000000000000e-01
9.229382452884390409e-01 5.000000000000000000e-01
9.370733114177588474e-01 5.000000000000000000e-01
9.511853134485668271e-01 5.000000000000000000e-01
9.550941341476055779e-01 5.000000000000000000e-01
9.636492502809657079e-01 5.000000000000000000e-01
9.681609356793998700e-01 5.000000000000000000e-01
9.777479263322985670e-01 5.000000000000000000e-01
1.011099789323832043e+00 5.000000000000000000e-01
1.019633633600800282e+00 5.000000000000000000e-01
1.029365632449422474e+00 5.000000000000000000e-01
1.037305965290927112e+00 5.000000000000000000e-01
1.043610791669931537e+00 5.000000000000000000e-01
1.058034196161569129e+00 5.000000000000000000e-01
1.070754047256929242e+00 5.000000000000000000e-01
1.077344977044653040e+00 5.000000000000000000e-01
1.091375120690421197e+00 5.000000000000000000e-01
1.100374100768301444e+00 5.000000000000000000e-01
1.111680968447933182e+00 5.000000000000000000e-01
1.121710247800945970e+00 5.000000000000000000e-01
1.127947413643217045e+00 5.000000000000000000e-01
1.133312120650104449e+00 5.000000000000000000e-01
1.158383951121412236e+00 5.000000000000000000e-01
1.168179925530736130e+00 5.000000000000000000e-01
1.172719547446094301e+00 5.000000000000000000e-01
1.180661818653047535e+00 5.000000000000000000e-01
1.192017026579590633e+00 5.000000000000000000e-01
1.194137181972667827e+00 5.000000000000000000e-01
1.224063802480394481e+00 5.000000000000000000e-01
1.235830798942737951e+00 5.000000000000000000e-01
1.237222473215932483e+00 5.000000000000000000e-01
1.255421170934515551e+00 5.000000000000000000e-01
1.256734522433234025e+00 5.000000000000000000e-01
1.279527111216791857e+00 5.000000000000000000e-01
1.286271290484134910e+00 5.000000000000000000e-01
1.292195481498410903e+00 5.000000000000000000e-01
1.299766051463944638e+00 5.000000000000000000e-01
1.304029450287335301e+00 5.000000000000000000e-01
1.319976002260522030e+00 5.000000000000000000e-01
1.324578166101884502e+00 5.000000000000000000e-01
1.347220348155747427e+00 5.000000000000000000e-01
1.354455916788219083e+00 5.000000000000000000e-01
1.365785278254791235e+00 5.000000000000000000e-01
1.375134422715508009e+00 5.000000000000000000e-01
1.382344299923091047e+00 5.000000000000000000e-01
1.391687449956507505e+00 5.000000000000000000e-01
1.407995719636472964e+00 5.000000000000000000e-01
1.413702626520288330e+00 5.000000000000000000e-01
1.430023196751418313e+00 5.000000000000000000e-01
1.435441625453901082e+00 5.000000000000000000e-01
1.442275945308161278e+00 5.000000000000000000e-01
1.456907972259160022e+00 5.000000000000000000e-01
1.470057027539275030e+00 5.000000000000000000e-01
1.486482510174404137e+00 5.000000000000000000e-01
1.501829829659016458e+00 5.000000000000000000e-01
1.522179893680841944e+00 5.000000000000000000e-01
1.532635836969792997e+00 5.000000000000000000e-01
1.542992847429582426e+00 5.000000000000000000e-01
1.558260479514893548e+00 5.000000000000000000e-01
1.567668388212039021e+00 5.000000000000000000e-01
1.576355075344478607e+00 5.000000000000000000e-01
1.583941873898790265e+00 5.000000000000000000e-01
1.606919555377926967e+00 5.000000000000000000e-01
1.607189919743486906e+00 5.000000000000000000e-01
1.621863515342584439e+00 5.000000000000000000e-01
1.635545501085714948e+00 5.000000000000000000e-01
1.639538460152548893e+00 5.000000000000000000e-01
1.659752622135699074e+00 5.000000000000000000e-01
1.664000179056243311e+00 5.000000000000000000e-01
1.677998510788152764e+00 5.000000000000000000e-01
1.684299291515627628e+00 5.000000000000000000e-01
1.694008673091755623e+00 5.000000000000000000e-01
1.700495702379639207e+00 5.000000000000000000e-01
1.717500485390667020e+00 5.000000000000000000e-01
1.732023696760154108e+00 5.000000000000000000e-01
1.739601256144852837e+00 5.000000000000000000e-01
1.753446543596831164e+00 5.000000000000000000e-01
1.756669737060524872e+00 5.000000000000000000e-01
1.779181475344676189e+00 5.000000000000000000e-01
1.813194231237632792e+00 5.000000000000000000e-01
1.817615822802148839e+00 5.000000000000000000e-01
1.827243006980961759e+00 5.000000000000000000e-01
1.838411594874289623e+00 5.000000000000000000e-01
1.853303893157368432e+00 5.000000000000000000e-01
1.860952337895553477e+00 5.000000000000000000e-01
1.869839939998630074e+00 5.000000000000000000e-01
1.894883158031425596e+00 5.000000000000000000e-01
1.903452645204166238e+00 5.000000000000000000e-01
1.933931453052019078e+00 5.000000000000000000e-01
1.944038356225279873e+00 5.000000000000000000e-01
1.960382099464310635e+00 5.000000000000000000e-01
1.981752603691682602e+00 5.000000000000000000e-01
1.995581251188016658e+00 5.000000000000000000e-01
2.003442250785114620e+00 5.000000000000000000e-01
2.007985797479859613e+00 5.000000000000000000e-01
2.026817893202797816e+00 5.000000000000000000e-01
2.051525870507536542e+00 5.000000000000000000e-01
2.063964006032528165e+00 5.000000000000000000e-01
2.083471584990123304e+00 5.000000000000000000e-01
2.096900770660880209e+00 5.000000000000000000e-01
2.113091961682396214e+00 5.000000000000000000e-01
2.137054018197650063e+00 5.000000000000000000e-01
2.144167086652597476e+00 5.000000000000000000e-01
2.156004073270234578e+00 5.000000000000000000e-01
2.169900329752282975e+00 5.000000000000000000e-01
2.188626161131380865e+00 5.000000000000000000e-01
2.205193407807386929e+00 5.000000000000000000e-01
2.242430565988136504e+00 5.000000000000000000e-01
2.258044187324681484e+00 5.000000000000000000e-01
2.273287215353537505e+00 5.000000000000000000e-01
2.280902913771160279e+00 5.000000000000000000e-01
2.294386414768184945e+00 5.000000000000000000e-01
2.326175777835715497e+00 5.000000000000000000e-01
2.352863116746711558e+00 5.000000000000000000e-01
2.360943157848475860e+00 5.000000000000000000e-01
2.380949425700667366e+00 5.000000000000000000e-01
2.407374049084488821e+00 5.000000000000000000e-01
2.409811204104449267e+00 5.000000000000000000e-01
2.438425382369690197e+00 5.000000000000000000e-01
2.462479049365410066e+00 5.000000000000000000e-01
2.474279472929984625e+00 5.000000000000000000e-01
2.500405507111628456e+00 5.000000000000000000e-01
2.513594495780812732e+00 5.000000000000000000e-01
2.528199804655002936e+00 5.000000000000000000e-01
2.549612443316019661e+00 5.000000000000000000e-01
2.595064579118238068e+00 5.000000000000000000e-01
2.620927294223467374e+00 5.000000000000000000e-01
2.639858104137396300e+00 5.000000000000000000e-01
2.661346491962997884e+00 5.000000000000000000e-01
2.668652922680432305e+00 5.000000000000000000e-01
2.688671351018025124e+00 5.000000000000000000e-01
2.712059475027870814e+00 5.000000000000000000e-01
2.717761398159585617e+00 5.000000000000000000e-01
2.724779604558211332e+00 5.000000000000000000e-01
2.748961931415285775e+00 5.000000000000000000e-01
2.764434319791981842e+00 5.000000000000000000e-01
2.797821907372655570e+00 5.000000000000000000e-01
2.807577511149146776e+00 5.000000000000000000e-01
2.822490880245388745e+00 5.000000000000000000e-01
2.857417578670364833e+00 5.000000000000000000e-01
2.906393228823548114e+00 5.000000000000000000e-01
2.916129968316160781e+00 5.000000000000000000e-01
2.943061723361568127e+00 5.000000000000000000e-01
2.982556084208238811e+00 5.000000000000000000e-01
3.003312671575203208e+00 5.000000000000000000e-01
3.043164871734738597e+00 5.000000000000000000e-01
3.066383093711884111e+00 5.000000000000000000e-01
3.117773983175892383e+00 5.000000000000000000e-01
3.133134305661377628e+00 5.000000000000000000e-01
3.194237408356322749e+00 5.000000000000000000e-01
3.217314454120555833e+00 5.000000000000000000e-01
3.234425162954845057e+00 5.000000000000000000e-01
3.274259417709197262e+00 5.000000000000000000e-01
3.333031868858938651e+00 5.000000000000000000e-01
3.354475731235600389e+00 5.000000000000000000e-01
3.398304841736639492e+00 5.000000000000000000e-01
3.427969796272835268e+00 5.000000000000000000e-01
3.460258299700133211e+00 5.000000000000000000e-01
3.510709445646236215e+00 5.000000000000000000e-01
3.580948019758269929e+00 5.000000000000000000e-01
3.666194341443747007e+00 5.000000000000000000e-01
3.673093402870007296e+00 5.000000000000000000e-01
3.760193999600581094e+00 5.000000000000000000e-01
3.785117767247772047e+00 5.000000000000000000e-01
3.842145344606273216e+00 5.000000000000000000e-01
3.953097062907275472e+00 5.000000000000000000e-01
3.968804432834908358e+00 5.000000000000000000e-01
4.052648519336389477e+00 5.000000000000000000e-01
4.149279970044405630e+00 5.000000000000000000e-01
4.236727553156253379e+00 5.000000000000000000e-01
4.375633430221377296e+00 5.000000000000000000e-01
4.469346085277152270e+00 5.000000000000000000e-01
4.693592015264618666e+00 5.000000000000000000e-01
4.914357489804297430e+00 5.000000000000000000e-01
5.399572041591744309e+00 5.000000000000000000e-01
