# Runtime: 8.895974397659302
-7.500000000000003331e-01 3.000000000000000000e+00
-1.603561392196432456e+00 2.000000000000000000e+00
-5.980500332965354993e-01 2.000000000000000000e+00
-1.174587480855708993e-01 2.000000000000000000e+00
5.212483070012027264e-01 2.000000000000000000e+00
1.047821866577335781e+00 2.000000000000000000e+00
-1.321709932176632130e+00 1.000000000000000000e+00
-6.785434570467798743e-01 1.000000000000000000e+00
-4.274476719045786632e-01 1.000000000000000000e+00
-3.664635803612241449e-02 1.000000000000000000e+00
-6.162477576793568175e-03 1.000000000000000000e+00
4.374628164123698926e-01 1.000000000000000000e+00
7.998659768727771624e-01 1.000000000000000000e+00
1.371702330948223025e+00 1.000000000000000000e+00
2.111478772507539237e+00 1.000000000000000000e+00
-9.832791151950798225e-01 0.000000000000000000e+00
-2.311013581397627081e-01 0.000000000000000000e+00
5.819579319227105030e-01 0.000000000000000000e+00
1.054300779933978305e+00 0.000000000000000000e+00
1.828121761478154861e+00 0.000000000000000000e+00
