# Runtime: 11.266036748886108
-1.500000000000000888e+00 4.500000000000000000e+00
-2.166967279837667348e+00 3.500000000000000000e+00
-1.405851957109415462e+00 3.500000000000000000e+00
-1.253444669528778865e+00 3.500000000000000000e+00
-8.764372568529852359e-01 3.500000000000000000e+00
-5.601033643379489391e-01 3.500000000000000000e+00
-2.236529231610234758e-01 3.500000000000000000e+00
1.861741746735327274e-01 3.500000000000000000e+00
3.002832761542830742e-01 3.500000000000000000e+00
-2.224882340013656368e+00 2.500000000000000000e+00
-1.916870946439088064e+00 2.500000000000000000e+00
-1.737398682331839250e+00 2.500000000000000000e+00
-1.299907472935232899e+00 2.500000000000000000e+00
-1.273233737327025272e+00 2.500000000000000000e+00
-1.144519559326646618e+00 2.500000000000000000e+00
-9.861810265677153353e-01 2.500000000000000000e+00
-8.725917663756695974e-01 2.500000000000000000e+00
-8.042204961461496548e-01 2.500000000000000000e+00
-6.756832010424709267e-01 2.500000000000000000e+00
-5.820542074717617309e-01 2.500000000000000000e+00
-4.351626267675719473e-01 2.500000000000000000e+00
-2.704675932801802185e-01 2.500000000000000000e+00
-1.976310259869828723e-01 2.500000000000000000e+00
-6.612169524332348058e-02 2.500000000000000000e+00
8.256828889582627784e-02 2.500000000000000000e+00
1.356201505979332811e-01 2.500000000000000000e+00
3.219914271376062009e-01 2.500000000000000000e+00
4.641809546107539264e-01 2.500000000000000000e+00
6.487163814320446864e-01 2.500000000000000000e+00
6.736152967127285729e-01 2.500000000000000000e+00
7.444406035979322933e-01 2.500000000000000000e+00
8.649842373175197219e-01 2.500000000000000000e+00
1.220537678105804602e+00 2.500000000000000000e+00
1.377839678154019198e+00 2.500000000000000000e+00
1.466419935131058505e+00 2.500000000000000000e+00
1.986011745562087594e+00 2.500000000000000000e+00
-2.256146526855141943e+00 1.500000000000000000e+00
-1.938779458055730931e+00 1.500000000000000000e+00
-1.762677129572746360e+00 1.500000000000000000e+00
-1.594394739804913641e+00 1.500000000000000000e+00
-1.470654123001264191e+00 1.500000000000000000e+00
-1.313644071268588620e+00 1.500000000000000000e+00
-1.161672401951653555e+00 1.500000000000000000e+00
-1.018120362438175608e+00 1.500000000000000000e+00
-9.307312744107880675e-01 1.500000000000000000e+00
-8.639416196028588679e-01 1.500000000000000000e+00
-8.023318254070986866e-01 1.500000000000000000e+00
-6.949481478673720236e-01 1.500000000000000000e+00
-6.415135293044750275e-01 1.500000000000000000e+00
-5.652584209434872164e-01 1.500000000000000000e+00
-5.010759847623136309e-01 1.500000000000000000e+00
-3.530426331444610488e-01 1.500000000000000000e+00
-3.134146900930143143e-01 1.500000000000000000e+00
-2.408398937632903747e-01 1.500000000000000000e+00
-1.879823005737977226e-01 1.500000000000000000e+00
-9.384877070052838333e-02 1.500000000000000000e+00
-6.515271143437098567e-02 1.500000000000000000e+00
1.816749730487893233e-02 1.500000000000000000e+00
9.465686936933287443e-02 1.500000000000000000e+00
2.024896509374166653e-01 1.500000000000000000e+00
2.253046526117205572e-01 1.500000000000000000e+00
3.154161018457900534e-01 1.500000000000000000e+00
4.282398695598112481e-01 1.500000000000000000e+00
4.584652402523327619e-01 1.500000000000000000e+00
4.801511661646470364e-01 1.500000000000000000e+00
6.656438122781888067e-01 1.500000000000000000e+00
6.771096657340396341e-01 1.500000000000000000e+00
8.353342730783174241e-01 1.500000000000000000e+00
8.722404157884666720e-01 1.500000000000000000e+00
9.374921384235916921e-01 1.500000000000000000e+00
9.759215808270237380e-01 1.500000000000000000e+00
1.032805867399838817e+00 1.500000000000000000e+00
1.127803398395851753e+00 1.500000000000000000e+00
1.224948408982303505e+00 1.500000000000000000e+00
1.390602748992981308e+00 1.500000000000000000e+00
1.536486712452989956e+00 1.500000000000000000e+00
1.592961682557089365e+00 1.500000000000000000e+00
1.694491118836878973e+00 1.500000000000000000e+00
1.733262492567202440e+00 1.500000000000000000e+00
2.039317109144204831e+00 1.500000000000000000e+00
2.269358261324721848e+00 1.500000000000000000e+00
2.319401016419185613e+00 1.500000000000000000e+00
2.564809801007945200e+00 1.500000000000000000e+00
3.057289062699342530e+00 1.500000000000000000e+00
-2.272512331726917800e+00 5.000000000000000000e-01
-1.950979400149942533e+00 5.000000000000000000e-01
-1.483987997568125383e+00 5.000000000000000000e-01
-1.338044126221268337e+00 5.000000000000000000e-01
-1.145737235681864030e+00 5.000000000000000000e-01
-9.754268397255758671e-01 5.000000000000000000e-01
-8.934336027238314326e-01 5.000000000000000000e-01
-7.431811204965376172e-01 5.000000000000000000e-01
-6.688452979406737109e-01 5.000000000000000000e-01
-5.980706288755573974e-01 5.000000000000000000e-01
-4.293206837727088221e-01 5.000000000000000000e-01
-3.304713800439716409e-01 5.000000000000000000e-01
-2.935110322611373390e-01 5.000000000000000000e-01
-2.217468604512361496e-01 5.000000000000000000e-01
-1.183652678320011031e-01 5.000000000000000000e-01
-5.351984727599456287e-02 5.000000000000000000e-01
2.007410469591686120e-02 5.000000000000000000e-01
1.330691799457367763e-01 5.000000000000000000e-01
2.554307431065560574e-01 5.000000000000000000e-01
3.496022992758787140e-01 5.000000000000000000e-01
3.608317102039373947e-01 5.000000000000000000e-01
5.012113562013483792e-01 5.000000000000000000e-01
6.430883311112203238e-01 5.000000000000000000e-01
6.610200050674782668e-01 5.000000000000000000e-01
7.810488399236419355e-01 5.000000000000000000e-01
8.697211533277428019e-01 5.000000000000000000e-01
9.507502843957272853e-01 5.000000000000000000e-01
1.045251754084483453e+00 5.000000000000000000e-01
1.087597153468725875e+00 5.000000000000000000e-01
1.216535939016097245e+00 5.000000000000000000e-01
1.356281802930886959e+00 5.000000000000000000e-01
1.430485401283663416e+00 5.000000000000000000e-01
1.521041562698647542e+00 5.000000000000000000e-01
1.621349971197073359e+00 5.000000000000000000e-01
1.737898438096025844e+00 5.000000000000000000e-01
1.926904484653273908e+00 5.000000000000000000e-01
2.008136928895531526e+00 5.000000000000000000e-01
2.283699730865003996e+00 5.000000000000000000e-01
2.375623506176557598e+00 5.000000000000000000e-01
2.741134415438746696e+00 5.000000000000000000e-01
3.002836797889492537e+00 5.000000000000000000e-01
3.636527758797972965e+00 5.000000000000000000e-01
