# Runtime: 8.967597723007202
-7.500000000000003331e-01 3.000000000000000000e+00
-1.421461541388585381e+00 2.000000000000000000e+00
-4.853417099355804565e-01 2.000000000000000000e+00
-2.500000000000000000e-01 2.000000000000000000e+00
6.568032513241656156e-01 2.000000000000000000e+00
7.500000000000002220e-01 2.000000000000000000e+00
-1.505081604539001860e+00 1.000000000000000000e+00
-6.547396544206611768e-01 1.000000000000000000e+00
-6.160254037844390407e-01 1.000000000000000000e+00
-9.316492723464631087e-02 1.000000000000000000e+00
2.500000000000004441e-01 1.000000000000000000e+00
4.523366625136702734e-01 1.000000000000000000e+00
1.116025403784439263e+00 1.000000000000000000e+00
1.140122081721838043e+00 1.000000000000000000e+00
2.160527441958801198e+00 1.000000000000000000e+00
-1.539233735540149084e+00 0.000000000000000000e+00
3.161160591680298171e-02 0.000000000000000000e+00
6.473146339655690973e-01 0.000000000000000000e+00
1.250000000000000666e+00 0.000000000000000000e+00
1.860307495657776533e+00 0.000000000000000000e+00
