# Runtime: 10.915883779525757
-1.250000000000000444e+00 4.000000000000000000e+00
-1.917207109169488888e+00 3.000000000000000000e+00
-1.120981892151363013e+00 3.000000000000000000e+00
-9.571067811865472397e-01 3.000000000000000000e+00
-3.790181078486369315e-01 3.000000000000000000e+00
-2.500000000000000555e-01 3.000000000000000000e+00
4.172071091694890543e-01 3.000000000000000000e+00
4.571067811865479613e-01 3.000000000000000000e+00
-1.980327969641634045e+00 2.000000000000000000e+00
-1.515468035440419303e+00 2.000000000000000000e+00
-1.465666360107644506e+00 2.000000000000000000e+00
-9.642171440761648782e-01 2.000000000000000000e+00
-8.024200142248554268e-01 2.000000000000000000e+00
-6.773371897632516347e-01 2.000000000000000000e+00
-6.217680694286129572e-01 2.000000000000000000e+00
-5.791504539404216390e-01 2.000000000000000000e+00
-1.938690180394119222e-01 2.000000000000000000e+00
-7.856615321784050920e-02 2.000000000000000000e+00
-4.799743359366726025e-02 2.000000000000000000e+00
1.223056305793869813e-01 2.000000000000000000e+00
6.036805609468803846e-01 2.000000000000000000e+00
6.467907175468791126e-01 2.000000000000000000e+00
6.661450899994794117e-01 2.000000000000000000e+00
9.762863420279487281e-01 2.000000000000000000e+00
1.010997161111151454e+00 2.000000000000000000e+00
1.383126070866815382e+00 2.000000000000000000e+00
1.393340970997793749e+00 2.000000000000000000e+00
2.124115297397590307e+00 2.000000000000000000e+00
-2.013108669688798535e+00 1.000000000000000000e+00
-1.521314199562832536e+00 1.000000000000000000e+00
-1.507489960963709130e+00 1.000000000000000000e+00
-1.056585462802722475e+00 1.000000000000000000e+00
-7.716515078704785369e-01 1.000000000000000000e+00
-7.036753137053169960e-01 1.000000000000000000e+00
-6.460160238356422724e-01 1.000000000000000000e+00
-4.918917079457696961e-01 1.000000000000000000e+00
-2.979791457793566911e-01 1.000000000000000000e+00
-1.824881792952826320e-01 1.000000000000000000e+00
-1.479214358448422972e-01 1.000000000000000000e+00
-7.159634449644718124e-02 1.000000000000000000e+00
1.487655191036638125e-01 1.000000000000000000e+00
1.613803372480745735e-01 1.000000000000000000e+00
2.733216918797481965e-01 1.000000000000000000e+00
5.426335070375356562e-01 1.000000000000000000e+00
5.776288553448234442e-01 1.000000000000000000e+00
8.874539873587594663e-01 1.000000000000000000e+00
8.937859198333045763e-01 1.000000000000000000e+00
1.008270002009288513e+00 1.000000000000000000e+00
1.187333757571057635e+00 1.000000000000000000e+00
1.273094770051688362e+00 1.000000000000000000e+00
1.412451986764817757e+00 1.000000000000000000e+00
1.716150303839511615e+00 1.000000000000000000e+00
1.959063886367018004e+00 1.000000000000000000e+00
2.002090058407019146e+00 1.000000000000000000e+00
2.598212611285765306e+00 1.000000000000000000e+00
2.770080757689133311e+00 1.000000000000000000e+00
-2.027731684018135638e+00 0.000000000000000000e+00
-1.067081598150019461e+00 0.000000000000000000e+00
-5.040875420304936627e-01 0.000000000000000000e+00
-1.899664996583882992e-01 0.000000000000000000e+00
-1.738795325112866830e-01 0.000000000000000000e+00
2.139265657569679735e-01 0.000000000000000000e+00
3.673165676349106623e-01 0.000000000000000000e+00
5.795877094310268873e-01 0.000000000000000000e+00
9.364428821554294791e-01 0.000000000000000000e+00
1.132683432365090948e+00 0.000000000000000000e+00
1.423290166300130943e+00 0.000000000000000000e+00
1.673879532511288515e+00 0.000000000000000000e+00
1.821892273841598131e+00 0.000000000000000000e+00
3.313727726371885840e+00 0.000000000000000000e+00
