# Runtime: 11.550893545150757
-1.250000000000000666e+00 4.000000000000000000e+00
-2.103553449481972315e+00 3.000000000000000000e+00
-1.169126300914673067e+00 3.000000000000000000e+00
-9.124618285305847731e-01 3.000000000000000000e+00
-5.129672046067966784e-01 3.000000000000000000e+00
-5.697482094096992938e-02 3.000000000000000000e+00
3.582469999383253723e-01 3.000000000000000000e+00
6.468366045366690242e-01 3.000000000000000000e+00
-1.971379802890283583e+00 2.000000000000000000e+00
-1.622111003339178570e+00 2.000000000000000000e+00
-1.155097592868481016e+00 2.000000000000000000e+00
-1.080119706554040881e+00 2.000000000000000000e+00
-8.528648837866701360e-01 2.000000000000000000e+00
-6.787973782016757385e-01 2.000000000000000000e+00
-6.113283990729663220e-01 2.000000000000000000e+00
-4.106314312973241565e-01 2.000000000000000000e+00
-3.724624314575868400e-01 2.000000000000000000e+00
-2.949525314605828674e-01 2.000000000000000000e+00
-4.573989535219172287e-02 2.000000000000000000e+00
6.083637932698948703e-02 2.000000000000000000e+00
4.313663634466089469e-01 2.000000000000000000e+00
4.900012946141570902e-01 2.000000000000000000e+00
7.882042091370370374e-01 2.000000000000000000e+00
8.779257919633036700e-01 2.000000000000000000e+00
1.189634073880113663e+00 2.000000000000000000e+00
1.379460342081875401e+00 2.000000000000000000e+00
1.700799680209980513e+00 2.000000000000000000e+00
2.177256921620917218e+00 2.000000000000000000e+00
-1.820099780407704149e+00 1.000000000000000000e+00
-1.520651734347368222e+00 1.000000000000000000e+00
-1.244462996204118044e+00 1.000000000000000000e+00
-9.806660590085933826e-01 1.000000000000000000e+00
-9.533688649709387564e-01 1.000000000000000000e+00
-7.913311315392158596e-01 1.000000000000000000e+00
-6.320021250732865692e-01 1.000000000000000000e+00
-4.530493459521766075e-01 1.000000000000000000e+00
-3.217619988301614886e-01 1.000000000000000000e+00
-1.246455978574078360e-01 1.000000000000000000e+00
-4.949506968835178794e-02 1.000000000000000000e+00
3.722372348477216014e-02 1.000000000000000000e+00
1.862983322197201419e-01 1.000000000000000000e+00
2.095770550327696324e-01 1.000000000000000000e+00
4.464140747496243566e-01 1.000000000000000000e+00
4.582884743187394805e-01 1.000000000000000000e+00
6.375464776571897474e-01 1.000000000000000000e+00
7.260536153940663207e-01 1.000000000000000000e+00
9.500463918959656251e-01 1.000000000000000000e+00
9.565602385484340831e-01 1.000000000000000000e+00
1.001707056929798556e+00 1.000000000000000000e+00
1.274462162467514759e+00 1.000000000000000000e+00
1.298989279077127135e+00 1.000000000000000000e+00
1.599452247880463140e+00 1.000000000000000000e+00
1.714659808329822344e+00 1.000000000000000000e+00
1.939231439510141319e+00 1.000000000000000000e+00
2.444679324320849112e+00 1.000000000000000000e+00
3.010345002062334796e+00 1.000000000000000000e+00
-1.641306141364296867e+00 0.000000000000000000e+00
-8.675299727656295978e-01 0.000000000000000000e+00
-7.925615952692686150e-01 0.000000000000000000e+00
-2.313059041370111035e-01 0.000000000000000000e+00
-1.948597191975344756e-01 0.000000000000000000e+00
2.517196007074355979e-01 0.000000000000000000e+00
3.115321372675357026e-01 0.000000000000000000e+00
5.285191952094756562e-01 0.000000000000000000e+00
8.043704078452746931e-01 0.000000000000000000e+00
1.141299915243675134e+00 0.000000000000000000e+00
1.452287552610888710e+00 0.000000000000000000e+00
1.735011110723472916e+00 0.000000000000000000e+00
2.196427508224998881e+00 0.000000000000000000e+00
2.806395904900989446e+00 0.000000000000000000e+00
