# Runtime: 11.550237655639648
-1.500000000000000888e+00 4.500000000000000000e+00
-2.187809123798101218e+00 3.500000000000000000e+00
-1.429675070007073279e+00 3.500000000000000000e+00
-1.181856922157026535e+00 3.500000000000000000e+00
-8.030339600077355255e-01 3.500000000000000000e+00
-6.082549666506336106e-01 3.500000000000000000e+00
-2.966890711532417790e-01 3.500000000000000000e+00
1.101564982908696672e-01 3.500000000000000000e+00
3.971626154829365207e-01 3.500000000000000000e+00
-2.278526913395984010e+00 2.500000000000000000e+00
-2.068510564439105082e+00 2.500000000000000000e+00
-1.723420141778455816e+00 2.500000000000000000e+00
-1.352899159600549295e+00 2.500000000000000000e+00
-1.262421305607519750e+00 2.500000000000000000e+00
-1.129336890196636078e+00 2.500000000000000000e+00
-8.853753983438582553e-01 2.500000000000000000e+00
-7.982418791081952181e-01 2.500000000000000000e+00
-7.118236890297577890e-01 2.500000000000000000e+00
-6.342795294596099698e-01 2.500000000000000000e+00
-5.178380872510853772e-01 2.500000000000000000e+00
-4.346231092805811214e-01 2.500000000000000000e+00
-2.919369855005424785e-01 2.500000000000000000e+00
-1.949195580831923347e-01 2.500000000000000000e+00
-1.592370861550976013e-01 2.500000000000000000e+00
7.914521850875171072e-02 2.500000000000000000e+00
2.181065000619486494e-01 2.500000000000000000e+00
2.396951782954053201e-01 2.500000000000000000e+00
5.201872751673684014e-01 2.500000000000000000e+00
5.632142896967263779e-01 2.500000000000000000e+00
6.239560777563205596e-01 2.500000000000000000e+00
9.106432663248259507e-01 2.500000000000000000e+00
9.740901840075066875e-01 2.500000000000000000e+00
1.154634233945414756e+00 2.500000000000000000e+00
1.256216010374775260e+00 2.500000000000000000e+00
1.473132045713856142e+00 2.500000000000000000e+00
1.930370017377274428e+00 2.500000000000000000e+00
-2.126253308539565623e+00 1.500000000000000000e+00
-1.930766090405562796e+00 1.500000000000000000e+00
-1.777406168119657792e+00 1.500000000000000000e+00
-1.627147050728397604e+00 1.500000000000000000e+00
-1.341462860710295413e+00 1.500000000000000000e+00
-1.324020563476296264e+00 1.500000000000000000e+00
-1.267755763035953054e+00 1.500000000000000000e+00
-1.077699390108127764e+00 1.500000000000000000e+00
-1.073763251157176413e+00 1.500000000000000000e+00
-8.952931494756046771e-01 1.500000000000000000e+00
-8.712283004406637943e-01 1.500000000000000000e+00
-6.300647083449349983e-01 1.500000000000000000e+00
-5.906121127694301531e-01 1.500000000000000000e+00
-5.425340033097594272e-01 1.500000000000000000e+00
-4.306081328759950311e-01 1.500000000000000000e+00
-3.939220048926265760e-01 1.500000000000000000e+00
-3.580107527810735268e-01 1.500000000000000000e+00
-2.195313092401751376e-01 1.500000000000000000e+00
-1.536385505540236174e-01 1.500000000000000000e+00
-1.050539996580796415e-01 1.500000000000000000e+00
-7.321441763881091080e-02 1.500000000000000000e+00
-4.744483302958712664e-03 1.500000000000000000e+00
7.146091305381921388e-02 1.500000000000000000e+00
1.950248162370015192e-01 1.500000000000000000e+00
2.315461847911340354e-01 1.500000000000000000e+00
3.201661575720048947e-01 1.500000000000000000e+00
3.445923375505928199e-01 1.500000000000000000e+00
3.685698445131826984e-01 1.500000000000000000e+00
5.485358731450536984e-01 1.500000000000000000e+00
6.589089380664839846e-01 1.500000000000000000e+00
6.669592004153868103e-01 1.500000000000000000e+00
7.424354525431514640e-01 1.500000000000000000e+00
8.385361915112126141e-01 1.500000000000000000e+00
1.012900331263003606e+00 1.500000000000000000e+00
1.034809930498577613e+00 1.500000000000000000e+00
1.116962580741005295e+00 1.500000000000000000e+00
1.179586157967587479e+00 1.500000000000000000e+00
1.328503589882854330e+00 1.500000000000000000e+00
1.401904184079648452e+00 1.500000000000000000e+00
1.499045242829841751e+00 1.500000000000000000e+00
1.588041503787688047e+00 1.500000000000000000e+00
1.660804473372977208e+00 1.500000000000000000e+00
1.891421501500218705e+00 1.500000000000000000e+00
2.025548289635741739e+00 1.500000000000000000e+00
2.172863868886794059e+00 1.500000000000000000e+00
2.339801992491469029e+00 1.500000000000000000e+00
2.717342757246298479e+00 1.500000000000000000e+00
2.858458057982461220e+00 1.500000000000000000e+00
-1.951381906992756043e+00 5.000000000000000000e-01
-1.760958453151684422e+00 5.000000000000000000e-01
-1.661337965589769761e+00 5.000000000000000000e-01
-1.412791956390548664e+00 5.000000000000000000e-01
-1.170542468205463038e+00 5.000000000000000000e-01
-1.094435031063882180e+00 5.000000000000000000e-01
-1.002205250986525353e+00 5.000000000000000000e-01
-9.189584525876360876e-01 5.000000000000000000e-01
-6.186135403569575919e-01 5.000000000000000000e-01
-5.390873911559176390e-01 5.000000000000000000e-01
-3.434543160884188651e-01 5.000000000000000000e-01
-3.127340563261121198e-01 5.000000000000000000e-01
-2.316680034378751640e-01 5.000000000000000000e-01
-1.451592186654880046e-01 5.000000000000000000e-01
-1.176352140586847950e-01 5.000000000000000000e-01
-1.370834509591621272e-02 5.000000000000000000e-01
2.766825290489785885e-02 5.000000000000000000e-01
8.311260529523172014e-02 5.000000000000000000e-01
2.427594940203313956e-01 5.000000000000000000e-01
2.780368983095268254e-01 5.000000000000000000e-01
3.879008337800861073e-01 5.000000000000000000e-01
4.769532692650298444e-01 5.000000000000000000e-01
5.282864051121769489e-01 5.000000000000000000e-01
6.374703036343090101e-01 5.000000000000000000e-01
7.490380570274740579e-01 5.000000000000000000e-01
8.344229244409296919e-01 5.000000000000000000e-01
8.916284288453082407e-01 5.000000000000000000e-01
9.671754444585893840e-01 5.000000000000000000e-01
1.147775431174632210e+00 5.000000000000000000e-01
1.262384483643807176e+00 5.000000000000000000e-01
1.308198518262321697e+00 5.000000000000000000e-01
1.379443921239538184e+00 5.000000000000000000e-01
1.504372529766096367e+00 5.000000000000000000e-01
1.648980137521693479e+00 5.000000000000000000e-01
1.695178435871700584e+00 5.000000000000000000e-01
1.911609598504119489e+00 5.000000000000000000e-01
2.060813866651482584e+00 5.000000000000000000e-01
2.291404630925631292e+00 5.000000000000000000e-01
2.484399960461820100e+00 5.000000000000000000e-01
2.685891988199033520e+00 5.000000000000000000e-01
3.140540707942895970e+00 5.000000000000000000e-01
3.669224442895002269e+00 5.000000000000000000e-01
