# Runtime: 13.95856237411499
-1.750000000000000666e+00 5.000000000000000000e+00
-2.416940610505183606e+00 4.000000000000000000e+00
-1.679816718264766084e+00 4.000000000000000000e+00
-1.529265486177142419e+00 4.000000000000000000e+00
-1.294706937424455306e+00 4.000000000000000000e+00
-8.550768238497012952e-01 4.000000000000000000e+00
-7.499999999999998890e-01 4.000000000000000000e+00
-2.729710281746196010e-01 4.000000000000000000e+00
-6.173817687516403724e-02 4.000000000000000000e+00
1.105157812710265280e-01 4.000000000000000000e+00
-2.472254279739419580e+00 3.000000000000000000e+00
-2.254778352378132400e+00 3.000000000000000000e+00
-1.989882290579151558e+00 3.000000000000000000e+00
-1.785461775016629948e+00 3.000000000000000000e+00
-1.601428339906736165e+00 3.000000000000000000e+00
-1.451113047961600344e+00 3.000000000000000000e+00
-1.287914993311518153e+00 3.000000000000000000e+00
-1.235318924878250790e+00 3.000000000000000000e+00
-1.226271071985367778e+00 3.000000000000000000e+00
-1.139325036076408892e+00 3.000000000000000000e+00
-1.055037158598297831e+00 3.000000000000000000e+00
-9.175502901354921637e-01 3.000000000000000000e+00
-7.664017207947431132e-01 3.000000000000000000e+00
-7.106859086762629119e-01 3.000000000000000000e+00
-6.568501560082191659e-01 3.000000000000000000e+00
-5.918797956871827415e-01 3.000000000000000000e+00
-4.989474271448834930e-01 3.000000000000000000e+00
-4.364635792547538196e-01 3.000000000000000000e+00
-2.899533450129731516e-01 3.000000000000000000e+00
-1.482851635123350886e-01 3.000000000000000000e+00
-5.482717335308012058e-03 3.000000000000000000e+00
3.334423498385118145e-02 3.000000000000000000e+00
1.460508405208932048e-01 3.000000000000000000e+00
2.342332911757576130e-01 3.000000000000000000e+00
3.522100776388219501e-01 3.000000000000000000e+00
3.861229225221806671e-01 3.000000000000000000e+00
4.290238546242151618e-01 3.000000000000000000e+00
5.196759458947659560e-01 3.000000000000000000e+00
6.806498205538078494e-01 3.000000000000000000e+00
8.430626930270596064e-01 3.000000000000000000e+00
9.064770938892765528e-01 3.000000000000000000e+00
1.060468736210423923e+00 3.000000000000000000e+00
1.411652664033009152e+00 3.000000000000000000e+00
1.470272320272226763e+00 3.000000000000000000e+00
1.798040878647367391e+00 3.000000000000000000e+00
-2.502501365153527058e+00 2.000000000000000000e+00
-2.281399596720553813e+00 2.000000000000000000e+00
-2.055470818836508951e+00 2.000000000000000000e+00
-2.012194904082023506e+00 2.000000000000000000e+00
-1.833449478062877613e+00 2.000000000000000000e+00
-1.797716336112889168e+00 2.000000000000000000e+00
-1.661848569045344171e+00 2.000000000000000000e+00
-1.511186930963412944e+00 2.000000000000000000e+00
-1.378852155232821008e+00 2.000000000000000000e+00
-1.350296081340002896e+00 2.000000000000000000e+00
-1.264573561472106089e+00 2.000000000000000000e+00
-1.215793470184250324e+00 2.000000000000000000e+00
-1.174480269664733401e+00 2.000000000000000000e+00
-1.139044998159129296e+00 2.000000000000000000e+00
-1.028907988226041903e+00 2.000000000000000000e+00
-9.364208485260224757e-01 2.000000000000000000e+00
-9.268825134750290351e-01 2.000000000000000000e+00
-9.066191614706696766e-01 2.000000000000000000e+00
-8.076056950362170417e-01 2.000000000000000000e+00
-7.944588182356003836e-01 2.000000000000000000e+00
-7.371023614447658190e-01 2.000000000000000000e+00
-6.422480622997660538e-01 2.000000000000000000e+00
-5.832277018545014569e-01 2.000000000000000000e+00
-5.701581871396619317e-01 2.000000000000000000e+00
-5.579448229377528268e-01 2.000000000000000000e+00
-4.862728459921289992e-01 2.000000000000000000e+00
-4.663273726752250048e-01 2.000000000000000000e+00
-3.892062807554012016e-01 2.000000000000000000e+00
-3.595872842113834733e-01 2.000000000000000000e+00
-3.338190231686093967e-01 2.000000000000000000e+00
-2.379047738081681018e-01 2.000000000000000000e+00
-2.015627802393241963e-01 2.000000000000000000e+00
-1.599152803892882890e-01 2.000000000000000000e+00
-1.035028044914324125e-01 2.000000000000000000e+00
-7.063811515680443361e-03 2.000000000000000000e+00
8.070840482184527681e-03 2.000000000000000000e+00
6.305825211096643956e-02 2.000000000000000000e+00
1.268898918546002008e-01 2.000000000000000000e+00
1.470376041769056452e-01 2.000000000000000000e+00
1.605687797658672811e-01 2.000000000000000000e+00
2.445847660851633854e-01 2.000000000000000000e+00
2.890729863061796689e-01 2.000000000000000000e+00
3.330808432284820264e-01 2.000000000000000000e+00
3.908982598588577329e-01 2.000000000000000000e+00
3.989451947299983425e-01 2.000000000000000000e+00
4.472963194885233862e-01 2.000000000000000000e+00
5.339297477412454640e-01 2.000000000000000000e+00
5.509087574161088963e-01 2.000000000000000000e+00
5.855492410857165986e-01 2.000000000000000000e+00
6.404794048534258044e-01 2.000000000000000000e+00
6.857373993085958963e-01 2.000000000000000000e+00
7.193608601281492598e-01 2.000000000000000000e+00
7.445923324632626183e-01 2.000000000000000000e+00
8.090063471065916945e-01 2.000000000000000000e+00
8.587643797030132253e-01 2.000000000000000000e+00
9.542338949459164832e-01 2.000000000000000000e+00
1.027863288509882844e+00 2.000000000000000000e+00
1.059619405712113549e+00 2.000000000000000000e+00
1.121379694084000178e+00 2.000000000000000000e+00
1.176271610069858475e+00 2.000000000000000000e+00
1.257073612479781000e+00 2.000000000000000000e+00
1.383034995921740284e+00 2.000000000000000000e+00
1.413978654310133365e+00 2.000000000000000000e+00
1.496981515762519477e+00 2.000000000000000000e+00
1.588421611459537752e+00 2.000000000000000000e+00
1.669698045323292579e+00 2.000000000000000000e+00
1.800234566678451387e+00 2.000000000000000000e+00
1.905508610361986044e+00 2.000000000000000000e+00
1.964518988751282391e+00 2.000000000000000000e+00
1.985518020325165001e+00 2.000000000000000000e+00
2.146170439785868300e+00 2.000000000000000000e+00
2.331481640590532312e+00 2.000000000000000000e+00
2.422974564647161877e+00 2.000000000000000000e+00
2.569041198959127748e+00 2.000000000000000000e+00
3.153710386350677908e+00 2.000000000000000000e+00
-2.519704819348405955e+00 1.000000000000000000e+00
-2.295929853881688576e+00 1.000000000000000000e+00
-2.053394396988977633e+00 1.000000000000000000e+00
-1.846717108862439893e+00 1.000000000000000000e+00
-1.817100834000077159e+00 1.000000000000000000e+00
-1.719502439253456583e+00 1.000000000000000000e+00
-1.595009998188971601e+00 1.000000000000000000e+00
-1.399277687780465351e+00 1.000000000000000000e+00
-1.380702952842887354e+00 1.000000000000000000e+00
-1.301691407213379392e+00 1.000000000000000000e+00
-1.238845651271484494e+00 1.000000000000000000e+00
-1.211440379581523841e+00 1.000000000000000000e+00
-1.062403752023969750e+00 1.000000000000000000e+00
-1.007964902836428145e+00 1.000000000000000000e+00
-9.489040457278841156e-01 1.000000000000000000e+00
-9.245238769882092589e-01 1.000000000000000000e+00
-8.743829084947188912e-01 1.000000000000000000e+00
-7.952800544860714194e-01 1.000000000000000000e+00
-7.765602555574647736e-01 1.000000000000000000e+00
-7.316855865124878289e-01 1.000000000000000000e+00
-6.140809693450695050e-01 1.000000000000000000e+00
-5.799029303851390704e-01 1.000000000000000000e+00
-5.209054776334207659e-01 1.000000000000000000e+00
-4.862600105880101053e-01 1.000000000000000000e+00
-4.739902144784922111e-01 1.000000000000000000e+00
-4.277890451287807982e-01 1.000000000000000000e+00
-4.067586908763424214e-01 1.000000000000000000e+00
-3.862049431334299565e-01 1.000000000000000000e+00
-3.474353075912028910e-01 1.000000000000000000e+00
-3.124520537627970551e-01 1.000000000000000000e+00
-2.368919023388753320e-01 1.000000000000000000e+00
-1.838768568585957275e-01 1.000000000000000000e+00
-1.690495589325060610e-01 1.000000000000000000e+00
-1.207294840320169843e-01 1.000000000000000000e+00
-6.179894823968869189e-02 1.000000000000000000e+00
-8.406460926574963605e-03 1.000000000000000000e+00
2.678429260459072245e-02 1.000000000000000000e+00
1.214780493241872927e-01 1.000000000000000000e+00
1.354538271534478089e-01 1.000000000000000000e+00
1.849673550820728207e-01 1.000000000000000000e+00
2.411314251238994566e-01 1.000000000000000000e+00
2.472281170466325284e-01 1.000000000000000000e+00
2.688157624908198429e-01 1.000000000000000000e+00
3.407459778895672309e-01 1.000000000000000000e+00
3.810996054294725766e-01 1.000000000000000000e+00
4.089470348261676769e-01 1.000000000000000000e+00
4.530687329474518132e-01 1.000000000000000000e+00
5.135905607905818515e-01 1.000000000000000000e+00
5.513953354704124177e-01 1.000000000000000000e+00
5.725353224258085127e-01 1.000000000000000000e+00
5.935829380442444458e-01 1.000000000000000000e+00
6.408896153884813263e-01 1.000000000000000000e+00
6.952548071960248377e-01 1.000000000000000000e+00
7.182624150855169143e-01 1.000000000000000000e+00
7.805091885835272469e-01 1.000000000000000000e+00
8.123616927326259285e-01 1.000000000000000000e+00
8.663524134187592374e-01 1.000000000000000000e+00
9.018046304457287832e-01 1.000000000000000000e+00
9.292293403691540554e-01 1.000000000000000000e+00
1.027853072485273911e+00 1.000000000000000000e+00
1.050630510641889614e+00 1.000000000000000000e+00
1.094590936096305089e+00 1.000000000000000000e+00
1.132466886006121776e+00 1.000000000000000000e+00
1.164096381627824028e+00 1.000000000000000000e+00
1.185476050364120848e+00 1.000000000000000000e+00
1.228395507029231837e+00 1.000000000000000000e+00
1.257546163895690627e+00 1.000000000000000000e+00
1.360119898610842704e+00 1.000000000000000000e+00
1.406228894450815670e+00 1.000000000000000000e+00
1.425493792392485304e+00 1.000000000000000000e+00
1.508534204773267939e+00 1.000000000000000000e+00
1.530641534073075238e+00 1.000000000000000000e+00
1.675237576051626265e+00 1.000000000000000000e+00
1.705874261952218474e+00 1.000000000000000000e+00
1.786599577891446078e+00 1.000000000000000000e+00
1.816708956344904591e+00 1.000000000000000000e+00
1.904959388415657706e+00 1.000000000000000000e+00
2.007514433896032902e+00 1.000000000000000000e+00
2.125129489098061430e+00 1.000000000000000000e+00
2.170050450663382868e+00 1.000000000000000000e+00
2.222661613284314885e+00 1.000000000000000000e+00
2.264940544192508121e+00 1.000000000000000000e+00
2.414111320900887314e+00 1.000000000000000000e+00
2.614596727477408233e+00 1.000000000000000000e+00
2.705505222876685600e+00 1.000000000000000000e+00
2.812077424157900740e+00 1.000000000000000000e+00
2.913816003552646805e+00 1.000000000000000000e+00
3.148740890548579419e+00 1.000000000000000000e+00
3.545072618824089528e+00 1.000000000000000000e+00
3.746396993647520546e+00 1.000000000000000000e+00
-2.302559738698117364e+00 0.000000000000000000e+00
-1.849737152680655639e+00 0.000000000000000000e+00
-1.602208111449637817e+00 0.000000000000000000e+00
-1.321004997573870687e+00 0.000000000000000000e+00
-1.244698437815357162e+00 0.000000000000000000e+00
-1.184476333048921193e+00 0.000000000000000000e+00
-8.644038919243054453e-01 0.000000000000000000e+00
-7.633617860725733228e-01 0.000000000000000000e+00
-7.422414326941896290e-01 0.000000000000000000e+00
-5.596929116891752320e-01 0.000000000000000000e+00
-5.128878566321367627e-01 0.000000000000000000e+00
-4.411060019774131757e-01 0.000000000000000000e+00
-2.839130914085771229e-01 0.000000000000000000e+00
-2.108063233771110268e-01 0.000000000000000000e+00
-5.146487989813017250e-02 0.000000000000000000e+00
-9.131223076419841753e-03 0.000000000000000000e+00
1.467833056428593241e-01 0.000000000000000000e+00
2.639895853880675491e-01 0.000000000000000000e+00
3.386561321008384473e-01 0.000000000000000000e+00
4.346051891176240800e-01 0.000000000000000000e+00
5.146876967469304898e-01 0.000000000000000000e+00
6.600769822850877100e-01 0.000000000000000000e+00
7.157043374635970734e-01 0.000000000000000000e+00
8.219957076085920855e-01 0.000000000000000000e+00
9.104949644085921223e-01 0.000000000000000000e+00
9.692798680436472969e-01 0.000000000000000000e+00
1.019356068339259069e+00 0.000000000000000000e+00
1.120665705378143473e+00 0.000000000000000000e+00
1.261288723475364026e+00 0.000000000000000000e+00
1.418793522057199219e+00 0.000000000000000000e+00
1.453035523700275444e+00 0.000000000000000000e+00
1.607566040584418987e+00 0.000000000000000000e+00
1.728942591693593434e+00 0.000000000000000000e+00
1.823543898885428893e+00 0.000000000000000000e+00
1.931658166626168072e+00 0.000000000000000000e+00
2.100830517543197384e+00 0.000000000000000000e+00
2.250544899975628343e+00 0.000000000000000000e+00
2.475708640250392722e+00 0.000000000000000000e+00
2.535646475116892784e+00 0.000000000000000000e+00
2.741069764528776709e+00 0.000000000000000000e+00
3.006065303946464873e+00 0.000000000000000000e+00
4.192704559109577289e+00 0.000000000000000000e+00
