# Runtime: 13.56238842010498
-1.750000000000000888e+00 5.000000000000000000e+00
-2.419086414239536964e+00 4.000000000000000000e+00
-1.688091120686957769e+00 4.000000000000000000e+00
-1.472577729557310144e+00 4.000000000000000000e+00
-1.318590349826271879e+00 4.000000000000000000e+00
-1.006006731960890743e+00 4.000000000000000000e+00
-5.601342624615640586e-01 4.000000000000000000e+00
-2.956107528099176096e-01 4.000000000000000000e+00
-1.371957851853524424e-01 4.000000000000000000e+00
1.472931467277952822e-01 4.000000000000000000e+00
-2.485279128426358231e+00 3.000000000000000000e+00
-2.304288133905157743e+00 3.000000000000000000e+00
-1.957449716161074660e+00 3.000000000000000000e+00
-1.632382474689700214e+00 3.000000000000000000e+00
-1.620237996135906133e+00 3.000000000000000000e+00
-1.495087637238102340e+00 3.000000000000000000e+00
-1.417054476985661449e+00 3.000000000000000000e+00
-1.253933301883371154e+00 3.000000000000000000e+00
-1.172368031738280525e+00 3.000000000000000000e+00
-1.059187483199727886e+00 3.000000000000000000e+00
-1.001297272431534768e+00 3.000000000000000000e+00
-9.196850682962309786e-01 3.000000000000000000e+00
-8.651074346738107934e-01 3.000000000000000000e+00
-7.374307229865254554e-01 3.000000000000000000e+00
-6.677634629093391894e-01 3.000000000000000000e+00
-5.528659855831793424e-01 3.000000000000000000e+00
-4.692192274495423643e-01 3.000000000000000000e+00
-3.976381285925502107e-01 3.000000000000000000e+00
-2.130886715180554669e-01 3.000000000000000000e+00
-1.620577599254009182e-01 3.000000000000000000e+00
-4.259627968734572279e-02 3.000000000000000000e+00
-3.504175263139881757e-02 3.000000000000000000e+00
5.620683352168129310e-02 3.000000000000000000e+00
2.299820924655960053e-01 3.000000000000000000e+00
2.554389125669283556e-01 3.000000000000000000e+00
3.980034588488207681e-01 3.000000000000000000e+00
4.594915435114584890e-01 3.000000000000000000e+00
5.164856978272291954e-01 3.000000000000000000e+00
7.164733962563643033e-01 3.000000000000000000e+00
8.552250008539462600e-01 3.000000000000000000e+00
9.247571932651933446e-01 3.000000000000000000e+00
1.200492723606156442e+00 3.000000000000000000e+00
1.315549431704466476e+00 3.000000000000000000e+00
1.595494523316815627e+00 3.000000000000000000e+00
1.687459339303591488e+00 3.000000000000000000e+00
-2.519772446095952745e+00 2.000000000000000000e+00
-2.344357122333869725e+00 2.000000000000000000e+00
-2.169926447368149880e+00 2.000000000000000000e+00
-1.997883066024553012e+00 2.000000000000000000e+00
-1.862855456802620546e+00 2.000000000000000000e+00
-1.574873282463082225e+00 2.000000000000000000e+00
-1.548639031175493175e+00 2.000000000000000000e+00
-1.543070831614642868e+00 2.000000000000000000e+00
-1.500609105571453661e+00 2.000000000000000000e+00
-1.360417579894775963e+00 2.000000000000000000e+00
-1.315400931617350277e+00 2.000000000000000000e+00
-1.204331488448588949e+00 2.000000000000000000e+00
-1.180778941388822334e+00 2.000000000000000000e+00
-1.137287840757503110e+00 2.000000000000000000e+00
-1.090599365211269767e+00 2.000000000000000000e+00
-9.816092227172028561e-01 2.000000000000000000e+00
-8.690119447145282505e-01 2.000000000000000000e+00
-8.359500038410748735e-01 2.000000000000000000e+00
-7.921164515436023290e-01 2.000000000000000000e+00
-7.783788307513459515e-01 2.000000000000000000e+00
-7.078114686300081004e-01 2.000000000000000000e+00
-6.538934863930977448e-01 2.000000000000000000e+00
-6.341997671482545451e-01 2.000000000000000000e+00
-5.367837447619668856e-01 2.000000000000000000e+00
-4.999977392383954111e-01 2.000000000000000000e+00
-4.392867387391280465e-01 2.000000000000000000e+00
-4.038188100322876450e-01 2.000000000000000000e+00
-3.834834715718499210e-01 2.000000000000000000e+00
-3.426597052806159005e-01 2.000000000000000000e+00
-3.229253271896536659e-01 2.000000000000000000e+00
-2.200966845809528560e-01 2.000000000000000000e+00
-1.531359812000721576e-01 2.000000000000000000e+00
-1.206831419493099716e-01 2.000000000000000000e+00
-7.307448080972024640e-02 2.000000000000000000e+00
-4.045074669634410314e-02 2.000000000000000000e+00
9.297759367295595906e-03 2.000000000000000000e+00
6.983159030003505130e-02 2.000000000000000000e+00
7.859719104272784584e-02 2.000000000000000000e+00
1.244910286754975087e-01 2.000000000000000000e+00
1.869319120772862663e-01 2.000000000000000000e+00
2.430794684318466625e-01 2.000000000000000000e+00
3.111469269002342664e-01 2.000000000000000000e+00
3.304572829085482000e-01 2.000000000000000000e+00
3.749852812354786402e-01 2.000000000000000000e+00
3.794987366315498711e-01 2.000000000000000000e+00
4.533902854230154600e-01 2.000000000000000000e+00
4.807937509155395528e-01 2.000000000000000000e+00
5.620983194601260058e-01 2.000000000000000000e+00
6.022849134196617271e-01 2.000000000000000000e+00
6.094365670163601756e-01 2.000000000000000000e+00
6.299879744178242813e-01 2.000000000000000000e+00
6.521443966137969728e-01 2.000000000000000000e+00
7.630581789339466736e-01 2.000000000000000000e+00
8.148619860640550217e-01 2.000000000000000000e+00
8.681429960502867749e-01 2.000000000000000000e+00
9.816551560090495121e-01 2.000000000000000000e+00
1.022593019969629813e+00 2.000000000000000000e+00
1.028853558005935032e+00 2.000000000000000000e+00
1.093156039674434199e+00 2.000000000000000000e+00
1.220697794440013029e+00 2.000000000000000000e+00
1.309263161974530520e+00 2.000000000000000000e+00
1.346519523761932513e+00 2.000000000000000000e+00
1.397143975630939838e+00 2.000000000000000000e+00
1.439701927633212364e+00 2.000000000000000000e+00
1.454142471083387678e+00 2.000000000000000000e+00
1.648426004518677601e+00 2.000000000000000000e+00
1.751229097187625872e+00 2.000000000000000000e+00
1.839850585070544886e+00 2.000000000000000000e+00
1.895850039813242516e+00 2.000000000000000000e+00
2.109440563570055716e+00 2.000000000000000000e+00
2.157290895824239829e+00 2.000000000000000000e+00
2.337526374078293667e+00 2.000000000000000000e+00
2.509383524109457753e+00 2.000000000000000000e+00
2.667943464873998138e+00 2.000000000000000000e+00
3.134986961443252174e+00 2.000000000000000000e+00
-2.363205921734162995e+00 1.000000000000000000e+00
-2.181556568639951177e+00 1.000000000000000000e+00
-2.018397672868165404e+00 1.000000000000000000e+00
-1.999699184590027379e+00 1.000000000000000000e+00
-1.889593771613886641e+00 1.000000000000000000e+00
-1.633181239495232084e+00 1.000000000000000000e+00
-1.567715518876739544e+00 1.000000000000000000e+00
-1.459201337148830158e+00 1.000000000000000000e+00
-1.360309860715982255e+00 1.000000000000000000e+00
-1.325948061597112870e+00 1.000000000000000000e+00
-1.288066216040747669e+00 1.000000000000000000e+00
-1.158772100020518225e+00 1.000000000000000000e+00
-1.146419944911110100e+00 1.000000000000000000e+00
-1.070258473787631281e+00 1.000000000000000000e+00
-1.060636317963084219e+00 1.000000000000000000e+00
-9.566044192938698565e-01 1.000000000000000000e+00
-8.827363681826082553e-01 1.000000000000000000e+00
-8.255537674901927137e-01 1.000000000000000000e+00
-7.723999985095045817e-01 1.000000000000000000e+00
-7.370386524079881596e-01 1.000000000000000000e+00
-6.971540771101717437e-01 1.000000000000000000e+00
-6.109580092676818452e-01 1.000000000000000000e+00
-5.800455063088592045e-01 1.000000000000000000e+00
-5.349383049849720795e-01 1.000000000000000000e+00
-5.064988894167976596e-01 1.000000000000000000e+00
-4.491900817984415539e-01 1.000000000000000000e+00
-3.795557127894463867e-01 1.000000000000000000e+00
-3.613730755705090725e-01 1.000000000000000000e+00
-3.354802150948956729e-01 1.000000000000000000e+00
-2.446913501105689170e-01 1.000000000000000000e+00
-2.157177663788182875e-01 1.000000000000000000e+00
-1.666774699184987441e-01 1.000000000000000000e+00
-1.183455298859504429e-01 1.000000000000000000e+00
-5.807508235639403243e-02 1.000000000000000000e+00
-1.645599438019524491e-02 1.000000000000000000e+00
8.317956754960739371e-03 1.000000000000000000e+00
6.416201588312812898e-02 1.000000000000000000e+00
9.671603170345613454e-02 1.000000000000000000e+00
1.468455420438635195e-01 1.000000000000000000e+00
1.695033102227467836e-01 1.000000000000000000e+00
1.787469379081212395e-01 1.000000000000000000e+00
2.164430599235934449e-01 1.000000000000000000e+00
2.686136526251661216e-01 1.000000000000000000e+00
2.812103215194433070e-01 1.000000000000000000e+00
3.548422041761472578e-01 1.000000000000000000e+00
4.163790998325552217e-01 1.000000000000000000e+00
4.243789833490433372e-01 1.000000000000000000e+00
5.048811164078145231e-01 1.000000000000000000e+00
5.313879236962618657e-01 1.000000000000000000e+00
5.777533038487151495e-01 1.000000000000000000e+00
6.028833063057025266e-01 1.000000000000000000e+00
6.512219218888841699e-01 1.000000000000000000e+00
6.997890148941923183e-01 1.000000000000000000e+00
7.394269781903314298e-01 1.000000000000000000e+00
8.104644434944191511e-01 1.000000000000000000e+00
8.256317217388940977e-01 1.000000000000000000e+00
8.617173399314148607e-01 1.000000000000000000e+00
9.385309061548089415e-01 1.000000000000000000e+00
9.634577427435677688e-01 1.000000000000000000e+00
1.029694943921693362e+00 1.000000000000000000e+00
1.058998609200109131e+00 1.000000000000000000e+00
1.087088214751171122e+00 1.000000000000000000e+00
1.155438800007179356e+00 1.000000000000000000e+00
1.190465197683293841e+00 1.000000000000000000e+00
1.257370468545900177e+00 1.000000000000000000e+00
1.298527527054049946e+00 1.000000000000000000e+00
1.338645722113571690e+00 1.000000000000000000e+00
1.411327423567022787e+00 1.000000000000000000e+00
1.446184127833276767e+00 1.000000000000000000e+00
1.506488555427294429e+00 1.000000000000000000e+00
1.562476513454896354e+00 1.000000000000000000e+00
1.605931856768440191e+00 1.000000000000000000e+00
1.657453472564010433e+00 1.000000000000000000e+00
1.689735028567854513e+00 1.000000000000000000e+00
1.800759536754426904e+00 1.000000000000000000e+00
1.865614958505671162e+00 1.000000000000000000e+00
1.931960239817213543e+00 1.000000000000000000e+00
1.940760451862107105e+00 1.000000000000000000e+00
2.066749296898878985e+00 1.000000000000000000e+00
2.169639616308042029e+00 1.000000000000000000e+00
2.228585345509397353e+00 1.000000000000000000e+00
2.288043821975471737e+00 1.000000000000000000e+00
2.377380934314552441e+00 1.000000000000000000e+00
2.509203100912283713e+00 1.000000000000000000e+00
2.572053480343461818e+00 1.000000000000000000e+00
2.805628465834049567e+00 1.000000000000000000e+00
2.909540046896446519e+00 1.000000000000000000e+00
2.992943876542272452e+00 1.000000000000000000e+00
3.410776990821635657e+00 1.000000000000000000e+00
3.973681001266694324e+00 1.000000000000000000e+00
-2.185519487280004558e+00 0.000000000000000000e+00
-1.906463587735484744e+00 0.000000000000000000e+00
-1.658416218761282757e+00 0.000000000000000000e+00
-1.342291738874981100e+00 0.000000000000000000e+00
-1.328487433059944767e+00 0.000000000000000000e+00
-1.178348242628137088e+00 0.000000000000000000e+00
-9.523006468227988019e-01 0.000000000000000000e+00
-8.416676830485891880e-01 0.000000000000000000e+00
-5.485354746838845275e-01 0.000000000000000000e+00
-4.441660257484553731e-01 0.000000000000000000e+00
-3.764074147049838448e-01 0.000000000000000000e+00
-3.637302828555085132e-01 0.000000000000000000e+00
-2.794583427069525228e-01 0.000000000000000000e+00
-1.403562281320495098e-01 0.000000000000000000e+00
8.815347556523600928e-03 0.000000000000000000e+00
7.835918421905002651e-02 0.000000000000000000e+00
1.039134513215481809e-01 0.000000000000000000e+00
1.299588287423953659e-01 0.000000000000000000e+00
2.750875901026485493e-01 0.000000000000000000e+00
4.453526619988744106e-01 0.000000000000000000e+00
4.596524192426710842e-01 0.000000000000000000e+00
6.212456173385808578e-01 0.000000000000000000e+00
6.931054908045364282e-01 0.000000000000000000e+00
7.239052735252811122e-01 0.000000000000000000e+00
8.098586445889804919e-01 0.000000000000000000e+00
8.563191781981740469e-01 0.000000000000000000e+00
9.216540970968922775e-01 0.000000000000000000e+00
1.147298444191614974e+00 0.000000000000000000e+00
1.259734446688796528e+00 0.000000000000000000e+00
1.297954542898104080e+00 0.000000000000000000e+00
1.460421023665273044e+00 0.000000000000000000e+00
1.614550866927812356e+00 0.000000000000000000e+00
1.714663435440679118e+00 0.000000000000000000e+00
1.797049136282406812e+00 0.000000000000000000e+00
1.897668726174216003e+00 0.000000000000000000e+00
2.123309912465878746e+00 0.000000000000000000e+00
2.257081184383106010e+00 0.000000000000000000e+00
2.530316114989795917e+00 0.000000000000000000e+00
2.688815931887991173e+00 0.000000000000000000e+00
3.002096319644171896e+00 0.000000000000000000e+00
3.313671488063071546e+00 0.000000000000000000e+00
3.814289448604013977e+00 0.000000000000000000e+00
