# Runtime: 6.6981589794158936
-5.000000000000002220e-01 2.500000000000000000e+00
-1.189939061692107281e+00 1.500000000000000000e+00
-1.456834451177839718e-01 1.500000000000000000e+00
3.755120719748969438e-01 1.500000000000000000e+00
9.601104348349950302e-01 1.500000000000000000e+00
-1.292824041358824561e+00 5.000000000000000000e-01
-3.980112972691556839e-01 5.000000000000000000e-01
4.308591921704522099e-01 5.000000000000000000e-01
9.185667921061283492e-01 5.000000000000000000e-01
1.841409354351400074e+00 5.000000000000000000e-01
