# Runtime: 11.004321336746216
-1.250000000000000444e+00 4.000000000000000000e+00
-2.103553449481969206e+00 3.000000000000000000e+00
-1.169126300914673733e+00 3.000000000000000000e+00
-9.124618285305849952e-01 3.000000000000000000e+00
-5.129672046067969005e-01 3.000000000000000000e+00
-5.697482094097045674e-02 3.000000000000000000e+00
3.582469999383251502e-01 3.000000000000000000e+00
6.468366045366689132e-01 3.000000000000000000e+00
-1.971379802890282473e+00 2.000000000000000000e+00
-1.622111003339180568e+00 2.000000000000000000e+00
-1.155097592868481460e+00 2.000000000000000000e+00
-1.080119706554040215e+00 2.000000000000000000e+00
-8.528648837866708021e-01 2.000000000000000000e+00
-6.787973782016760715e-01 2.000000000000000000e+00
-6.113283990729655448e-01 2.000000000000000000e+00
-4.106314312973241010e-01 2.000000000000000000e+00
-3.724624314575867290e-01 2.000000000000000000e+00
-2.949525314605828674e-01 2.000000000000000000e+00
-4.573989535219218777e-02 2.000000000000000000e+00
6.083637932698903600e-02 2.000000000000000000e+00
4.313663634466087804e-01 2.000000000000000000e+00
4.900012946141575898e-01 2.000000000000000000e+00
7.882042091370384806e-01 2.000000000000000000e+00
8.779257919633044471e-01 2.000000000000000000e+00
1.189634073880113885e+00 2.000000000000000000e+00
1.379460342081872959e+00 2.000000000000000000e+00
1.700799680209982290e+00 2.000000000000000000e+00
2.177256921620913666e+00 2.000000000000000000e+00
-1.820099780407701484e+00 1.000000000000000000e+00
-1.520651734347365780e+00 1.000000000000000000e+00
-1.244462996204121819e+00 1.000000000000000000e+00
-9.806660590085923834e-01 1.000000000000000000e+00
-9.533688649709363139e-01 1.000000000000000000e+00
-7.913311315392157486e-01 1.000000000000000000e+00
-6.320021250732867912e-01 1.000000000000000000e+00
-4.530493459521772737e-01 1.000000000000000000e+00
-3.217619988301618772e-01 1.000000000000000000e+00
-1.246455978574071838e-01 1.000000000000000000e+00
-4.949506968835265530e-02 1.000000000000000000e+00
3.722372348477192422e-02 1.000000000000000000e+00
1.862983322197200586e-01 1.000000000000000000e+00
2.095770550327690773e-01 1.000000000000000000e+00
4.464140747496240236e-01 1.000000000000000000e+00
4.582884743187387033e-01 1.000000000000000000e+00
6.375464776571894143e-01 1.000000000000000000e+00
7.260536153940659876e-01 1.000000000000000000e+00
9.500463918959657361e-01 1.000000000000000000e+00
9.565602385484346382e-01 1.000000000000000000e+00
1.001707056929797890e+00 1.000000000000000000e+00
1.274462162467513870e+00 1.000000000000000000e+00
1.298989279077126913e+00 1.000000000000000000e+00
1.599452247880462918e+00 1.000000000000000000e+00
1.714659808329823232e+00 1.000000000000000000e+00
1.939231439510140209e+00 1.000000000000000000e+00
2.444679324320848224e+00 1.000000000000000000e+00
3.010345002062335684e+00 1.000000000000000000e+00
-1.641306141364295978e+00 0.000000000000000000e+00
-8.675299727656303750e-01 0.000000000000000000e+00
-7.925615952692698363e-01 0.000000000000000000e+00
-2.313059041370114921e-01 0.000000000000000000e+00
-1.948597191975345311e-01 0.000000000000000000e+00
2.517196007074357089e-01 0.000000000000000000e+00
3.115321372675358691e-01 0.000000000000000000e+00
5.285191952094748791e-01 0.000000000000000000e+00
8.043704078452750261e-01 0.000000000000000000e+00
1.141299915243675800e+00 0.000000000000000000e+00
1.452287552610889598e+00 0.000000000000000000e+00
1.735011110723470917e+00 0.000000000000000000e+00
2.196427508225000214e+00 0.000000000000000000e+00
2.806395904900989002e+00 0.000000000000000000e+00
