# Runtime: 15.81681203842163
-2.999999999999998668e+00 6.000000000000000000e+00
-4.707122784392859138e+00 5.000000000000000000e+00
-2.696100066593070110e+00 5.000000000000000000e+00
-1.734917496171140439e+00 5.000000000000000000e+00
-4.575033859975932704e-01 5.000000000000000000e+00
5.956437331546685643e-01 5.000000000000000000e+00
-5.593836226187733018e+00 4.000000000000000000e+00
-4.321385985137692565e+00 4.000000000000000000e+00
-3.385280809996159768e+00 4.000000000000000000e+00
-2.377838129000761747e+00 4.000000000000000000e+00
-2.286514431760179988e+00 4.000000000000000000e+00
-1.497316653867003744e+00 4.000000000000000000e+00
-1.234089786519692922e+00 4.000000000000000000e+00
-6.139731319264285503e-01 4.000000000000000000e+00
-1.679643649968322328e-01 4.000000000000000000e+00
-4.537741643866719660e-02 4.000000000000000000e+00
8.957771341280836852e-01 4.000000000000000000e+00
1.348956620034908571e+00 4.000000000000000000e+00
1.771498142561295674e+00 4.000000000000000000e+00
2.208543653278475460e+00 4.000000000000000000e+00
3.298801385828394217e+00 4.000000000000000000e+00
-5.057364410206744765e+00 3.000000000000000000e+00
-3.920789001763070658e+00 3.000000000000000000e+00
-3.888251021466609281e+00 3.000000000000000000e+00
-3.003031824647354409e+00 3.000000000000000000e+00
-2.731354874344177563e+00 3.000000000000000000e+00
-2.057848639355980502e+00 3.000000000000000000e+00
-2.034491453614912793e+00 3.000000000000000000e+00
-1.889753527353135398e+00 3.000000000000000000e+00
-1.857921357594783052e+00 3.000000000000000000e+00
-1.243071630856597887e+00 3.000000000000000000e+00
-1.035795866756290984e+00 3.000000000000000000e+00
-7.076461486981450166e-01 3.000000000000000000e+00
-4.238438432968542058e-01 3.000000000000000000e+00
-1.688707122683662520e-01 3.000000000000000000e+00
4.545026689917709001e-02 3.000000000000000000e+00
2.338151208744767562e-01 3.000000000000000000e+00
3.202482722926223713e-01 3.000000000000000000e+00
5.146092806237611006e-01 3.000000000000000000e+00
1.201965705559081332e+00 3.000000000000000000e+00
1.283979852209808925e+00 3.000000000000000000e+00
1.375551652394364055e+00 3.000000000000000000e+00
1.519025376170871189e+00 3.000000000000000000e+00
1.820760340993168525e+00 3.000000000000000000e+00
2.609637643789751049e+00 3.000000000000000000e+00
2.848972950690106476e+00 3.000000000000000000e+00
3.045718718320308938e+00 3.000000000000000000e+00
3.585499874340953408e+00 3.000000000000000000e+00
4.351284899888916868e+00 3.000000000000000000e+00
5.263514357175651526e+00 3.000000000000000000e+00
-4.479206912196112000e+00 2.000000000000000000e+00
-3.497394155378708458e+00 2.000000000000000000e+00
-3.445514994000197895e+00 2.000000000000000000e+00
-2.777389622455221474e+00 2.000000000000000000e+00
-2.646055621307153327e+00 2.000000000000000000e+00
-2.153063838420175902e+00 2.000000000000000000e+00
-1.681099892216507907e+00 2.000000000000000000e+00
-1.670606077957992319e+00 2.000000000000000000e+00
-1.519704127052806442e+00 2.000000000000000000e+00
-1.366631713591596631e+00 2.000000000000000000e+00
-1.191945168412981149e+00 2.000000000000000000e+00
-9.937437433757514427e-01 2.000000000000000000e+00
-7.172762395750776898e-01 2.000000000000000000e+00
-5.357705350426921198e-01 2.000000000000000000e+00
-4.183488860054602188e-01 2.000000000000000000e+00
-3.927179499969893905e-01 2.000000000000000000e+00
-1.947916989932048371e-01 2.000000000000000000e+00
-1.160437481397418452e-01 2.000000000000000000e+00
7.793840153383392588e-02 2.000000000000000000e+00
2.808997325530540601e-01 2.000000000000000000e+00
7.689518739858377527e-01 2.000000000000000000e+00
8.716251493088426061e-01 2.000000000000000000e+00
9.527611392013225489e-01 2.000000000000000000e+00
1.030666923809251401e+00 2.000000000000000000e+00
1.069687171949432969e+00 2.000000000000000000e+00
1.516275657940283850e+00 2.000000000000000000e+00
1.752957255164992567e+00 2.000000000000000000e+00
1.840106379469629072e+00 2.000000000000000000e+00
1.961839723933328949e+00 2.000000000000000000e+00
2.080328312203962859e+00 2.000000000000000000e+00
2.272660323788854519e+00 2.000000000000000000e+00
2.852231316320801735e+00 2.000000000000000000e+00
3.135912455733866899e+00 2.000000000000000000e+00
3.359171440128728481e+00 2.000000000000000000e+00
3.495931833547786027e+00 2.000000000000000000e+00
3.711948993440556954e+00 2.000000000000000000e+00
4.302487912689156424e+00 2.000000000000000000e+00
4.550012319766752356e+00 2.000000000000000000e+00
5.241710422035087191e+00 2.000000000000000000e+00
6.671200185613000322e+00 2.000000000000000000e+00
-3.848901329692759887e+00 1.000000000000000000e+00
-2.961668307068674899e+00 1.000000000000000000e+00
-2.737162459167533424e+00 1.000000000000000000e+00
-2.260155133571489117e+00 1.000000000000000000e+00
-2.065725409013629221e+00 1.000000000000000000e+00
-1.768942492987644943e+00 1.000000000000000000e+00
-1.284680650839692628e+00 1.000000000000000000e+00
-9.775888367663110312e-01 1.000000000000000000e+00
-7.431311484425624503e-01 1.000000000000000000e+00
-6.167183932503563781e-01 1.000000000000000000e+00
-5.678108469359685051e-01 1.000000000000000000e+00
-4.265538102118489050e-01 1.000000000000000000e+00
-1.130799105040662250e-01 1.000000000000000000e+00
-6.116975821473601138e-02 1.000000000000000000e+00
3.943184404540852062e-01 1.000000000000000000e+00
4.073420723165276924e-01 1.000000000000000000e+00
7.559004735509804451e-01 1.000000000000000000e+00
8.873134859205888958e-01 1.000000000000000000e+00
1.293740735920262619e+00 1.000000000000000000e+00
1.418428914531926210e+00 1.000000000000000000e+00
1.634617625244941141e+00 1.000000000000000000e+00
1.683452384691527248e+00 1.000000000000000000e+00
1.778963362704574447e+00 1.000000000000000000e+00
1.852963124151703722e+00 1.000000000000000000e+00
1.949374015236316593e+00 1.000000000000000000e+00
2.538307436901359182e+00 1.000000000000000000e+00
2.716606243904275964e+00 1.000000000000000000e+00
2.807518577467401411e+00 1.000000000000000000e+00
3.027089658876650269e+00 1.000000000000000000e+00
3.331550573542084059e+00 1.000000000000000000e+00
3.534459164592521851e+00 1.000000000000000000e+00
3.934805972120739348e+00 1.000000000000000000e+00
4.202229015628907938e+00 1.000000000000000000e+00
4.872657083098284936e+00 1.000000000000000000e+00
5.144124625151569319e+00 1.000000000000000000e+00
6.267525500660028115e+00 1.000000000000000000e+00
-3.330254329860599327e+00 0.000000000000000000e+00
-2.282677394483761280e+00 0.000000000000000000e+00
-1.048361505110498859e+00 0.000000000000000000e+00
-9.419232280109333111e-01 0.000000000000000000e+00
-3.584959585923641612e-02 0.000000000000000000e+00
3.267124473450982447e-01 0.000000000000000000e+00
8.060090619515076771e-01 0.000000000000000000e+00
1.257287280005931152e+00 0.000000000000000000e+00
1.542756817571703909e+00 0.000000000000000000e+00
2.226917470526829312e+00 0.000000000000000000e+00
2.752097822717519904e+00 0.000000000000000000e+00
3.196193107019128732e+00 0.000000000000000000e+00
3.855765341318182493e+00 0.000000000000000000e+00
4.302776421880416535e+00 0.000000000000000000e+00
5.372550282988706627e+00 0.000000000000000000e+00
