# Runtime: 13.655445575714111
-1.999999999999999556e+00 5.000000000000000000e+00
-3.707293268821653776e+00 4.000000000000000000e+00
-1.535940028676955116e+00 4.000000000000000000e+00
-1.280667281681927561e-01 4.000000000000000000e+00
1.371300025666801758e+00 4.000000000000000000e+00
-4.594939583655349935e+00 3.000000000000000000e+00
-3.120341063665822645e+00 3.000000000000000000e+00
-1.874097958365272598e+00 3.000000000000000000e+00
-1.047728572995412444e+00 3.000000000000000000e+00
-5.315707831650944293e-01 3.000000000000000000e+00
1.836016904618616441e-01 3.000000000000000000e+00
9.378629324396362543e-01 3.000000000000000000e+00
1.831673229422039473e+00 3.000000000000000000e+00
2.527828960981440609e+00 3.000000000000000000e+00
3.687711148541974460e+00 3.000000000000000000e+00
-3.742440577921031686e+00 2.000000000000000000e+00
-2.469737107218717309e+00 2.000000000000000000e+00
-2.222164563493012945e+00 2.000000000000000000e+00
-1.255680053238106941e+00 2.000000000000000000e+00
-9.806976716494970603e-01 2.000000000000000000e+00
-5.330504979095376239e-01 2.000000000000000000e+00
-1.247981770201963408e-01 2.000000000000000000e+00
2.864135835194446811e-01 2.000000000000000000e+00
6.277155786014393390e-01 2.000000000000000000e+00
1.503525933650859958e+00 2.000000000000000000e+00
1.614132438367589240e+00 2.000000000000000000e+00
1.904413714540162950e+00 2.000000000000000000e+00
3.102193281552127146e+00 2.000000000000000000e+00
3.382741173206821550e+00 2.000000000000000000e+00
4.907432945011659164e+00 2.000000000000000000e+00
-2.862884986995291037e+00 1.000000000000000000e+00
-1.866198262509021655e+00 1.000000000000000000e+00
-1.769581222888429561e+00 1.000000000000000000e+00
-4.448986386507031154e-01 1.000000000000000000e+00
-2.263898767411294255e-01 1.000000000000000000e+00
-4.199481646374766392e-16 1.000000000000000000e+00
8.354144371335292335e-16 1.000000000000000000e+00
6.383168902876970030e-01 1.000000000000000000e+00
1.210755880959192066e+00 1.000000000000000000e+00
1.246058134588386546e+00 1.000000000000000000e+00
1.639787566358084758e+00 1.000000000000000000e+00
2.655442381549828923e+00 1.000000000000000000e+00
2.761228175166718479e+00 1.000000000000000000e+00
3.647658097240468855e+00 1.000000000000000000e+00
5.370705861634194278e+00 1.000000000000000000e+00
-1.645751311064589606e+00 0.000000000000000000e+00
-7.320508075688771932e-01 0.000000000000000000e+00
9.999999999999994449e-01 0.000000000000000000e+00
9.999999999999994449e-01 0.000000000000000000e+00
2.732050807568875417e+00 0.000000000000000000e+00
3.645751311064589828e+00 0.000000000000000000e+00
