# Runtime: 24.697487115859985
-4.999999999999997335e+00 8.000000000000000000e+00
-6.338230779168682716e+00 7.000000000000000000e+00
-4.772544293085259071e+00 7.000000000000000000e+00
-4.240589543053628674e+00 7.000000000000000000e+00
-3.698747353708748964e+00 7.000000000000000000e+00
-2.471344679705885117e+00 7.000000000000000000e+00
-2.077386635411905047e+00 7.000000000000000000e+00
-1.401156715865864655e+00 7.000000000000000000e+00
-6.909392940639557779e+00 6.000000000000000000e+00
-6.050346160539903373e+00 6.000000000000000000e+00
-5.495215919486273748e+00 6.000000000000000000e+00
-5.041903394411634487e+00 6.000000000000000000e+00
-4.532475043862590702e+00 6.000000000000000000e+00
-4.041159136284933950e+00 6.000000000000000000e+00
-3.977992855082804979e+00 6.000000000000000000e+00
-3.816655698839819699e+00 6.000000000000000000e+00
-3.496656917135497533e+00 6.000000000000000000e+00
-3.398087079917306852e+00 6.000000000000000000e+00
-3.003798703608538290e+00 6.000000000000000000e+00
-2.874436812716355760e+00 6.000000000000000000e+00
-2.497986251026539595e+00 6.000000000000000000e+00
-2.237552951384895739e+00 6.000000000000000000e+00
-2.097426937406458247e+00 6.000000000000000000e+00
-2.026905424481511897e+00 6.000000000000000000e+00
-1.791944584598188950e+00 6.000000000000000000e+00
-1.596768336161034529e+00 6.000000000000000000e+00
-1.153076449054192487e+00 6.000000000000000000e+00
-8.368146248378982577e-01 6.000000000000000000e+00
-7.424575294359968547e-01 6.000000000000000000e+00
-5.361617904331085205e-01 6.000000000000000000e+00
-2.285649156125506842e-01 6.000000000000000000e+00
-1.239334260316060227e-01 6.000000000000000000e+00
2.161920441206225674e-01 6.000000000000000000e+00
4.811290693133567498e-01 6.000000000000000000e+00
1.277458035053810725e+00 6.000000000000000000e+00
1.532934734501450569e+00 6.000000000000000000e+00
-7.145606588694784378e+00 5.000000000000000000e+00
-6.462612318819708435e+00 5.000000000000000000e+00
-5.751088948658425792e+00 5.000000000000000000e+00
-5.681553969060707310e+00 5.000000000000000000e+00
-5.377199943393275561e+00 5.000000000000000000e+00
-5.095659324483529318e+00 5.000000000000000000e+00
-4.699704691729518657e+00 5.000000000000000000e+00
-4.438613774137303736e+00 5.000000000000000000e+00
-4.294940599785618041e+00 5.000000000000000000e+00
-4.265022738273635206e+00 5.000000000000000000e+00
-4.025034988635848521e+00 5.000000000000000000e+00
-3.937576521476930491e+00 5.000000000000000000e+00
-3.757064926150880169e+00 5.000000000000000000e+00
-3.654940166179122762e+00 5.000000000000000000e+00
-3.647428953069081548e+00 5.000000000000000000e+00
-3.437665323732617573e+00 5.000000000000000000e+00
-3.383353750982978969e+00 5.000000000000000000e+00
-3.272832171902432474e+00 5.000000000000000000e+00
-3.155877189971586283e+00 5.000000000000000000e+00
-3.002745030034831064e+00 5.000000000000000000e+00
-2.798076589057364671e+00 5.000000000000000000e+00
-2.772129213491460131e+00 5.000000000000000000e+00
-2.672633807180507137e+00 5.000000000000000000e+00
-2.509937421254181622e+00 5.000000000000000000e+00
-2.422460975189422161e+00 5.000000000000000000e+00
-2.368618611572946175e+00 5.000000000000000000e+00
-2.302405992591489259e+00 5.000000000000000000e+00
-2.149194023222848582e+00 5.000000000000000000e+00
-2.038813294545398502e+00 5.000000000000000000e+00
-1.979696304380591299e+00 5.000000000000000000e+00
-1.902776677734583366e+00 5.000000000000000000e+00
-1.839218618319266474e+00 5.000000000000000000e+00
-1.767836040089231675e+00 5.000000000000000000e+00
-1.663671527347840406e+00 5.000000000000000000e+00
-1.508235923234054088e+00 5.000000000000000000e+00
-1.457105644723318383e+00 5.000000000000000000e+00
-1.396710675591702033e+00 5.000000000000000000e+00
-1.343537219352278100e+00 5.000000000000000000e+00
-1.271834115228050566e+00 5.000000000000000000e+00
-1.195450210342257957e+00 5.000000000000000000e+00
-9.576637116692018337e-01 5.000000000000000000e+00
-8.602059054856009412e-01 5.000000000000000000e+00
-7.738183725403996460e-01 5.000000000000000000e+00
-6.910645104860636545e-01 5.000000000000000000e+00
-6.704559302319137437e-01 5.000000000000000000e+00
-5.518306704247720740e-01 5.000000000000000000e+00
-4.430544778453502919e-01 5.000000000000000000e+00
-3.976659120706646511e-01 5.000000000000000000e+00
-3.191722831263335003e-01 5.000000000000000000e+00
-3.132754218986870676e-01 5.000000000000000000e+00
-1.864716796176567049e-01 5.000000000000000000e+00
3.590868268101785749e-02 5.000000000000000000e+00
1.660971756709410108e-01 5.000000000000000000e+00
2.709120473330730583e-01 5.000000000000000000e+00
3.482838387208683772e-01 5.000000000000000000e+00
3.792032758473515841e-01 5.000000000000000000e+00
5.058741603119183416e-01 5.000000000000000000e+00
6.958198776011432773e-01 5.000000000000000000e+00
7.408313380121521741e-01 5.000000000000000000e+00
8.135219374373446888e-01 5.000000000000000000e+00
8.858109789951854607e-01 5.000000000000000000e+00
1.016847061758622939e+00 5.000000000000000000e+00
1.178704396096368345e+00 5.000000000000000000e+00
1.198681046345976497e+00 5.000000000000000000e+00
1.480620459297450564e+00 5.000000000000000000e+00
1.554393655237036764e+00 5.000000000000000000e+00
1.815015742573639734e+00 5.000000000000000000e+00
2.086958400905608357e+00 5.000000000000000000e+00
2.243398600546143040e+00 5.000000000000000000e+00
2.377642118615289846e+00 5.000000000000000000e+00
2.403466376781874025e+00 5.000000000000000000e+00
2.729973720480020738e+00 5.000000000000000000e+00
3.089372384018225226e+00 5.000000000000000000e+00
3.272287806799538235e+00 5.000000000000000000e+00
3.492451554922780588e+00 5.000000000000000000e+00
4.229467042028753454e+00 5.000000000000000000e+00
-7.292248462753388338e+00 4.000000000000000000e+00
-6.640534866887542798e+00 4.000000000000000000e+00
-5.985737612556349063e+00 4.000000000000000000e+00
-5.843263545516118818e+00 4.000000000000000000e+00
-5.564832720918531095e+00 4.000000000000000000e+00
-5.360719969704479837e+00 4.000000000000000000e+00
-5.247472244788724538e+00 4.000000000000000000e+00
-5.051053189332050941e+00 4.000000000000000000e+00
-4.694209582273606962e+00 4.000000000000000000e+00
-4.685048008845936529e+00 4.000000000000000000e+00
-4.491196127654395021e+00 4.000000000000000000e+00
-4.430773428278825143e+00 4.000000000000000000e+00
-4.283604827203454590e+00 4.000000000000000000e+00
-4.175867806645882752e+00 4.000000000000000000e+00
-4.079625166850822993e+00 4.000000000000000000e+00
-4.001888005828641681e+00 4.000000000000000000e+00
-3.896584929570484412e+00 4.000000000000000000e+00
-3.778825389205427765e+00 4.000000000000000000e+00
-3.702685351974548844e+00 4.000000000000000000e+00
-3.593361063464694194e+00 4.000000000000000000e+00
-3.561211407197547363e+00 4.000000000000000000e+00
-3.448732668403983848e+00 4.000000000000000000e+00
-3.408023412886423742e+00 4.000000000000000000e+00
-3.247989222899374528e+00 4.000000000000000000e+00
-3.176973524960779560e+00 4.000000000000000000e+00
-3.096043148068391204e+00 4.000000000000000000e+00
-3.028662064463328640e+00 4.000000000000000000e+00
-2.982425252583513320e+00 4.000000000000000000e+00
-2.943243905605508193e+00 4.000000000000000000e+00
-2.890324190863280407e+00 4.000000000000000000e+00
-2.846899323142784599e+00 4.000000000000000000e+00
-2.735463537423221236e+00 4.000000000000000000e+00
-2.701872600923304724e+00 4.000000000000000000e+00
-2.611966150391182406e+00 4.000000000000000000e+00
-2.543494241638779574e+00 4.000000000000000000e+00
-2.494588857273876137e+00 4.000000000000000000e+00
-2.440989495969553946e+00 4.000000000000000000e+00
-2.349998576057424682e+00 4.000000000000000000e+00
-2.251336690674879293e+00 4.000000000000000000e+00
-2.223394882914309090e+00 4.000000000000000000e+00
-2.175762726558991389e+00 4.000000000000000000e+00
-2.101064624765581090e+00 4.000000000000000000e+00
-2.078339978464759152e+00 4.000000000000000000e+00
-2.058568729374826489e+00 4.000000000000000000e+00
-2.019088717632995245e+00 4.000000000000000000e+00
-1.943623391165781200e+00 4.000000000000000000e+00
-1.866476613232587844e+00 4.000000000000000000e+00
-1.821234196743330092e+00 4.000000000000000000e+00
-1.799222022799673804e+00 4.000000000000000000e+00
-1.742637395060512295e+00 4.000000000000000000e+00
-1.717444150503439459e+00 4.000000000000000000e+00
-1.633435463005134425e+00 4.000000000000000000e+00
-1.591906268569722060e+00 4.000000000000000000e+00
-1.463889580780805888e+00 4.000000000000000000e+00
-1.435495445305719819e+00 4.000000000000000000e+00
-1.412055510249849766e+00 4.000000000000000000e+00
-1.374075134882540183e+00 4.000000000000000000e+00
-1.266006037983445465e+00 4.000000000000000000e+00
-1.219482756625642095e+00 4.000000000000000000e+00
-1.144413767284601313e+00 4.000000000000000000e+00
-1.092685355759924315e+00 4.000000000000000000e+00
-1.063028670877417037e+00 4.000000000000000000e+00
-1.000579745269230436e+00 4.000000000000000000e+00
-9.932302603081798464e-01 4.000000000000000000e+00
-9.258537721119184383e-01 4.000000000000000000e+00
-8.763969099854874711e-01 4.000000000000000000e+00
-8.437396473395429863e-01 4.000000000000000000e+00
-7.731752628872554656e-01 4.000000000000000000e+00
-7.627172341205552542e-01 4.000000000000000000e+00
-7.398743792790610785e-01 4.000000000000000000e+00
-7.037089931822044786e-01 4.000000000000000000e+00
-6.481029751224942625e-01 4.000000000000000000e+00
-5.805172969317058396e-01 4.000000000000000000e+00
-5.405619049659131647e-01 4.000000000000000000e+00
-4.815464629980272249e-01 4.000000000000000000e+00
-4.295792137157276591e-01 4.000000000000000000e+00
-4.048009010855524448e-01 4.000000000000000000e+00
-3.605524108492865198e-01 4.000000000000000000e+00
-2.778246007409880813e-01 4.000000000000000000e+00
-2.393687940890870947e-01 4.000000000000000000e+00
-1.687957562704722192e-01 4.000000000000000000e+00
-1.203635083306680148e-01 4.000000000000000000e+00
-1.032239230672269137e-01 4.000000000000000000e+00
-7.477282437266431769e-02 4.000000000000000000e+00
-4.912024613131065094e-03 4.000000000000000000e+00
4.901647076908948256e-03 4.000000000000000000e+00
1.136922658421379156e-01 4.000000000000000000e+00
1.474491929661973511e-01 4.000000000000000000e+00
2.050137913220865526e-01 4.000000000000000000e+00
2.582812500701968106e-01 4.000000000000000000e+00
2.806635202883515645e-01 4.000000000000000000e+00
3.251941249738423689e-01 4.000000000000000000e+00
3.962438422215806000e-01 4.000000000000000000e+00
4.498288894151792339e-01 4.000000000000000000e+00
4.872485808199987778e-01 4.000000000000000000e+00
5.443530311692246215e-01 4.000000000000000000e+00
5.816227549548711462e-01 4.000000000000000000e+00
6.407623876008398112e-01 4.000000000000000000e+00
6.607231487354991994e-01 4.000000000000000000e+00
7.276001982128629253e-01 4.000000000000000000e+00
7.876345529319224159e-01 4.000000000000000000e+00
8.286053035869174188e-01 4.000000000000000000e+00
8.492161901666400725e-01 4.000000000000000000e+00
9.205068983028387164e-01 4.000000000000000000e+00
9.776847509509485334e-01 4.000000000000000000e+00
1.046175630791931876e+00 4.000000000000000000e+00
1.160354462144292054e+00 4.000000000000000000e+00
1.192302432962548231e+00 4.000000000000000000e+00
1.213310242064993494e+00 4.000000000000000000e+00
1.274793554131747886e+00 4.000000000000000000e+00
1.305833908588857728e+00 4.000000000000000000e+00
1.395593288870292659e+00 4.000000000000000000e+00
1.396840106207812182e+00 4.000000000000000000e+00
1.419321963855327606e+00 4.000000000000000000e+00
1.447127830703955675e+00 4.000000000000000000e+00
1.564853515466094747e+00 4.000000000000000000e+00
1.664140860582685066e+00 4.000000000000000000e+00
1.685887973824176322e+00 4.000000000000000000e+00
1.762298702332005584e+00 4.000000000000000000e+00
1.789666143405886478e+00 4.000000000000000000e+00
1.943633322402709585e+00 4.000000000000000000e+00
2.055141948045869249e+00 4.000000000000000000e+00
2.157912009154092203e+00 4.000000000000000000e+00
2.186796617678772758e+00 4.000000000000000000e+00
2.195417332867295013e+00 4.000000000000000000e+00
2.263456006778277185e+00 4.000000000000000000e+00
2.280203405079631818e+00 4.000000000000000000e+00
2.315412678384547451e+00 4.000000000000000000e+00
2.361651564465976794e+00 4.000000000000000000e+00
2.436155463849183800e+00 4.000000000000000000e+00
2.624623777530472601e+00 4.000000000000000000e+00
2.670330891804477691e+00 4.000000000000000000e+00
2.680553542126526523e+00 4.000000000000000000e+00
2.752649178012811948e+00 4.000000000000000000e+00
2.807327849706822587e+00 4.000000000000000000e+00
2.900684856544812451e+00 4.000000000000000000e+00
2.913242451393401211e+00 4.000000000000000000e+00
3.142736341483357787e+00 4.000000000000000000e+00
3.220734423785190703e+00 4.000000000000000000e+00
3.291190602833788059e+00 4.000000000000000000e+00
3.498424842056805595e+00 4.000000000000000000e+00
3.740052153138351265e+00 4.000000000000000000e+00
3.832736757472290812e+00 4.000000000000000000e+00
3.927859528691115987e+00 4.000000000000000000e+00
4.028136258174702888e+00 4.000000000000000000e+00
4.256212804820950879e+00 4.000000000000000000e+00
4.269424608743170424e+00 4.000000000000000000e+00
4.483634774195555117e+00 4.000000000000000000e+00
4.686360060343531586e+00 4.000000000000000000e+00
4.695964898044653779e+00 4.000000000000000000e+00
5.077449762300573433e+00 4.000000000000000000e+00
5.289842036363705091e+00 4.000000000000000000e+00
6.063084219931435648e+00 4.000000000000000000e+00
6.302536888112554969e+00 4.000000000000000000e+00
-7.390757702539629825e+00 3.000000000000000000e+00
-6.747851492913201632e+00 3.000000000000000000e+00
-6.094349631394601730e+00 3.000000000000000000e+00
-5.933347263313042852e+00 3.000000000000000000e+00
-5.661427981316107250e+00 3.000000000000000000e+00
-5.452568509505556271e+00 3.000000000000000000e+00
-5.354794638921847039e+00 3.000000000000000000e+00
-5.158757185035343085e+00 3.000000000000000000e+00
-4.938509229776871123e+00 3.000000000000000000e+00
-4.762462346491793674e+00 3.000000000000000000e+00
-4.561889953524151942e+00 3.000000000000000000e+00
-4.447298734802910047e+00 3.000000000000000000e+00
-4.399314239739117838e+00 3.000000000000000000e+00
-4.390902135281383956e+00 3.000000000000000000e+00
-4.223706661714405897e+00 3.000000000000000000e+00
-4.193801927899375670e+00 3.000000000000000000e+00
-4.104527638276420198e+00 3.000000000000000000e+00
-4.033207702176248688e+00 3.000000000000000000e+00
-3.911942174260759852e+00 3.000000000000000000e+00
-3.859657937653872217e+00 3.000000000000000000e+00
-3.702544808601876625e+00 3.000000000000000000e+00
-3.671279910248250289e+00 3.000000000000000000e+00
-3.647324926914216281e+00 3.000000000000000000e+00
-3.633348396442915629e+00 3.000000000000000000e+00
-3.509337949034906146e+00 3.000000000000000000e+00
-3.407722562538977762e+00 3.000000000000000000e+00
-3.342807919272371642e+00 3.000000000000000000e+00
-3.270683277461068350e+00 3.000000000000000000e+00
-3.216255981086467042e+00 3.000000000000000000e+00
-3.106458614625573489e+00 3.000000000000000000e+00
-3.092675263454718326e+00 3.000000000000000000e+00
-3.037033488694112382e+00 3.000000000000000000e+00
-2.983296888877255526e+00 3.000000000000000000e+00
-2.879084927470363819e+00 3.000000000000000000e+00
-2.782946542983418592e+00 3.000000000000000000e+00
-2.746133392202684931e+00 3.000000000000000000e+00
-2.689678123680849353e+00 3.000000000000000000e+00
-2.661832297472461750e+00 3.000000000000000000e+00
-2.621612753372803084e+00 3.000000000000000000e+00
-2.571716781234406834e+00 3.000000000000000000e+00
-2.537441541392353006e+00 3.000000000000000000e+00
-2.474066814387841262e+00 3.000000000000000000e+00
-2.453177030142371429e+00 3.000000000000000000e+00
-2.388234490013583233e+00 3.000000000000000000e+00
-2.370749550999549093e+00 3.000000000000000000e+00
-2.314593315295693010e+00 3.000000000000000000e+00
-2.290601466297804922e+00 3.000000000000000000e+00
-2.196901591715286095e+00 3.000000000000000000e+00
-2.159279022232377443e+00 3.000000000000000000e+00
-2.116322464274895676e+00 3.000000000000000000e+00
-2.069440764170187297e+00 3.000000000000000000e+00
-2.037992098441955502e+00 3.000000000000000000e+00
-2.009409525994053425e+00 3.000000000000000000e+00
-1.987436869216745228e+00 3.000000000000000000e+00
-1.934104620369085703e+00 3.000000000000000000e+00
-1.904438881429665997e+00 3.000000000000000000e+00
-1.850370977389401705e+00 3.000000000000000000e+00
-1.791966165985453108e+00 3.000000000000000000e+00
-1.736049727769532147e+00 3.000000000000000000e+00
-1.679260299976183424e+00 3.000000000000000000e+00
-1.650130962655175670e+00 3.000000000000000000e+00
-1.622568317085254508e+00 3.000000000000000000e+00
-1.561362644788359955e+00 3.000000000000000000e+00
-1.524843597278192409e+00 3.000000000000000000e+00
-1.488356012059293132e+00 3.000000000000000000e+00
-1.460422442885157102e+00 3.000000000000000000e+00
-1.450054325097794194e+00 3.000000000000000000e+00
-1.404118719269703552e+00 3.000000000000000000e+00
-1.312806068831344986e+00 3.000000000000000000e+00
-1.282699447740907051e+00 3.000000000000000000e+00
-1.272265526477405206e+00 3.000000000000000000e+00
-1.239062882060918414e+00 3.000000000000000000e+00
-1.220637654728639721e+00 3.000000000000000000e+00
-1.169826853592131899e+00 3.000000000000000000e+00
-1.144807564428205859e+00 3.000000000000000000e+00
-1.092334343173588351e+00 3.000000000000000000e+00
-1.067673093351402480e+00 3.000000000000000000e+00
-1.019606712570353180e+00 3.000000000000000000e+00
-9.832638547288462538e-01 3.000000000000000000e+00
-9.643643925896531188e-01 3.000000000000000000e+00
-8.935570660387690545e-01 3.000000000000000000e+00
-8.647758897698707425e-01 3.000000000000000000e+00
-8.349891802319933110e-01 3.000000000000000000e+00
-8.219670011084121430e-01 3.000000000000000000e+00
-7.799814407028390351e-01 3.000000000000000000e+00
-7.622405994188382605e-01 3.000000000000000000e+00
-7.255735011622476138e-01 3.000000000000000000e+00
-6.759378772911555089e-01 3.000000000000000000e+00
-6.570410723830811817e-01 3.000000000000000000e+00
-5.864925705240360276e-01 3.000000000000000000e+00
-5.430997379583276663e-01 3.000000000000000000e+00
-5.297187293014750109e-01 3.000000000000000000e+00
-5.076372698302661357e-01 3.000000000000000000e+00
-4.553983253027584777e-01 3.000000000000000000e+00
-4.341205235263208007e-01 3.000000000000000000e+00
-4.183207053304868195e-01 3.000000000000000000e+00
-3.813474399881072174e-01 3.000000000000000000e+00
-3.073073944026348259e-01 3.000000000000000000e+00
-2.835931655707842336e-01 3.000000000000000000e+00
-2.568998683035740860e-01 3.000000000000000000e+00
-2.342106542132089686e-01 3.000000000000000000e+00
-2.002291636600039282e-01 3.000000000000000000e+00
-1.611301519910803559e-01 3.000000000000000000e+00
-1.445584169065482760e-01 3.000000000000000000e+00
-9.511386454910635002e-02 3.000000000000000000e+00
-8.596727105776534594e-02 3.000000000000000000e+00
-7.587469064623357518e-02 3.000000000000000000e+00
2.004049981751320972e-02 3.000000000000000000e+00
4.506232704795247457e-02 3.000000000000000000e+00
8.820920976265413105e-02 3.000000000000000000e+00
1.361062329819483774e-01 3.000000000000000000e+00
1.396674922806237784e-01 3.000000000000000000e+00
1.830983905246191812e-01 3.000000000000000000e+00
2.059796947037713932e-01 3.000000000000000000e+00
2.378259953584464237e-01 3.000000000000000000e+00
2.651088831687058445e-01 3.000000000000000000e+00
2.778524147382150922e-01 3.000000000000000000e+00
3.371450708111013994e-01 3.000000000000000000e+00
3.574918558304873706e-01 3.000000000000000000e+00
4.027544163494871654e-01 3.000000000000000000e+00
4.535090327184012615e-01 3.000000000000000000e+00
4.703671996720117376e-01 3.000000000000000000e+00
4.889048504145675489e-01 3.000000000000000000e+00
4.998882614929567869e-01 3.000000000000000000e+00
5.271083085735740470e-01 3.000000000000000000e+00
5.504224156536754453e-01 3.000000000000000000e+00
5.946563562483292431e-01 3.000000000000000000e+00
6.569859955826270470e-01 3.000000000000000000e+00
6.919818545830109802e-01 3.000000000000000000e+00
7.019472702282441023e-01 3.000000000000000000e+00
7.356376170698590844e-01 3.000000000000000000e+00
7.626045523279868510e-01 3.000000000000000000e+00
7.872374245484817790e-01 3.000000000000000000e+00
8.031017164057115965e-01 3.000000000000000000e+00
8.179058939623363722e-01 3.000000000000000000e+00
8.692369571009812557e-01 3.000000000000000000e+00
8.872149969890441579e-01 3.000000000000000000e+00
9.193246365462158787e-01 3.000000000000000000e+00
9.740607816898460003e-01 3.000000000000000000e+00
9.858661673317314911e-01 3.000000000000000000e+00
1.021682629742840520e+00 3.000000000000000000e+00
1.076696111239393350e+00 3.000000000000000000e+00
1.105287353971565523e+00 3.000000000000000000e+00
1.118139149058417603e+00 3.000000000000000000e+00
1.172123917483644640e+00 3.000000000000000000e+00
1.195576412197256744e+00 3.000000000000000000e+00
1.234335951766843520e+00 3.000000000000000000e+00
1.278200909723631762e+00 3.000000000000000000e+00
1.308489982753625824e+00 3.000000000000000000e+00
1.353296813951276434e+00 3.000000000000000000e+00
1.376879463217696609e+00 3.000000000000000000e+00
1.412345772905144070e+00 3.000000000000000000e+00
1.483761931121918343e+00 3.000000000000000000e+00
1.499007760035630632e+00 3.000000000000000000e+00
1.577715105086332947e+00 3.000000000000000000e+00
1.601638809362586180e+00 3.000000000000000000e+00
1.638270348634044193e+00 3.000000000000000000e+00
1.691190209787344800e+00 3.000000000000000000e+00
1.711980717247159500e+00 3.000000000000000000e+00
1.732906869923314330e+00 3.000000000000000000e+00
1.740341306983462122e+00 3.000000000000000000e+00
1.790452742453585211e+00 3.000000000000000000e+00
1.822346111336049734e+00 3.000000000000000000e+00
1.868396814966787334e+00 3.000000000000000000e+00
1.905743098599863572e+00 3.000000000000000000e+00
1.951040397038016128e+00 3.000000000000000000e+00
1.966964609000403374e+00 3.000000000000000000e+00
2.010663818866766039e+00 3.000000000000000000e+00
2.033535170380732282e+00 3.000000000000000000e+00
2.102142899487952743e+00 3.000000000000000000e+00
2.118127462906482350e+00 3.000000000000000000e+00
2.172781155384480023e+00 3.000000000000000000e+00
2.182774411156750194e+00 3.000000000000000000e+00
2.226582434798367149e+00 3.000000000000000000e+00
2.299801752462139248e+00 3.000000000000000000e+00
2.309380778231076903e+00 3.000000000000000000e+00
2.315053463889986674e+00 3.000000000000000000e+00
2.365991814279531091e+00 3.000000000000000000e+00
2.391613801066696521e+00 3.000000000000000000e+00
2.421932578255451052e+00 3.000000000000000000e+00
2.482327390508292542e+00 3.000000000000000000e+00
2.511247477112179549e+00 3.000000000000000000e+00
2.572004669835096458e+00 3.000000000000000000e+00
2.628392990238053173e+00 3.000000000000000000e+00
2.652692550369655677e+00 3.000000000000000000e+00
2.708127220946925373e+00 3.000000000000000000e+00
2.727264480099439670e+00 3.000000000000000000e+00
2.750579701298141888e+00 3.000000000000000000e+00
2.854443095536581154e+00 3.000000000000000000e+00
2.874968741841720021e+00 3.000000000000000000e+00
2.895722196989011898e+00 3.000000000000000000e+00
2.934434168284882904e+00 3.000000000000000000e+00
3.011933827887688597e+00 3.000000000000000000e+00
3.037836940160458354e+00 3.000000000000000000e+00
3.054378778414981177e+00 3.000000000000000000e+00
3.099822600950493445e+00 3.000000000000000000e+00
3.112247673252376945e+00 3.000000000000000000e+00
3.149737796657335664e+00 3.000000000000000000e+00
3.211243463319616076e+00 3.000000000000000000e+00
3.269685403512342159e+00 3.000000000000000000e+00
3.327701888872284464e+00 3.000000000000000000e+00
3.426813394558428705e+00 3.000000000000000000e+00
3.570181739785723618e+00 3.000000000000000000e+00
3.613795641791933466e+00 3.000000000000000000e+00
3.685589221952101369e+00 3.000000000000000000e+00
3.726467760842242516e+00 3.000000000000000000e+00
3.761183002118938745e+00 3.000000000000000000e+00
3.861470481348810324e+00 3.000000000000000000e+00
3.886212045494352285e+00 3.000000000000000000e+00
3.971566038703812751e+00 3.000000000000000000e+00
4.052787018277713038e+00 3.000000000000000000e+00
4.066767856098991274e+00 3.000000000000000000e+00
4.083835882422762964e+00 3.000000000000000000e+00
4.164280135472194999e+00 3.000000000000000000e+00
4.241533722664327044e+00 3.000000000000000000e+00
4.252375322827738557e+00 3.000000000000000000e+00
4.332283816923138353e+00 3.000000000000000000e+00
4.396797003177602470e+00 3.000000000000000000e+00
4.433012545189469300e+00 3.000000000000000000e+00
4.518596660308590529e+00 3.000000000000000000e+00
4.538956004228317909e+00 3.000000000000000000e+00
4.624149284637092627e+00 3.000000000000000000e+00
4.744874347358351230e+00 3.000000000000000000e+00
4.934915573602343564e+00 3.000000000000000000e+00
5.180731054369237754e+00 3.000000000000000000e+00
5.225289446225112044e+00 3.000000000000000000e+00
5.325178668850401920e+00 3.000000000000000000e+00
5.422528586354135705e+00 3.000000000000000000e+00
5.560259613099824527e+00 3.000000000000000000e+00
5.673473961919865083e+00 3.000000000000000000e+00
5.733444771872155954e+00 3.000000000000000000e+00
5.970375430743660061e+00 3.000000000000000000e+00
6.145345064230492760e+00 3.000000000000000000e+00
6.213541107608206993e+00 3.000000000000000000e+00
6.516394834428551164e+00 3.000000000000000000e+00
7.216640891853994155e+00 3.000000000000000000e+00
7.575825876519796331e+00 3.000000000000000000e+00
8.171211619045200436e+00 3.000000000000000000e+00
-7.456826200899288715e+00 2.000000000000000000e+00
-6.816655846086328019e+00 2.000000000000000000e+00
-6.160303147713260152e+00 2.000000000000000000e+00
-5.724341633543541086e+00 2.000000000000000000e+00
-5.512122903631041737e+00 2.000000000000000000e+00
-5.418351537873764556e+00 2.000000000000000000e+00
-5.225051681517155266e+00 2.000000000000000000e+00
-4.974582780994036391e+00 2.000000000000000000e+00
-4.848817213932067105e+00 2.000000000000000000e+00
-4.632805535940914154e+00 2.000000000000000000e+00
-4.601733896603483309e+00 2.000000000000000000e+00
-4.509829217264599954e+00 2.000000000000000000e+00
-4.406621216620408177e+00 2.000000000000000000e+00
-4.256957995890441993e+00 2.000000000000000000e+00
-4.199918128653558291e+00 2.000000000000000000e+00
-3.982616584439437446e+00 2.000000000000000000e+00
-3.955504536144660133e+00 2.000000000000000000e+00
-3.798944011760489570e+00 2.000000000000000000e+00
-3.776244974837533519e+00 2.000000000000000000e+00
-3.727395964167372178e+00 2.000000000000000000e+00
-3.662006585747841658e+00 2.000000000000000000e+00
-3.637983483681942243e+00 2.000000000000000000e+00
-3.545608173681790376e+00 2.000000000000000000e+00
-3.446978720025470455e+00 2.000000000000000000e+00
-3.356656095369061177e+00 2.000000000000000000e+00
-3.302045377194767539e+00 2.000000000000000000e+00
-3.197523768659917831e+00 2.000000000000000000e+00
-3.137485333157567169e+00 2.000000000000000000e+00
-3.092023952672798615e+00 2.000000000000000000e+00
-2.988616842215762404e+00 2.000000000000000000e+00
-2.976021202288614109e+00 2.000000000000000000e+00
-2.911461230593993310e+00 2.000000000000000000e+00
-2.854152581743025774e+00 2.000000000000000000e+00
-2.761102936699448840e+00 2.000000000000000000e+00
-2.727397741416644372e+00 2.000000000000000000e+00
-2.711719990702754490e+00 2.000000000000000000e+00
-2.683601373113980504e+00 2.000000000000000000e+00
-2.670478496062768325e+00 2.000000000000000000e+00
-2.632443145947771068e+00 2.000000000000000000e+00
-2.544194878024402584e+00 2.000000000000000000e+00
-2.464739953705167963e+00 2.000000000000000000e+00
-2.405129685154681951e+00 2.000000000000000000e+00
-2.387724810969126032e+00 2.000000000000000000e+00
-2.354106436021464077e+00 2.000000000000000000e+00
-2.313995276276274549e+00 2.000000000000000000e+00
-2.294432291568713200e+00 2.000000000000000000e+00
-2.190244567433262901e+00 2.000000000000000000e+00
-2.171678859158148622e+00 2.000000000000000000e+00
-2.125812818828134443e+00 2.000000000000000000e+00
-2.081319400935271791e+00 2.000000000000000000e+00
-1.985783267723957968e+00 2.000000000000000000e+00
-1.942320476888008018e+00 2.000000000000000000e+00
-1.912173764373495288e+00 2.000000000000000000e+00
-1.861098979746410809e+00 2.000000000000000000e+00
-1.844601125265949104e+00 2.000000000000000000e+00
-1.804976806494303476e+00 2.000000000000000000e+00
-1.773095831233616471e+00 2.000000000000000000e+00
-1.736466194045044764e+00 2.000000000000000000e+00
-1.700854870635382987e+00 2.000000000000000000e+00
-1.632629525090009359e+00 2.000000000000000000e+00
-1.579212155786867244e+00 2.000000000000000000e+00
-1.555659057400726519e+00 2.000000000000000000e+00
-1.524617887214993583e+00 2.000000000000000000e+00
-1.497730023834301205e+00 2.000000000000000000e+00
-1.433092334408670565e+00 2.000000000000000000e+00
-1.374322675711311170e+00 2.000000000000000000e+00
-1.343464468470250583e+00 2.000000000000000000e+00
-1.338505619578758132e+00 2.000000000000000000e+00
-1.289649443583825938e+00 2.000000000000000000e+00
-1.265256354102795688e+00 2.000000000000000000e+00
-1.208813776227784187e+00 2.000000000000000000e+00
-1.198796506973618392e+00 2.000000000000000000e+00
-1.155771801479468897e+00 2.000000000000000000e+00
-1.119337534122885058e+00 2.000000000000000000e+00
-1.080659318226456556e+00 2.000000000000000000e+00
-1.057796939168873518e+00 2.000000000000000000e+00
-9.967752158873868229e-01 2.000000000000000000e+00
-9.751592656973727680e-01 2.000000000000000000e+00
-9.434523258587520500e-01 2.000000000000000000e+00
-9.191408352406074123e-01 2.000000000000000000e+00
-8.878570479998650899e-01 2.000000000000000000e+00
-8.817527839714905946e-01 2.000000000000000000e+00
-8.664090443003233943e-01 2.000000000000000000e+00
-8.083752068779417321e-01 2.000000000000000000e+00
-7.738462673175585671e-01 2.000000000000000000e+00
-7.635858414274212524e-01 2.000000000000000000e+00
-7.077015669549283627e-01 2.000000000000000000e+00
-6.840912375555224800e-01 2.000000000000000000e+00
-6.695644497513908444e-01 2.000000000000000000e+00
-6.542301705076830620e-01 2.000000000000000000e+00
-6.145840701271925166e-01 2.000000000000000000e+00
-5.782664569551372313e-01 2.000000000000000000e+00
-5.441156065367086514e-01 2.000000000000000000e+00
-4.982216026068343462e-01 2.000000000000000000e+00
-4.506132487395022590e-01 2.000000000000000000e+00
-3.927932904647057910e-01 2.000000000000000000e+00
-3.832812071132543630e-01 2.000000000000000000e+00
-3.264827080619263633e-01 2.000000000000000000e+00
-3.145429913879951300e-01 2.000000000000000000e+00
-2.961459659117308685e-01 2.000000000000000000e+00
-2.566206713941619477e-01 2.000000000000000000e+00
-2.254337590616624643e-01 2.000000000000000000e+00
-1.923066198420495809e-01 2.000000000000000000e+00
-1.869974157595719333e-01 2.000000000000000000e+00
-1.356002394469832673e-01 2.000000000000000000e+00
-1.023912680313125573e-01 2.000000000000000000e+00
-7.701842781726048193e-02 2.000000000000000000e+00
-1.415742182351668703e-02 2.000000000000000000e+00
-1.647905080251509070e-03 2.000000000000000000e+00
4.039047504712403591e-02 2.000000000000000000e+00
6.609751371516751905e-02 2.000000000000000000e+00
7.650174699413660184e-02 2.000000000000000000e+00
1.422652244501282914e-01 2.000000000000000000e+00
1.722561455071827397e-01 2.000000000000000000e+00
1.977741607193743145e-01 2.000000000000000000e+00
2.264609002373771385e-01 2.000000000000000000e+00
2.430940165181867119e-01 2.000000000000000000e+00
2.812985805715767507e-01 2.000000000000000000e+00
2.838108276614166314e-01 2.000000000000000000e+00
3.122647589124088463e-01 2.000000000000000000e+00
3.755356374263177921e-01 2.000000000000000000e+00
3.898868034569036300e-01 2.000000000000000000e+00
4.101368105465054148e-01 2.000000000000000000e+00
4.143987132506714577e-01 2.000000000000000000e+00
4.403009003788163067e-01 2.000000000000000000e+00
5.000205222819904538e-01 2.000000000000000000e+00
5.049554335400633365e-01 2.000000000000000000e+00
5.272298741932880395e-01 2.000000000000000000e+00
5.776870674787286664e-01 2.000000000000000000e+00
6.185684259855002143e-01 2.000000000000000000e+00
6.437707344407126442e-01 2.000000000000000000e+00
6.535260189386836727e-01 2.000000000000000000e+00
6.997400252019112532e-01 2.000000000000000000e+00
7.417457011623064256e-01 2.000000000000000000e+00
7.566942614230267594e-01 2.000000000000000000e+00
7.827256780526041791e-01 2.000000000000000000e+00
8.036738252986607156e-01 2.000000000000000000e+00
8.296366854667708290e-01 2.000000000000000000e+00
8.418633956173838806e-01 2.000000000000000000e+00
8.869149633239373776e-01 2.000000000000000000e+00
9.063696726777805690e-01 2.000000000000000000e+00
9.256861488018539585e-01 2.000000000000000000e+00
9.553779291813949692e-01 2.000000000000000000e+00
9.695291352094834725e-01 2.000000000000000000e+00
1.010282628223500234e+00 2.000000000000000000e+00
1.043223396993287810e+00 2.000000000000000000e+00
1.060175077168226121e+00 2.000000000000000000e+00
1.109561285494359284e+00 2.000000000000000000e+00
1.155806112095176585e+00 2.000000000000000000e+00
1.184415482446773638e+00 2.000000000000000000e+00
1.211481230353250949e+00 2.000000000000000000e+00
1.238176956178459243e+00 2.000000000000000000e+00
1.250415700433498811e+00 2.000000000000000000e+00
1.270714709973009615e+00 2.000000000000000000e+00
1.293876860951051588e+00 2.000000000000000000e+00
1.324041298788302123e+00 2.000000000000000000e+00
1.350681191874115283e+00 2.000000000000000000e+00
1.373599017234395259e+00 2.000000000000000000e+00
1.381215642276570010e+00 2.000000000000000000e+00
1.447855243739140541e+00 2.000000000000000000e+00
1.507354578643874454e+00 2.000000000000000000e+00
1.510296030285954494e+00 2.000000000000000000e+00
1.543289651203813229e+00 2.000000000000000000e+00
1.629262248454368178e+00 2.000000000000000000e+00
1.649201090442841355e+00 2.000000000000000000e+00
1.657051712260622089e+00 2.000000000000000000e+00
1.721468445190843077e+00 2.000000000000000000e+00
1.725247195932452682e+00 2.000000000000000000e+00
1.752085459312826998e+00 2.000000000000000000e+00
1.791221581100479021e+00 2.000000000000000000e+00
1.827909055041190722e+00 2.000000000000000000e+00
1.838595599932598024e+00 2.000000000000000000e+00
1.881880484542767684e+00 2.000000000000000000e+00
1.919412145311568674e+00 2.000000000000000000e+00
1.927535199772682395e+00 2.000000000000000000e+00
1.962876448545881392e+00 2.000000000000000000e+00
1.997717562433896754e+00 2.000000000000000000e+00
2.023180860141974957e+00 2.000000000000000000e+00
2.096038511847169605e+00 2.000000000000000000e+00
2.123315001150403170e+00 2.000000000000000000e+00
2.137783184651042223e+00 2.000000000000000000e+00
2.173705413168536715e+00 2.000000000000000000e+00
2.202166033909151110e+00 2.000000000000000000e+00
2.242493451121547299e+00 2.000000000000000000e+00
2.250258320413925262e+00 2.000000000000000000e+00
2.272425042231987380e+00 2.000000000000000000e+00
2.313617970196670814e+00 2.000000000000000000e+00
2.346892262508171179e+00 2.000000000000000000e+00
2.377492625573071727e+00 2.000000000000000000e+00
2.391779917358625607e+00 2.000000000000000000e+00
2.410977314710871067e+00 2.000000000000000000e+00
2.453144974759480679e+00 2.000000000000000000e+00
2.466261381883771087e+00 2.000000000000000000e+00
2.497440359470180393e+00 2.000000000000000000e+00
2.516241965241272638e+00 2.000000000000000000e+00
2.532929448727948785e+00 2.000000000000000000e+00
2.562044210930569221e+00 2.000000000000000000e+00
2.588108478784862942e+00 2.000000000000000000e+00
2.624310981374143648e+00 2.000000000000000000e+00
2.667705095039052843e+00 2.000000000000000000e+00
2.690914409350404934e+00 2.000000000000000000e+00
2.702793350367872272e+00 2.000000000000000000e+00
2.744241501274300443e+00 2.000000000000000000e+00
2.774494842541789019e+00 2.000000000000000000e+00
2.802241242237832441e+00 2.000000000000000000e+00
2.850684459663087811e+00 2.000000000000000000e+00
2.897058784893704608e+00 2.000000000000000000e+00
2.903650056491915876e+00 2.000000000000000000e+00
2.964559512011610831e+00 2.000000000000000000e+00
2.989735291535156048e+00 2.000000000000000000e+00
3.016356017161484271e+00 2.000000000000000000e+00
3.066387034675810419e+00 2.000000000000000000e+00
3.163834287184084548e+00 2.000000000000000000e+00
3.193795794264949528e+00 2.000000000000000000e+00
3.228242432674530704e+00 2.000000000000000000e+00
3.258406029275989990e+00 2.000000000000000000e+00
3.292073123383591593e+00 2.000000000000000000e+00
3.329168776085448922e+00 2.000000000000000000e+00
3.351957892420770246e+00 2.000000000000000000e+00
3.401270383309287659e+00 2.000000000000000000e+00
3.450168964180901909e+00 2.000000000000000000e+00
3.476926814685063594e+00 2.000000000000000000e+00
3.495498620428935332e+00 2.000000000000000000e+00
3.552663792494824335e+00 2.000000000000000000e+00
3.595567019578031154e+00 2.000000000000000000e+00
3.642797170345532187e+00 2.000000000000000000e+00
3.669890136472572451e+00 2.000000000000000000e+00
3.713313314069418336e+00 2.000000000000000000e+00
3.748771422974835676e+00 2.000000000000000000e+00
3.785798192390247507e+00 2.000000000000000000e+00
3.834517079124062366e+00 2.000000000000000000e+00
3.913339756753132281e+00 2.000000000000000000e+00
3.948253939609096985e+00 2.000000000000000000e+00
3.978249635777006077e+00 2.000000000000000000e+00
3.992448536039030493e+00 2.000000000000000000e+00
4.042927988666034089e+00 2.000000000000000000e+00
4.064577267220216505e+00 2.000000000000000000e+00
4.102613507404961446e+00 2.000000000000000000e+00
4.193583306539001576e+00 2.000000000000000000e+00
4.229596566576574901e+00 2.000000000000000000e+00
4.279399995905505349e+00 2.000000000000000000e+00
4.297777872778676844e+00 2.000000000000000000e+00
4.382614509636284517e+00 2.000000000000000000e+00
4.409060706945330921e+00 2.000000000000000000e+00
4.450281595895706488e+00 2.000000000000000000e+00
4.478597179172125742e+00 2.000000000000000000e+00
4.622237788258749092e+00 2.000000000000000000e+00
4.640560587912974100e+00 2.000000000000000000e+00
4.662521167261494348e+00 2.000000000000000000e+00
4.737421205515968126e+00 2.000000000000000000e+00
4.804179668484775512e+00 2.000000000000000000e+00
4.829946819269300029e+00 2.000000000000000000e+00
4.885842083379626111e+00 2.000000000000000000e+00
5.018766840541159624e+00 2.000000000000000000e+00
5.092685916236281862e+00 2.000000000000000000e+00
5.163983755210495907e+00 2.000000000000000000e+00
5.192989320322157987e+00 2.000000000000000000e+00
5.263975190452029551e+00 2.000000000000000000e+00
5.293325200849710477e+00 2.000000000000000000e+00
5.328033080664565269e+00 2.000000000000000000e+00
5.478437801815974950e+00 2.000000000000000000e+00
5.571744218169460083e+00 2.000000000000000000e+00
5.594688243778964676e+00 2.000000000000000000e+00
5.737840568470913283e+00 2.000000000000000000e+00
5.866397929997098082e+00 2.000000000000000000e+00
5.932001782267145806e+00 2.000000000000000000e+00
6.061268999067151775e+00 2.000000000000000000e+00
6.194785871466924831e+00 2.000000000000000000e+00
6.246026075304765612e+00 2.000000000000000000e+00
6.363111182894265028e+00 2.000000000000000000e+00
6.379107042349093426e+00 2.000000000000000000e+00
6.468424447617117323e+00 2.000000000000000000e+00
6.669517822960912667e+00 2.000000000000000000e+00
7.100933517603351675e+00 2.000000000000000000e+00
7.200366795741530268e+00 2.000000000000000000e+00
7.303415259191550213e+00 2.000000000000000000e+00
7.488644325367396881e+00 2.000000000000000000e+00
7.690849746845032975e+00 2.000000000000000000e+00
8.146096382667618485e+00 2.000000000000000000e+00
9.556505298963685391e+00 2.000000000000000000e+00
-6.858458462593568505e+00 1.000000000000000000e+00
-6.198987665270871972e+00 1.000000000000000000e+00
-5.762275220722048452e+00 1.000000000000000000e+00
-5.528322827430720565e+00 1.000000000000000000e+00
-5.259440498929615515e+00 1.000000000000000000e+00
-4.883807723186140315e+00 1.000000000000000000e+00
-4.645520068376676193e+00 1.000000000000000000e+00
-4.630723880541425252e+00 1.000000000000000000e+00
-4.573490861165263155e+00 1.000000000000000000e+00
-4.275211196763837762e+00 1.000000000000000000e+00
-4.003481624022783514e+00 1.000000000000000000e+00
-3.985749176276031314e+00 1.000000000000000000e+00
-3.923291096450131299e+00 1.000000000000000000e+00
-3.773341576204488845e+00 1.000000000000000000e+00
-3.713618724800714421e+00 1.000000000000000000e+00
-3.700132891044594530e+00 1.000000000000000000e+00
-3.573394921729231122e+00 1.000000000000000000e+00
-3.271899838057107157e+00 1.000000000000000000e+00
-3.192836056979221571e+00 1.000000000000000000e+00
-3.122097315475674595e+00 1.000000000000000000e+00
-3.087525478876861129e+00 1.000000000000000000e+00
-3.039897455153949046e+00 1.000000000000000000e+00
-2.973279237468455349e+00 1.000000000000000000e+00
-2.879637898428388798e+00 1.000000000000000000e+00
-2.766159569753022129e+00 1.000000000000000000e+00
-2.736528714149507380e+00 1.000000000000000000e+00
-2.709743410197502200e+00 1.000000000000000000e+00
-2.581266981369594316e+00 1.000000000000000000e+00
-2.513437344391796557e+00 1.000000000000000000e+00
-2.481583932300109652e+00 1.000000000000000000e+00
-2.395651407624256546e+00 1.000000000000000000e+00
-2.366270737216660258e+00 1.000000000000000000e+00
-2.294183367630842074e+00 1.000000000000000000e+00
-2.264514901915291922e+00 1.000000000000000000e+00
-2.205562024578124891e+00 1.000000000000000000e+00
-2.163283676961768265e+00 1.000000000000000000e+00
-2.140398798679277181e+00 1.000000000000000000e+00
-2.013224717416830956e+00 1.000000000000000000e+00
-1.948295989148980611e+00 1.000000000000000000e+00
-1.905246953404218901e+00 1.000000000000000000e+00
-1.861172683064099553e+00 1.000000000000000000e+00
-1.744336906739895943e+00 1.000000000000000000e+00
-1.714652635849356122e+00 1.000000000000000000e+00
-1.640694090632523583e+00 1.000000000000000000e+00
-1.619986659899804504e+00 1.000000000000000000e+00
-1.540962195897825904e+00 1.000000000000000000e+00
-1.500338852822780566e+00 1.000000000000000000e+00
-1.465762834938550530e+00 1.000000000000000000e+00
-1.403901358758973927e+00 1.000000000000000000e+00
-1.384803263626585901e+00 1.000000000000000000e+00
-1.331198102676382167e+00 1.000000000000000000e+00
-1.294933956308142786e+00 1.000000000000000000e+00
-1.207278572962954044e+00 1.000000000000000000e+00
-1.182187534636345516e+00 1.000000000000000000e+00
-1.140702497923427039e+00 1.000000000000000000e+00
-1.129713459706368051e+00 1.000000000000000000e+00
-1.033198817923777879e+00 1.000000000000000000e+00
-9.966629589596780470e-01 1.000000000000000000e+00
-9.721563259578762661e-01 1.000000000000000000e+00
-9.163455229419945614e-01 1.000000000000000000e+00
-8.594059048518210009e-01 1.000000000000000000e+00
-8.344378769214838565e-01 1.000000000000000000e+00
-7.723807811117312516e-01 1.000000000000000000e+00
-7.535637334608774607e-01 1.000000000000000000e+00
-7.168980854212219089e-01 1.000000000000000000e+00
-6.544426454275947824e-01 1.000000000000000000e+00
-6.484137912163590034e-01 1.000000000000000000e+00
-5.920174537112973256e-01 1.000000000000000000e+00
-5.627202555354073876e-01 1.000000000000000000e+00
-4.975925144702248448e-01 1.000000000000000000e+00
-4.407886744467832130e-01 1.000000000000000000e+00
-3.466123045285480764e-01 1.000000000000000000e+00
-3.236199743810875828e-01 1.000000000000000000e+00
-2.820629524753539563e-01 1.000000000000000000e+00
-2.362955954323835983e-01 1.000000000000000000e+00
-1.836249957874192540e-01 1.000000000000000000e+00
-1.656957141397765731e-01 1.000000000000000000e+00
-1.200107912732192444e-01 1.000000000000000000e+00
-1.084996743005219727e-01 1.000000000000000000e+00
-6.132706932249223919e-02 1.000000000000000000e+00
-4.872758312930718788e-02 1.000000000000000000e+00
-1.685935829302243408e-02 1.000000000000000000e+00
9.260835126674119358e-03 1.000000000000000000e+00
7.489113099578069421e-02 1.000000000000000000e+00
1.112824955097535679e-01 1.000000000000000000e+00
1.329912795311500306e-01 1.000000000000000000e+00
1.832539346600034758e-01 1.000000000000000000e+00
2.092943807351077823e-01 1.000000000000000000e+00
3.026437076197012743e-01 1.000000000000000000e+00
3.258004791006277046e-01 1.000000000000000000e+00
3.302562070328550758e-01 1.000000000000000000e+00
3.974219968066696751e-01 1.000000000000000000e+00
4.545853070087722547e-01 1.000000000000000000e+00
4.685188116140395209e-01 1.000000000000000000e+00
4.792241821941555235e-01 1.000000000000000000e+00
4.987181485187555663e-01 1.000000000000000000e+00
5.365564801510595005e-01 1.000000000000000000e+00
5.591616820475661109e-01 1.000000000000000000e+00
6.176994867536812484e-01 1.000000000000000000e+00
6.374321853072590915e-01 1.000000000000000000e+00
6.652352285184298664e-01 1.000000000000000000e+00
6.994187850282814756e-01 1.000000000000000000e+00
7.644210313971349091e-01 1.000000000000000000e+00
7.898971360881453796e-01 1.000000000000000000e+00
8.594418873065972075e-01 1.000000000000000000e+00
8.732187380134650567e-01 1.000000000000000000e+00
8.948619443919955119e-01 1.000000000000000000e+00
9.158471171831240598e-01 1.000000000000000000e+00
9.504971254910922207e-01 1.000000000000000000e+00
9.625822896061746459e-01 1.000000000000000000e+00
1.013538674238189108e+00 1.000000000000000000e+00
1.067388021187636982e+00 1.000000000000000000e+00
1.102538791215052161e+00 1.000000000000000000e+00
1.185854846541666285e+00 1.000000000000000000e+00
1.235090285879643535e+00 1.000000000000000000e+00
1.265444262335070347e+00 1.000000000000000000e+00
1.320886073123096471e+00 1.000000000000000000e+00
1.358332154581594731e+00 1.000000000000000000e+00
1.386591877315465959e+00 1.000000000000000000e+00
1.394808425882346548e+00 1.000000000000000000e+00
1.431685756863559034e+00 1.000000000000000000e+00
1.495555997703533313e+00 1.000000000000000000e+00
1.517732377974676528e+00 1.000000000000000000e+00
1.533246079510313109e+00 1.000000000000000000e+00
1.606429254882662860e+00 1.000000000000000000e+00
1.622802863747309532e+00 1.000000000000000000e+00
1.655703754404764583e+00 1.000000000000000000e+00
1.704807635124080178e+00 1.000000000000000000e+00
1.727617968766565149e+00 1.000000000000000000e+00
1.744802516654391900e+00 1.000000000000000000e+00
1.780377860547225799e+00 1.000000000000000000e+00
1.831790497861494060e+00 1.000000000000000000e+00
1.910886948437890531e+00 1.000000000000000000e+00
1.929725834715100508e+00 1.000000000000000000e+00
1.966322881956486857e+00 1.000000000000000000e+00
2.001307038870792532e+00 1.000000000000000000e+00
2.056016008963101882e+00 1.000000000000000000e+00
2.074607125536001018e+00 1.000000000000000000e+00
2.101673765332757515e+00 1.000000000000000000e+00
2.149278132551915910e+00 1.000000000000000000e+00
2.180473732838291046e+00 1.000000000000000000e+00
2.224673902449080476e+00 1.000000000000000000e+00
2.264275668782493867e+00 1.000000000000000000e+00
2.301617275672018348e+00 1.000000000000000000e+00
2.307421341975585793e+00 1.000000000000000000e+00
2.345096329108122379e+00 1.000000000000000000e+00
2.382136848226477976e+00 1.000000000000000000e+00
2.416813091651371703e+00 1.000000000000000000e+00
2.426528140923941645e+00 1.000000000000000000e+00
2.485807798885319553e+00 1.000000000000000000e+00
2.526614698324022967e+00 1.000000000000000000e+00
2.535663209559666065e+00 1.000000000000000000e+00
2.562829214990075322e+00 1.000000000000000000e+00
2.621085649474125034e+00 1.000000000000000000e+00
2.677729218960611224e+00 1.000000000000000000e+00
2.688196264703160310e+00 1.000000000000000000e+00
2.722556259944836743e+00 1.000000000000000000e+00
2.780611937960486113e+00 1.000000000000000000e+00
2.814844216483233019e+00 1.000000000000000000e+00
2.835326550218084662e+00 1.000000000000000000e+00
2.907352363038484100e+00 1.000000000000000000e+00
2.944870910580200452e+00 1.000000000000000000e+00
2.981426036982791405e+00 1.000000000000000000e+00
3.016835479770337614e+00 1.000000000000000000e+00
3.097111963812241076e+00 1.000000000000000000e+00
3.101405607920313390e+00 1.000000000000000000e+00
3.180722298725525032e+00 1.000000000000000000e+00
3.225099031819567585e+00 1.000000000000000000e+00
3.301773190654103907e+00 1.000000000000000000e+00
3.345937640016546144e+00 1.000000000000000000e+00
3.408989523885411099e+00 1.000000000000000000e+00
3.470638730250718673e+00 1.000000000000000000e+00
3.489038904425196375e+00 1.000000000000000000e+00
3.533311933453120446e+00 1.000000000000000000e+00
3.605261715391742339e+00 1.000000000000000000e+00
3.633774509988295431e+00 1.000000000000000000e+00
3.657417888061635036e+00 1.000000000000000000e+00
3.676707894418074662e+00 1.000000000000000000e+00
3.722784070763467401e+00 1.000000000000000000e+00
3.738445853718578071e+00 1.000000000000000000e+00
3.806458671605941202e+00 1.000000000000000000e+00
3.862847892444884135e+00 1.000000000000000000e+00
3.914351882860946041e+00 1.000000000000000000e+00
3.954742012566958564e+00 1.000000000000000000e+00
3.983743055959231061e+00 1.000000000000000000e+00
4.063523153757073736e+00 1.000000000000000000e+00
4.133928495074226994e+00 1.000000000000000000e+00
4.153218707645143226e+00 1.000000000000000000e+00
4.193256934730413832e+00 1.000000000000000000e+00
4.279853751758468050e+00 1.000000000000000000e+00
4.287412734982035900e+00 1.000000000000000000e+00
4.385687178418255172e+00 1.000000000000000000e+00
4.399611477062191689e+00 1.000000000000000000e+00
4.449737898043996331e+00 1.000000000000000000e+00
4.520894442487513487e+00 1.000000000000000000e+00
4.537633343825682175e+00 1.000000000000000000e+00
4.616002351471646392e+00 1.000000000000000000e+00
4.633475379754265155e+00 1.000000000000000000e+00
4.716207278087539478e+00 1.000000000000000000e+00
4.746676347484041436e+00 1.000000000000000000e+00
4.803804382835854092e+00 1.000000000000000000e+00
4.837500640366636517e+00 1.000000000000000000e+00
4.967270248615541561e+00 1.000000000000000000e+00
5.020904654058295336e+00 1.000000000000000000e+00
5.070346903170325881e+00 1.000000000000000000e+00
5.151100110972446799e+00 1.000000000000000000e+00
5.257294960186923660e+00 1.000000000000000000e+00
5.322735075766932944e+00 1.000000000000000000e+00
5.418396235549151285e+00 1.000000000000000000e+00
5.464361396552232186e+00 1.000000000000000000e+00
5.519613392827589671e+00 1.000000000000000000e+00
5.614704656926517323e+00 1.000000000000000000e+00
5.665820486916848253e+00 1.000000000000000000e+00
5.762796402614306146e+00 1.000000000000000000e+00
5.838128337264290479e+00 1.000000000000000000e+00
5.884873758207840311e+00 1.000000000000000000e+00
6.044228856222088275e+00 1.000000000000000000e+00
6.089278171377537241e+00 1.000000000000000000e+00
6.170952850386854038e+00 1.000000000000000000e+00
6.298929828241571549e+00 1.000000000000000000e+00
6.359230303736763901e+00 1.000000000000000000e+00
6.440788603788603517e+00 1.000000000000000000e+00
6.722231696655106781e+00 1.000000000000000000e+00
6.842519781933087408e+00 1.000000000000000000e+00
6.901412752125302141e+00 1.000000000000000000e+00
7.146442584909838303e+00 1.000000000000000000e+00
7.216816947898160528e+00 1.000000000000000000e+00
7.483969022924420678e+00 1.000000000000000000e+00
7.790149437710804037e+00 1.000000000000000000e+00
7.997886291953674842e+00 1.000000000000000000e+00
8.682678740627522984e+00 1.000000000000000000e+00
9.205866055957304894e+00 1.000000000000000000e+00
-6.217082925540517557e+00 0.000000000000000000e+00
-5.275131121625729058e+00 0.000000000000000000e+00
-4.607117261966328314e+00 0.000000000000000000e+00
-4.298373267999047620e+00 0.000000000000000000e+00
-3.982510244353560047e+00 0.000000000000000000e+00
-3.626499106914554904e+00 0.000000000000000000e+00
-3.208950804684798097e+00 0.000000000000000000e+00
-3.070104392038932595e+00 0.000000000000000000e+00
-2.782089043349145197e+00 0.000000000000000000e+00
-2.647024260823920283e+00 0.000000000000000000e+00
-2.490460975617115214e+00 0.000000000000000000e+00
-2.469983795555720896e+00 0.000000000000000000e+00
-2.399723732724487579e+00 0.000000000000000000e+00
-2.290862103062196287e+00 0.000000000000000000e+00
-2.106468816516752884e+00 0.000000000000000000e+00
-1.867834697530763588e+00 0.000000000000000000e+00
-1.709543899071513495e+00 0.000000000000000000e+00
-1.672339119120930251e+00 0.000000000000000000e+00
-1.469435807683982187e+00 0.000000000000000000e+00
-1.270251376828895440e+00 0.000000000000000000e+00
-1.046124768937475302e+00 0.000000000000000000e+00
-9.699709766358084462e-01 0.000000000000000000e+00
-8.731214297307238192e-01 0.000000000000000000e+00
-7.842838098556973447e-01 0.000000000000000000e+00
-7.417750419993711652e-01 0.000000000000000000e+00
-6.514016447310008173e-01 0.000000000000000000e+00
-3.773289293516666199e-01 0.000000000000000000e+00
-2.777401738503711415e-01 0.000000000000000000e+00
-2.680242686181378842e-01 0.000000000000000000e+00
-1.184028342440270193e-01 0.000000000000000000e+00
-1.457685842039258169e-02 0.000000000000000000e+00
1.619441453395594199e-01 0.000000000000000000e+00
1.692155439831321273e-01 0.000000000000000000e+00
3.875452498533600298e-01 0.000000000000000000e+00
4.644927161364245105e-01 0.000000000000000000e+00
5.771606702157155988e-01 0.000000000000000000e+00
6.500849183016428334e-01 0.000000000000000000e+00
7.004411705866032678e-01 0.000000000000000000e+00
7.714084753647485471e-01 0.000000000000000000e+00
8.224433206809489416e-01 0.000000000000000000e+00
8.889273354667278637e-01 0.000000000000000000e+00
1.091194280403662953e+00 0.000000000000000000e+00
1.206518588506096057e+00 0.000000000000000000e+00
1.267853065192923845e+00 0.000000000000000000e+00
1.350550258401620463e+00 0.000000000000000000e+00
1.520171775401725434e+00 0.000000000000000000e+00
1.601301839898085833e+00 0.000000000000000000e+00
1.762840354209626925e+00 0.000000000000000000e+00
1.837303190661808694e+00 0.000000000000000000e+00
1.930394892491008596e+00 0.000000000000000000e+00
1.957669209689314460e+00 0.000000000000000000e+00
2.070119179386296082e+00 0.000000000000000000e+00
2.130595412105458220e+00 0.000000000000000000e+00
2.187087707633345701e+00 0.000000000000000000e+00
2.289921318169847009e+00 0.000000000000000000e+00
2.492773266921643138e+00 0.000000000000000000e+00
2.526427037421543620e+00 0.000000000000000000e+00
2.609193126929398865e+00 0.000000000000000000e+00
2.650774785863492244e+00 0.000000000000000000e+00
2.690870041686213465e+00 0.000000000000000000e+00
2.855769561678366930e+00 0.000000000000000000e+00
2.940019754659311868e+00 0.000000000000000000e+00
3.127779080556437830e+00 0.000000000000000000e+00
3.255582859693327613e+00 0.000000000000000000e+00
3.413229325527171731e+00 0.000000000000000000e+00
3.607882220146353180e+00 0.000000000000000000e+00
3.629626261507670648e+00 0.000000000000000000e+00
3.678348933321797354e+00 0.000000000000000000e+00
3.730626227345821277e+00 0.000000000000000000e+00
3.896922796395738242e+00 0.000000000000000000e+00
4.016560266688866676e+00 0.000000000000000000e+00
4.048963201827686653e+00 0.000000000000000000e+00
4.204584601484227413e+00 0.000000000000000000e+00
4.351016345488378789e+00 0.000000000000000000e+00
4.453459168204124907e+00 0.000000000000000000e+00
4.610645864241362801e+00 0.000000000000000000e+00
4.637146515333497199e+00 0.000000000000000000e+00
4.923932599772693486e+00 0.000000000000000000e+00
5.066956990834306396e+00 0.000000000000000000e+00
5.190106838374677345e+00 0.000000000000000000e+00
5.320918594742282792e+00 0.000000000000000000e+00
5.466553908290535446e+00 0.000000000000000000e+00
5.799943564836089749e+00 0.000000000000000000e+00
6.032414893269315570e+00 0.000000000000000000e+00
6.196950646237831428e+00 0.000000000000000000e+00
6.641797684657031020e+00 0.000000000000000000e+00
6.760155968203283017e+00 0.000000000000000000e+00
7.054107332478759318e+00 0.000000000000000000e+00
7.400512196660716135e+00 0.000000000000000000e+00
7.896575935915625344e+00 0.000000000000000000e+00
8.608224474108226332e+00 0.000000000000000000e+00
