# Runtime: 13.535965919494629
-1.999999999999999112e+00 5.000000000000000000e+00
-3.379878123384211897e+00 4.000000000000000000e+00
-1.291366890235567277e+00 4.000000000000000000e+00
-2.489758560502067508e-01 4.000000000000000000e+00
9.202208696699887280e-01 4.000000000000000000e+00
-4.034565781538475449e+00 3.000000000000000000e+00
-2.555684255733748689e+00 3.000000000000000000e+00
-1.752900354816875783e+00 3.000000000000000000e+00
-8.786434281213834074e-01 3.000000000000000000e+00
-4.624950128471616573e-01 3.000000000000000000e+00
3.601431605493125576e-01 3.000000000000000000e+00
7.966521746842488705e-01 3.000000000000000000e+00
9.999999999999996669e-01 3.000000000000000000e+00
2.550168417773841512e+00 3.000000000000000000e+00
2.977325080050245543e+00 3.000000000000000000e+00
-4.338950883403192904e+00 2.000000000000000000e+00
-2.783935844242341417e+00 2.000000000000000000e+00
-1.839716947828400562e+00 2.000000000000000000e+00
-1.422127917670822805e+00 2.000000000000000000e+00
-9.975378435640498420e-01 2.000000000000000000e+00
-5.858997898174059804e-01 2.000000000000000000e+00
2.056886101294485569e-01 2.000000000000000000e+00
6.231017135580777522e-01 2.000000000000000000e+00
9.999999999999977796e-01 2.000000000000000000e+00
1.214147326779274394e+00 2.000000000000000000e+00
1.862658024636069332e+00 2.000000000000000000e+00
2.095959212441880659e+00 2.000000000000000000e+00
2.767389938033224084e+00 2.000000000000000000e+00
3.534592202766721147e+00 2.000000000000000000e+00
4.664632198181517531e+00 2.000000000000000000e+00
-4.505989196128143526e+00 1.000000000000000000e+00
-2.937427792549842209e+00 1.000000000000000000e+00
-1.737045745404870667e+00 1.000000000000000000e+00
-1.237834997440124152e+00 1.000000000000000000e+00
-7.049012149973794550e-01 1.000000000000000000e+00
3.762811701792354024e-02 1.000000000000000000e+00
6.896051688649037503e-01 1.000000000000000000e+00
9.999999999999998890e-01 1.000000000000000000e+00
1.029858165196501973e+00 1.000000000000000000e+00
1.910588188923242114e+00 1.000000000000000000e+00
2.473590130125681075e+00 1.000000000000000000e+00
2.966009436902216745e+00 1.000000000000000000e+00
3.375940139024138809e+00 1.000000000000000000e+00
4.093433302877072855e+00 1.000000000000000000e+00
5.546546297588673013e+00 1.000000000000000000e+00
-3.005630314018118643e+00 0.000000000000000000e+00
-1.292242533828390716e+00 0.000000000000000000e+00
5.651542392798029057e-01 0.000000000000000000e+00
2.138288602925272119e+00 0.000000000000000000e+00
2.912078112178773104e+00 0.000000000000000000e+00
4.682351893462660009e+00 0.000000000000000000e+00
