# Runtime: 11.518682956695557
-9.999999999999996669e-01 4.000000000000000000e+00
-2.709275359436923214e+00 3.000000000000000000e+00
-1.939365664746296736e-01 3.000000000000000000e+00
1.903211925911551861e+00 3.000000000000000000e+00
-3.601776186836083138e+00 2.000000000000000000e+00
-1.744027096717842396e+00 2.000000000000000000e+00
-6.679424964215947835e-02 2.000000000000000000e+00
6.514612973989939437e-01 2.000000000000000000e+00
1.890272927474684783e+00 2.000000000000000000e+00
3.870863308322405771e+00 2.000000000000000000e+00
-2.136581521348509316e+00 1.000000000000000000e+00
-6.180339887498946805e-01 1.000000000000000000e+00
-2.405659196071443517e-01 1.000000000000000000e+00
1.240565919607143686e+00 1.000000000000000000e+00
1.618033988749894014e+00 1.000000000000000000e+00
3.136581521348508872e+00 1.000000000000000000e+00
-9.999999999999995559e-01 0.000000000000000000e+00
1.000000000000000222e+00 0.000000000000000000e+00
1.999999999999998890e+00 0.000000000000000000e+00
