# Runtime: 16.165905714035034
-2.999999999999999112e+00 6.000000000000000000e+00
-4.376078978288510335e+00 5.000000000000000000e+00
-2.595187944212084652e+00 5.000000000000000000e+00
-1.404812055787912017e+00 5.000000000000000000e+00
-9.999999999999986677e-01 5.000000000000000000e+00
3.760789782885140542e-01 5.000000000000000000e+00
-5.017368660345345788e+00 4.000000000000000000e+00
-3.876987263959727592e+00 4.000000000000000000e+00
-2.846225930768648826e+00 4.000000000000000000e+00
-2.547763892122961948e+00 4.000000000000000000e+00
-2.162222548286973467e+00 4.000000000000000000e+00
-1.307480075266596486e+00 4.000000000000000000e+00
-9.999999999999996669e-01 4.000000000000000000e+00
-6.632457071574294760e-01 4.000000000000000000e+00
-3.326383271034021316e-01 4.000000000000000000e+00
-7.331237819264321831e-02 4.000000000000000000e+00
5.992051378966422037e-01 4.000000000000000000e+00
9.095755038005758353e-01 4.000000000000000000e+00
1.486705273432000096e+00 4.000000000000000000e+00
2.105527687480822863e+00 4.000000000000000000e+00
2.726231180593702064e+00 4.000000000000000000e+00
-5.309429951484368360e+00 3.000000000000000000e+00
-4.276089505892903375e+00 3.000000000000000000e+00
-3.295829591995386831e+00 3.000000000000000000e+00
-2.909916186180345310e+00 3.000000000000000000e+00
-2.789205635612384881e+00 3.000000000000000000e+00
-2.108427983543471385e+00 3.000000000000000000e+00
-1.900704262707951342e+00 3.000000000000000000e+00
-1.708253034907169177e+00 3.000000000000000000e+00
-1.624625383264894696e+00 3.000000000000000000e+00
-9.545123276664670975e-01 3.000000000000000000e+00
-7.749516638926294831e-01 3.000000000000000000e+00
-7.216535594129479536e-01 3.000000000000000000e+00
-3.763479393536943163e-01 3.000000000000000000e+00
-2.118593987496626696e-01 3.000000000000000000e+00
2.250098469758496367e-01 3.000000000000000000e+00
4.570865341665101833e-01 3.000000000000000000e+00
4.953864804985333437e-01 3.000000000000000000e+00
7.794028467852422981e-01 3.000000000000000000e+00
8.871260960284353958e-01 3.000000000000000000e+00
1.130534891831016742e+00 3.000000000000000000e+00
1.442371430170378277e+00 3.000000000000000000e+00
1.786152221970295217e+00 3.000000000000000000e+00
2.041860619389669118e+00 3.000000000000000000e+00
2.357467406061318549e+00 3.000000000000000000e+00
2.695260678028799983e+00 3.000000000000000000e+00
2.957348818760123788e+00 3.000000000000000000e+00
3.347689354098722703e+00 3.000000000000000000e+00
3.825485376449863306e+00 3.000000000000000000e+00
4.533623823449525858e+00 3.000000000000000000e+00
-5.481483502288236664e+00 2.000000000000000000e+00
-4.472557340177444551e+00 2.000000000000000000e+00
-3.526022613827410890e+00 2.000000000000000000e+00
-3.053231049264411467e+00 2.000000000000000000e+00
-2.672922971546816573e+00 2.000000000000000000e+00
-2.433428171276684093e+00 2.000000000000000000e+00
-2.155673694984477251e+00 2.000000000000000000e+00
-1.861413027303139289e+00 2.000000000000000000e+00
-1.376393261259143852e+00 2.000000000000000000e+00
-1.278359044601641070e+00 2.000000000000000000e+00
-1.118376203157907867e+00 2.000000000000000000e+00
-9.468342343326213717e-01 2.000000000000000000e+00
-8.434905638021854557e-01 2.000000000000000000e+00
-7.733303852057882288e-01 2.000000000000000000e+00
-3.483430395221332465e-01 2.000000000000000000e+00
-1.023108259727099068e-01 2.000000000000000000e+00
1.593496871636479739e-01 2.000000000000000000e+00
3.423925242315189466e-01 2.000000000000000000e+00
4.434249267738934464e-01 2.000000000000000000e+00
4.882333520764212120e-01 2.000000000000000000e+00
7.179543007922027931e-01 2.000000000000000000e+00
9.053828883090350166e-01 2.000000000000000000e+00
9.755010869155246178e-01 2.000000000000000000e+00
1.283022181683402430e+00 2.000000000000000000e+00
1.476703359925113368e+00 2.000000000000000000e+00
1.631551383519471488e+00 2.000000000000000000e+00
1.829322870059746586e+00 2.000000000000000000e+00
1.998024340078180972e+00 2.000000000000000000e+00
2.251690375144209888e+00 2.000000000000000000e+00
2.493271673387051468e+00 2.000000000000000000e+00
2.654892132484747869e+00 2.000000000000000000e+00
2.693145898149837514e+00 2.000000000000000000e+00
2.888020780465297754e+00 2.000000000000000000e+00
3.393840022494275299e+00 2.000000000000000000e+00
3.974801136265889046e+00 2.000000000000000000e+00
3.992810523740720985e+00 2.000000000000000000e+00
4.342408133448675045e+00 2.000000000000000000e+00
4.441234188123342363e+00 2.000000000000000000e+00
5.219851745884241723e+00 2.000000000000000000e+00
5.847340417406293511e+00 2.000000000000000000e+00
-4.576900661083731059e+00 1.000000000000000000e+00
-3.593336086450875211e+00 1.000000000000000000e+00
-3.133521014784730330e+00 1.000000000000000000e+00
-2.617342613365218451e+00 1.000000000000000000e+00
-2.487817812884255186e+00 1.000000000000000000e+00
-1.991760446548972663e+00 1.000000000000000000e+00
-1.533480838775796995e+00 1.000000000000000000e+00
-1.406513685266765235e+00 1.000000000000000000e+00
-1.151404990419766516e+00 1.000000000000000000e+00
-9.054930689103710684e-01 1.000000000000000000e+00
-5.695251091570885382e-01 1.000000000000000000e+00
-4.987922841206438584e-01 1.000000000000000000e+00
-1.667114404541429895e-01 1.000000000000000000e+00
1.559462964280494690e-02 1.000000000000000000e+00
1.737776330254352797e-01 1.000000000000000000e+00
6.056794142114870771e-01 1.000000000000000000e+00
7.040049044203632311e-01 1.000000000000000000e+00
8.607807643363001304e-01 1.000000000000000000e+00
9.976024416760083113e-01 1.000000000000000000e+00
1.147485287695088507e+00 1.000000000000000000e+00
1.441647275250918181e+00 1.000000000000000000e+00
1.791094519938881247e+00 1.000000000000000000e+00
1.848689749606662991e+00 1.000000000000000000e+00
2.221762179937035508e+00 1.000000000000000000e+00
2.375975940859166080e+00 1.000000000000000000e+00
2.573346395691812116e+00 1.000000000000000000e+00
2.759030473705862629e+00 1.000000000000000000e+00
2.952925291422940024e+00 1.000000000000000000e+00
3.280812930622940993e+00 1.000000000000000000e+00
3.717717964863322067e+00 1.000000000000000000e+00
3.909631150921488718e+00 1.000000000000000000e+00
4.361710152708044852e+00 1.000000000000000000e+00
4.911108642560295223e+00 1.000000000000000000e+00
5.157765888766462581e+00 1.000000000000000000e+00
6.094033709535363386e+00 1.000000000000000000e+00
6.730422710823676269e+00 1.000000000000000000e+00
-3.628507558278051714e+00 0.000000000000000000e+00
-2.687626214164657856e+00 0.000000000000000000e+00
-1.322789333847543825e+00 0.000000000000000000e+00
-9.517384952762304451e-01 0.000000000000000000e+00
-5.613606823165004922e-01 0.000000000000000000e+00
-3.575909618037008686e-01 0.000000000000000000e+00
5.457173400056344326e-01 0.000000000000000000e+00
8.257992685651887044e-01 0.000000000000000000e+00
1.407178629355033461e+00 0.000000000000000000e+00
2.357456606631699092e+00 0.000000000000000000e+00
2.467116978019581630e+00 0.000000000000000000e+00
3.742400491149189268e+00 0.000000000000000000e+00
4.197045462225783119e+00 0.000000000000000000e+00
4.825051544595657660e+00 0.000000000000000000e+00
7.141846925138912283e+00 0.000000000000000000e+00
