# Runtime: 16.666582345962524
-2.999999999999999112e+00 6.000000000000000000e+00
-4.376078978288510335e+00 5.000000000000000000e+00
-2.595187944212085096e+00 5.000000000000000000e+00
-1.404812055787912906e+00 5.000000000000000000e+00
-1.000000000000000000e+00 5.000000000000000000e+00
3.760789782885147758e-01 5.000000000000000000e+00
-5.017368660345347564e+00 4.000000000000000000e+00
-3.876987263959730701e+00 4.000000000000000000e+00
-2.846225930768650603e+00 4.000000000000000000e+00
-2.547763892122963725e+00 4.000000000000000000e+00
-2.162222548286974355e+00 4.000000000000000000e+00
-1.307480075266596042e+00 4.000000000000000000e+00
-9.999999999999994449e-01 4.000000000000000000e+00
-6.632457071574304752e-01 4.000000000000000000e+00
-3.326383271034022981e-01 4.000000000000000000e+00
-7.331237819264352362e-02 4.000000000000000000e+00
5.992051378966425368e-01 4.000000000000000000e+00
9.095755038005753912e-01 4.000000000000000000e+00
1.486705273431998320e+00 4.000000000000000000e+00
2.105527687480822863e+00 4.000000000000000000e+00
2.726231180593704284e+00 4.000000000000000000e+00
-5.309429951484379018e+00 3.000000000000000000e+00
-4.276089505892898046e+00 3.000000000000000000e+00
-3.295829591995384167e+00 3.000000000000000000e+00
-2.909916186180352859e+00 3.000000000000000000e+00
-2.789205635612379552e+00 3.000000000000000000e+00
-2.108427983543474049e+00 3.000000000000000000e+00
-1.900704262707954895e+00 3.000000000000000000e+00
-1.708253034907170065e+00 3.000000000000000000e+00
-1.624625383264895806e+00 3.000000000000000000e+00
-9.545123276664673195e-01 3.000000000000000000e+00
-7.749516638926290391e-01 3.000000000000000000e+00
-7.216535594129468434e-01 3.000000000000000000e+00
-3.763479393536944828e-01 3.000000000000000000e+00
-2.118593987496625308e-01 3.000000000000000000e+00
2.250098469758492759e-01 3.000000000000000000e+00
4.570865341665100723e-01 3.000000000000000000e+00
4.953864804985328441e-01 3.000000000000000000e+00
7.794028467852418540e-01 3.000000000000000000e+00
8.871260960284348407e-01 3.000000000000000000e+00
1.130534891831016520e+00 3.000000000000000000e+00
1.442371430170380719e+00 3.000000000000000000e+00
1.786152221970295217e+00 3.000000000000000000e+00
2.041860619389666898e+00 3.000000000000000000e+00
2.357467406061318105e+00 3.000000000000000000e+00
2.695260678028805756e+00 3.000000000000000000e+00
2.957348818760125564e+00 3.000000000000000000e+00
3.347689354098720038e+00 3.000000000000000000e+00
3.825485376449856645e+00 3.000000000000000000e+00
4.533623823449526746e+00 3.000000000000000000e+00
-5.481483502288239329e+00 2.000000000000000000e+00
-4.472557340177434781e+00 2.000000000000000000e+00
-3.526022613827408225e+00 2.000000000000000000e+00
-3.053231049264409247e+00 2.000000000000000000e+00
-2.672922971546815685e+00 2.000000000000000000e+00
-2.433428171276684093e+00 2.000000000000000000e+00
-2.155673694984482136e+00 2.000000000000000000e+00
-1.861413027303140844e+00 2.000000000000000000e+00
-1.376393261259143852e+00 2.000000000000000000e+00
-1.278359044601639738e+00 2.000000000000000000e+00
-1.118376203157907645e+00 2.000000000000000000e+00
-9.468342343326168198e-01 2.000000000000000000e+00
-8.434905638021850116e-01 2.000000000000000000e+00
-7.733303852057878958e-01 2.000000000000000000e+00
-3.483430395221341902e-01 2.000000000000000000e+00
-1.023108259727104480e-01 2.000000000000000000e+00
1.593496871636483625e-01 2.000000000000000000e+00
3.423925242315197792e-01 2.000000000000000000e+00
4.434249267738933908e-01 2.000000000000000000e+00
4.882333520764218782e-01 2.000000000000000000e+00
7.179543007922031261e-01 2.000000000000000000e+00
9.053828883090347945e-01 2.000000000000000000e+00
9.755010869155252839e-01 2.000000000000000000e+00
1.283022181683402652e+00 2.000000000000000000e+00
1.476703359925114922e+00 2.000000000000000000e+00
1.631551383519471488e+00 2.000000000000000000e+00
1.829322870059747697e+00 2.000000000000000000e+00
1.998024340078182082e+00 2.000000000000000000e+00
2.251690375144210776e+00 2.000000000000000000e+00
2.493271673387051024e+00 2.000000000000000000e+00
2.654892132484747869e+00 2.000000000000000000e+00
2.693145898149839290e+00 2.000000000000000000e+00
2.888020780465293313e+00 2.000000000000000000e+00
3.393840022494278852e+00 2.000000000000000000e+00
3.974801136265889046e+00 2.000000000000000000e+00
3.992810523740722761e+00 2.000000000000000000e+00
4.342408133448679486e+00 2.000000000000000000e+00
4.441234188123341475e+00 2.000000000000000000e+00
5.219851745884233729e+00 2.000000000000000000e+00
5.847340417406283741e+00 2.000000000000000000e+00
-4.576900661083724842e+00 1.000000000000000000e+00
-3.593336086450874323e+00 1.000000000000000000e+00
-3.133521014784735659e+00 1.000000000000000000e+00
-2.617342613365215342e+00 1.000000000000000000e+00
-2.487817812884259183e+00 1.000000000000000000e+00
-1.991760446548970442e+00 1.000000000000000000e+00
-1.533480838775799882e+00 1.000000000000000000e+00
-1.406513685266762126e+00 1.000000000000000000e+00
-1.151404990419768293e+00 1.000000000000000000e+00
-9.054930689103707353e-01 1.000000000000000000e+00
-5.695251091570893154e-01 1.000000000000000000e+00
-4.987922841206454683e-01 1.000000000000000000e+00
-1.667114404541427120e-01 1.000000000000000000e+00
1.559462964280508394e-02 1.000000000000000000e+00
1.737776330254350299e-01 1.000000000000000000e+00
6.056794142114878543e-01 1.000000000000000000e+00
7.040049044203618989e-01 1.000000000000000000e+00
8.607807643363003525e-01 1.000000000000000000e+00
9.976024416760066460e-01 1.000000000000000000e+00
1.147485287695087397e+00 1.000000000000000000e+00
1.441647275250918625e+00 1.000000000000000000e+00
1.791094519938881469e+00 1.000000000000000000e+00
1.848689749606663657e+00 1.000000000000000000e+00
2.221762179937035064e+00 1.000000000000000000e+00
2.375975940859167856e+00 1.000000000000000000e+00
2.573346395691813893e+00 1.000000000000000000e+00
2.759030473705864406e+00 1.000000000000000000e+00
2.952925291422940468e+00 1.000000000000000000e+00
3.280812930622932999e+00 1.000000000000000000e+00
3.717717964863322955e+00 1.000000000000000000e+00
3.909631150921483833e+00 1.000000000000000000e+00
4.361710152708046628e+00 1.000000000000000000e+00
4.911108642560287230e+00 1.000000000000000000e+00
5.157765888766462581e+00 1.000000000000000000e+00
6.094033709535363386e+00 1.000000000000000000e+00
6.730422710823681598e+00 1.000000000000000000e+00
-3.628507558278049050e+00 0.000000000000000000e+00
-2.687626214164659189e+00 0.000000000000000000e+00
-1.322789333847543380e+00 0.000000000000000000e+00
-9.517384952762302230e-01 0.000000000000000000e+00
-5.613606823165010473e-01 0.000000000000000000e+00
-3.575909618037009796e-01 0.000000000000000000e+00
5.457173400056345436e-01 0.000000000000000000e+00
8.257992685651882603e-01 0.000000000000000000e+00
1.407178629355034127e+00 0.000000000000000000e+00
2.357456606631696427e+00 0.000000000000000000e+00
2.467116978019581186e+00 0.000000000000000000e+00
3.742400491149188380e+00 0.000000000000000000e+00
4.197045462225782231e+00 0.000000000000000000e+00
4.825051544595660324e+00 0.000000000000000000e+00
7.141846925138908730e+00 0.000000000000000000e+00
