# Runtime: 11.504379510879517
-9.999999999999992228e-01 4.000000000000000000e+00
-2.414213562373093591e+00 3.000000000000000000e+00
4.142135623730950345e-01 3.000000000000000000e+00
9.999999999999998890e-01 3.000000000000000000e+00
-3.119026675525918169e+00 2.000000000000000000e+00
-9.999999999999994449e-01 2.000000000000000000e+00
-6.180339887498947915e-01 2.000000000000000000e+00
1.431627113789746497e+00 2.000000000000000000e+00
1.618033988749894014e+00 2.000000000000000000e+00
2.687399561736173226e+00 2.000000000000000000e+00
-3.443730914786610864e+00 1.000000000000000000e+00
-9.108496644992704061e-01 1.000000000000000000e+00
-7.912878474779196925e-01 1.000000000000000000e+00
1.220764214599071584e+00 1.000000000000000000e+00
3.133816364686808686e+00 1.000000000000000000e+00
3.791287847477921247e+00 1.000000000000000000e+00
-3.584876590248184058e+00 0.000000000000000000e+00
1.126119512816899704e+00 0.000000000000000000e+00
4.458757077431283911e+00 0.000000000000000000e+00
