# Runtime: 24.762505531311035
-4.999999999999997335e+00 8.000000000000000000e+00
-6.334414218338974223e+00 7.000000000000000000e+00
-4.741963784302724250e+00 7.000000000000000000e+00
-4.414213562373091371e+00 7.000000000000000000e+00
-3.258036215697271754e+00 7.000000000000000000e+00
-2.999999999999997780e+00 7.000000000000000000e+00
-1.665585781661021558e+00 7.000000000000000000e+00
-1.585786437626904188e+00 7.000000000000000000e+00
-6.890920007535202174e+00 6.000000000000000000e+00
-5.995947357776229225e+00 6.000000000000000000e+00
-5.674823269370133261e+00 6.000000000000000000e+00
-4.682684577308020124e+00 6.000000000000000000e+00
-4.497864484476500557e+00 6.000000000000000000e+00
-4.461527746103921110e+00 6.000000000000000000e+00
-4.138700082166589134e+00 6.000000000000000000e+00
-3.807538630981386785e+00 6.000000000000000000e+00
-3.289287281408304953e+00 6.000000000000000000e+00
-3.254898867031441156e+00 6.000000000000000000e+00
-2.979860223523795426e+00 6.000000000000000000e+00
-2.797098093159215093e+00 6.000000000000000000e+00
-2.690424417244669186e+00 6.000000000000000000e+00
-2.488444848980640334e+00 6.000000000000000000e+00
-2.025090329064089811e+00 6.000000000000000000e+00
-2.015293383974116281e+00 6.000000000000000000e+00
-1.413345649302063967e+00 6.000000000000000000e+00
-1.284871325079520732e+00 6.000000000000000000e+00
-1.192639317352563122e+00 6.000000000000000000e+00
-1.113059384228478388e+00 6.000000000000000000e+00
-9.999999999999990008e-01 6.000000000000000000e+00
-4.860334945984456367e-01 6.000000000000000000e+00
-4.684670022727184802e-01 6.000000000000000000e+00
2.244465812308363561e-01 6.000000000000000000e+00
2.493594106239677144e-01 6.000000000000000000e+00
7.021162005365861880e-01 6.000000000000000000e+00
7.208506728625402316e-01 6.000000000000000000e+00
1.752046907684158938e+00 6.000000000000000000e+00
-7.113011801994472805e+00 5.000000000000000000e+00
-6.248817728604358912e+00 5.000000000000000000e+00
-6.101668695391072816e+00 5.000000000000000000e+00
-5.575224392513431049e+00 5.000000000000000000e+00
-5.263513159083670345e+00 5.000000000000000000e+00
-4.985676135407228315e+00 5.000000000000000000e+00
-4.798567645911168356e+00 5.000000000000000000e+00
-4.738502410664461983e+00 5.000000000000000000e+00
-4.177299878404305389e+00 5.000000000000000000e+00
-4.065370148407733808e+00 5.000000000000000000e+00
-4.041152574192957481e+00 5.000000000000000000e+00
-3.910991569166258675e+00 5.000000000000000000e+00
-3.823337107430885062e+00 5.000000000000000000e+00
-3.783313930251311685e+00 5.000000000000000000e+00
-3.541578469564748755e+00 5.000000000000000000e+00
-3.527775454854643833e+00 5.000000000000000000e+00
-3.508608614930989411e+00 5.000000000000000000e+00
-3.182835920826902587e+00 5.000000000000000000e+00
-3.000835726181088514e+00 5.000000000000000000e+00
-2.938591422744083470e+00 5.000000000000000000e+00
-2.821802592464895287e+00 5.000000000000000000e+00
-2.768070294316745450e+00 5.000000000000000000e+00
-2.716140362640039996e+00 5.000000000000000000e+00
-2.610612544851215411e+00 5.000000000000000000e+00
-2.593123117925596244e+00 5.000000000000000000e+00
-2.421637534720352924e+00 5.000000000000000000e+00
-2.412036870560303470e+00 5.000000000000000000e+00
-2.283270627385361795e+00 5.000000000000000000e+00
-2.167735746278071751e+00 5.000000000000000000e+00
-2.126816886212237634e+00 5.000000000000000000e+00
-1.908779339288663390e+00 5.000000000000000000e+00
-1.705305224858991497e+00 5.000000000000000000e+00
-1.655515749365688905e+00 5.000000000000000000e+00
-1.467478722854763662e+00 5.000000000000000000e+00
-1.413425619049668791e+00 5.000000000000000000e+00
-1.353719423534199162e+00 5.000000000000000000e+00
-1.348137639350037720e+00 5.000000000000000000e+00
-1.198750565547214153e+00 5.000000000000000000e+00
-1.167461609637433284e+00 5.000000000000000000e+00
-1.120715413838053731e+00 5.000000000000000000e+00
-1.052964419058416201e+00 5.000000000000000000e+00
-9.388603868145426468e-01 5.000000000000000000e+00
-9.129332774901316450e-01 5.000000000000000000e+00
-8.493648878981823191e-01 5.000000000000000000e+00
-7.475798225416772080e-01 5.000000000000000000e+00
-6.004519263238112803e-01 5.000000000000000000e+00
-5.509358832189770183e-01 5.000000000000000000e+00
-2.853823838810904956e-01 5.000000000000000000e+00
-1.177615038378787837e-01 5.000000000000000000e+00
-9.308418382666514002e-02 5.000000000000000000e+00
-6.405761778950413987e-02 5.000000000000000000e+00
-3.408543443504951503e-02 5.000000000000000000e+00
1.937809591300133361e-01 5.000000000000000000e+00
2.175005596419607445e-01 5.000000000000000000e+00
3.739992567484765607e-01 5.000000000000000000e+00
3.836980420457557495e-01 5.000000000000000000e+00
4.415944028507508556e-01 5.000000000000000000e+00
5.507020374357392001e-01 5.000000000000000000e+00
7.332740631215779459e-01 5.000000000000000000e+00
8.719928765142301863e-01 5.000000000000000000e+00
1.113325472918154091e+00 5.000000000000000000e+00
1.117333368672131844e+00 5.000000000000000000e+00
1.230803548091596866e+00 5.000000000000000000e+00
1.306689596916005947e+00 5.000000000000000000e+00
1.461030066073782940e+00 5.000000000000000000e+00
1.507630717705046530e+00 5.000000000000000000e+00
1.885531528952667957e+00 5.000000000000000000e+00
1.892628481918504635e+00 5.000000000000000000e+00
2.107072208851671125e+00 5.000000000000000000e+00
2.259431931098090374e+00 5.000000000000000000e+00
2.608799661258912828e+00 5.000000000000000000e+00
2.628363850760918830e+00 5.000000000000000000e+00
2.830120352704504683e+00 5.000000000000000000e+00
2.981139622350177820e+00 5.000000000000000000e+00
3.975916540725625392e+00 5.000000000000000000e+00
4.162311251835008719e+00 5.000000000000000000e+00
-7.252103235343177801e+00 4.000000000000000000e+00
-6.375596543603062827e+00 4.000000000000000000e+00
-6.294581485958150147e+00 4.000000000000000000e+00
-5.618368520513519648e+00 4.000000000000000000e+00
-5.461868570486398511e+00 4.000000000000000000e+00
-5.340861532511250509e+00 4.000000000000000000e+00
-5.075796229369299972e+00 4.000000000000000000e+00
-4.936794850387573597e+00 4.000000000000000000e+00
-4.857162894813746412e+00 4.000000000000000000e+00
-4.750426448112849087e+00 4.000000000000000000e+00
-4.588317241483916398e+00 4.000000000000000000e+00
-4.417432803765172444e+00 4.000000000000000000e+00
-4.309371993317800964e+00 4.000000000000000000e+00
-4.223036177956574377e+00 4.000000000000000000e+00
-4.143514679805246459e+00 4.000000000000000000e+00
-4.075498998456258626e+00 4.000000000000000000e+00
-3.847407933827306170e+00 4.000000000000000000e+00
-3.755338519779884976e+00 4.000000000000000000e+00
-3.718435620614434445e+00 4.000000000000000000e+00
-3.514928579506148676e+00 4.000000000000000000e+00
-3.406976224273139842e+00 4.000000000000000000e+00
-3.400722444344410622e+00 4.000000000000000000e+00
-3.358773287786658734e+00 4.000000000000000000e+00
-3.301387440240322046e+00 4.000000000000000000e+00
-3.227349824448261018e+00 4.000000000000000000e+00
-3.073618425649106811e+00 4.000000000000000000e+00
-3.062909241359002444e+00 4.000000000000000000e+00
-2.960112216521935569e+00 4.000000000000000000e+00
-2.944240294234950817e+00 4.000000000000000000e+00
-2.913660337509554221e+00 4.000000000000000000e+00
-2.869661341689522693e+00 4.000000000000000000e+00
-2.827254468924798481e+00 4.000000000000000000e+00
-2.808404698839102487e+00 4.000000000000000000e+00
-2.687386076693542680e+00 4.000000000000000000e+00
-2.686996496449194805e+00 4.000000000000000000e+00
-2.550410028636173276e+00 4.000000000000000000e+00
-2.479441561730369781e+00 4.000000000000000000e+00
-2.370139900027314450e+00 4.000000000000000000e+00
-2.322015122535214804e+00 4.000000000000000000e+00
-2.320428026890185791e+00 4.000000000000000000e+00
-2.191861242322672876e+00 4.000000000000000000e+00
-2.167283943992216688e+00 4.000000000000000000e+00
-2.069393223177255603e+00 4.000000000000000000e+00
-2.038886667022552057e+00 4.000000000000000000e+00
-2.014668823893959626e+00 4.000000000000000000e+00
-1.943013903986253510e+00 4.000000000000000000e+00
-1.884782593668495432e+00 4.000000000000000000e+00
-1.877859624928688520e+00 4.000000000000000000e+00
-1.729267672112932530e+00 4.000000000000000000e+00
-1.700136460741884070e+00 4.000000000000000000e+00
-1.568175690742774187e+00 4.000000000000000000e+00
-1.562612711110501262e+00 4.000000000000000000e+00
-1.531921175025027670e+00 4.000000000000000000e+00
-1.527343561669961103e+00 4.000000000000000000e+00
-1.510140559492962220e+00 4.000000000000000000e+00
-1.497245659113707106e+00 4.000000000000000000e+00
-1.441753918575553461e+00 4.000000000000000000e+00
-1.376180843381361818e+00 4.000000000000000000e+00
-1.262337523233348913e+00 4.000000000000000000e+00
-1.211838146571478037e+00 4.000000000000000000e+00
-1.118466729481408573e+00 4.000000000000000000e+00
-1.115882138723444328e+00 4.000000000000000000e+00
-1.041638408988854181e+00 4.000000000000000000e+00
-9.701863830593860927e-01 4.000000000000000000e+00
-9.680813856437783249e-01 4.000000000000000000e+00
-9.194283822776412318e-01 4.000000000000000000e+00
-8.425516021960057778e-01 4.000000000000000000e+00
-7.290948610045280276e-01 4.000000000000000000e+00
-7.194991211722113755e-01 4.000000000000000000e+00
-7.026678587749020100e-01 4.000000000000000000e+00
-6.603485192095512879e-01 4.000000000000000000e+00
-6.084175718458081361e-01 4.000000000000000000e+00
-5.334527175100117757e-01 4.000000000000000000e+00
-5.289901017162353947e-01 4.000000000000000000e+00
-5.189800262178554391e-01 4.000000000000000000e+00
-4.469261434942620737e-01 4.000000000000000000e+00
-3.573614014483988410e-01 4.000000000000000000e+00
-3.293713880744855160e-01 4.000000000000000000e+00
-2.819219269224215729e-01 4.000000000000000000e+00
-2.404482341844891569e-01 4.000000000000000000e+00
-2.216266933059598265e-01 4.000000000000000000e+00
-1.947175626165723039e-01 4.000000000000000000e+00
-1.034297848712325690e-01 4.000000000000000000e+00
-9.468046462261919816e-02 4.000000000000000000e+00
-9.263911462610066594e-02 4.000000000000000000e+00
-7.770459957642901483e-02 4.000000000000000000e+00
7.450821422611983436e-02 4.000000000000000000e+00
1.471536924654932299e-01 4.000000000000000000e+00
2.601853239279406371e-01 4.000000000000000000e+00
2.879725061799190966e-01 4.000000000000000000e+00
3.174687349208425435e-01 4.000000000000000000e+00
3.637325552491103009e-01 4.000000000000000000e+00
4.826641329337190145e-01 4.000000000000000000e+00
4.966176447593717569e-01 4.000000000000000000e+00
5.393140335193520318e-01 4.000000000000000000e+00
5.425432492383323035e-01 4.000000000000000000e+00
6.032040649380705499e-01 4.000000000000000000e+00
6.779892959115394468e-01 4.000000000000000000e+00
7.089383029845458539e-01 4.000000000000000000e+00
7.193071416803200613e-01 4.000000000000000000e+00
7.807813774526376482e-01 4.000000000000000000e+00
8.025733470301166239e-01 4.000000000000000000e+00
8.178745580186447262e-01 4.000000000000000000e+00
8.742940020502939502e-01 4.000000000000000000e+00
9.005066096821841004e-01 4.000000000000000000e+00
9.322208931007288646e-01 4.000000000000000000e+00
1.001242580536952920e+00 4.000000000000000000e+00
1.028651256719405271e+00 4.000000000000000000e+00
1.031966834324575588e+00 4.000000000000000000e+00
1.237651129884626888e+00 4.000000000000000000e+00
1.240850199055296699e+00 4.000000000000000000e+00
1.502885376739095280e+00 4.000000000000000000e+00
1.532156017364924239e+00 4.000000000000000000e+00
1.605438967220004898e+00 4.000000000000000000e+00
1.668594951699264195e+00 4.000000000000000000e+00
1.702417037731721594e+00 4.000000000000000000e+00
1.705784205714199198e+00 4.000000000000000000e+00
1.882395093020952981e+00 4.000000000000000000e+00
1.920715875764536840e+00 4.000000000000000000e+00
2.004845248992364048e+00 4.000000000000000000e+00
2.091189785322410177e+00 4.000000000000000000e+00
2.097493453791542173e+00 4.000000000000000000e+00
2.135166056987032324e+00 4.000000000000000000e+00
2.179241152230176226e+00 4.000000000000000000e+00
2.193942267465546436e+00 4.000000000000000000e+00
2.260565975074370737e+00 4.000000000000000000e+00
2.286394960071676863e+00 4.000000000000000000e+00
2.317132224009767594e+00 4.000000000000000000e+00
2.341094763741826235e+00 4.000000000000000000e+00
2.482100948911555971e+00 4.000000000000000000e+00
2.513603258578056110e+00 4.000000000000000000e+00
2.534341495966379920e+00 4.000000000000000000e+00
2.647217675913473123e+00 4.000000000000000000e+00
2.729265622481969800e+00 4.000000000000000000e+00
2.879397336041398692e+00 4.000000000000000000e+00
2.914616501008543192e+00 4.000000000000000000e+00
3.193455079663976903e+00 4.000000000000000000e+00
3.308456198588771713e+00 4.000000000000000000e+00
3.412990512784201957e+00 4.000000000000000000e+00
3.526052204566578308e+00 4.000000000000000000e+00
3.618837797182325122e+00 4.000000000000000000e+00
3.640627579119979362e+00 4.000000000000000000e+00
3.777408573020899496e+00 4.000000000000000000e+00
3.789205236172620950e+00 4.000000000000000000e+00
3.868384813543902290e+00 4.000000000000000000e+00
3.921255114957850285e+00 4.000000000000000000e+00
4.099485893928832780e+00 4.000000000000000000e+00
4.537380273872120284e+00 4.000000000000000000e+00
4.560061367837249691e+00 4.000000000000000000e+00
5.061376265480217462e+00 4.000000000000000000e+00
5.182424274097000350e+00 4.000000000000000000e+00
5.312575669402850309e+00 4.000000000000000000e+00
5.437603198383344605e+00 4.000000000000000000e+00
6.408159399487145080e+00 4.000000000000000000e+00
-7.346160010479286129e+00 3.000000000000000000e+00
-6.455348287293003473e+00 3.000000000000000000e+00
-6.411991081919839353e+00 3.000000000000000000e+00
-5.636590619347838782e+00 3.000000000000000000e+00
-5.527873156522913334e+00 3.000000000000000000e+00
-5.483569568644552916e+00 3.000000000000000000e+00
-5.070928659866877908e+00 3.000000000000000000e+00
-5.014848780642825687e+00 3.000000000000000000e+00
-4.869440908518781974e+00 3.000000000000000000e+00
-4.699449102424891223e+00 3.000000000000000000e+00
-4.520601880492340463e+00 3.000000000000000000e+00
-4.514885117316453922e+00 3.000000000000000000e+00
-4.488530049886778173e+00 3.000000000000000000e+00
-4.450917936420187182e+00 3.000000000000000000e+00
-4.365027337203414071e+00 3.000000000000000000e+00
-4.184166794326182881e+00 3.000000000000000000e+00
-4.139307012584009904e+00 3.000000000000000000e+00
-4.030839448538931613e+00 3.000000000000000000e+00
-3.865146097468342035e+00 3.000000000000000000e+00
-3.861532874337757715e+00 3.000000000000000000e+00
-3.751146422910004219e+00 3.000000000000000000e+00
-3.566781831708887296e+00 3.000000000000000000e+00
-3.547165754159984807e+00 3.000000000000000000e+00
-3.488744907505323400e+00 3.000000000000000000e+00
-3.433159741776368623e+00 3.000000000000000000e+00
-3.415517111271733519e+00 3.000000000000000000e+00
-3.393516855525845699e+00 3.000000000000000000e+00
-3.314654849418397387e+00 3.000000000000000000e+00
-3.173633964201640456e+00 3.000000000000000000e+00
-3.095080972655864571e+00 3.000000000000000000e+00
-3.078337434270943085e+00 3.000000000000000000e+00
-3.059747677577993041e+00 3.000000000000000000e+00
-2.939279766943908356e+00 3.000000000000000000e+00
-2.885074723053011603e+00 3.000000000000000000e+00
-2.833271167979192651e+00 3.000000000000000000e+00
-2.815741655492246309e+00 3.000000000000000000e+00
-2.792922542207778580e+00 3.000000000000000000e+00
-2.777036424622099542e+00 3.000000000000000000e+00
-2.673493609665248627e+00 3.000000000000000000e+00
-2.645894853310232886e+00 3.000000000000000000e+00
-2.627080705368069591e+00 3.000000000000000000e+00
-2.482901242494643945e+00 3.000000000000000000e+00
-2.438605301557911886e+00 3.000000000000000000e+00
-2.363972289343674316e+00 3.000000000000000000e+00
-2.356837676711555751e+00 3.000000000000000000e+00
-2.313687257657277119e+00 3.000000000000000000e+00
-2.286657640408956027e+00 3.000000000000000000e+00
-2.259833652253527170e+00 3.000000000000000000e+00
-2.188146080558920570e+00 3.000000000000000000e+00
-2.178262530220858029e+00 3.000000000000000000e+00
-2.136265215527154648e+00 3.000000000000000000e+00
-2.107439926732045610e+00 3.000000000000000000e+00
-2.047438301183399645e+00 3.000000000000000000e+00
-1.911961959459803850e+00 3.000000000000000000e+00
-1.896768608623720320e+00 3.000000000000000000e+00
-1.852580441847270887e+00 3.000000000000000000e+00
-1.822654270579906699e+00 3.000000000000000000e+00
-1.782687101462977930e+00 3.000000000000000000e+00
-1.744978734598366277e+00 3.000000000000000000e+00
-1.741830460920662516e+00 3.000000000000000000e+00
-1.699999223337955723e+00 3.000000000000000000e+00
-1.699914310609126566e+00 3.000000000000000000e+00
-1.627579955131443379e+00 3.000000000000000000e+00
-1.611652260129012193e+00 3.000000000000000000e+00
-1.551949575211717169e+00 3.000000000000000000e+00
-1.543850037785491569e+00 3.000000000000000000e+00
-1.500540796220382944e+00 3.000000000000000000e+00
-1.398929919376245889e+00 3.000000000000000000e+00
-1.364282461374154432e+00 3.000000000000000000e+00
-1.356040835241465237e+00 3.000000000000000000e+00
-1.276896452056895503e+00 3.000000000000000000e+00
-1.236781633865078556e+00 3.000000000000000000e+00
-1.217252235828071960e+00 3.000000000000000000e+00
-1.169907972729962831e+00 3.000000000000000000e+00
-1.164995518307062161e+00 3.000000000000000000e+00
-1.105186445496262326e+00 3.000000000000000000e+00
-1.077223676681646536e+00 3.000000000000000000e+00
-1.033123294630649891e+00 3.000000000000000000e+00
-1.010408881624727195e+00 3.000000000000000000e+00
-9.875383357455037592e-01 3.000000000000000000e+00
-9.820554465050722603e-01 3.000000000000000000e+00
-9.424563375669725573e-01 3.000000000000000000e+00
-9.407892888144284704e-01 3.000000000000000000e+00
-8.954748983964971876e-01 3.000000000000000000e+00
-8.800075816997199318e-01 3.000000000000000000e+00
-8.720686967659797562e-01 3.000000000000000000e+00
-8.452202992275476001e-01 3.000000000000000000e+00
-7.750565101378591448e-01 3.000000000000000000e+00
-7.137490246183678666e-01 3.000000000000000000e+00
-6.664788990244145950e-01 3.000000000000000000e+00
-6.569761740160260377e-01 3.000000000000000000e+00
-5.624540182822919121e-01 3.000000000000000000e+00
-5.136598883357360590e-01 3.000000000000000000e+00
-4.752395733728096427e-01 3.000000000000000000e+00
-4.633714824960746270e-01 3.000000000000000000e+00
-4.014415940831051466e-01 3.000000000000000000e+00
-3.922385837760440919e-01 3.000000000000000000e+00
-3.593025227372803609e-01 3.000000000000000000e+00
-3.089016169317541638e-01 3.000000000000000000e+00
-2.553551011527953607e-01 3.000000000000000000e+00
-2.040382191130389877e-01 3.000000000000000000e+00
-2.009833196774371278e-01 3.000000000000000000e+00
-1.488770100074315039e-01 3.000000000000000000e+00
-1.310687003021883401e-01 3.000000000000000000e+00
-1.011366566972604908e-01 3.000000000000000000e+00
-5.060883454453018321e-02 3.000000000000000000e+00
-4.213168892429374097e-03 3.000000000000000000e+00
3.596309604255963632e-02 3.000000000000000000e+00
7.639506889486265273e-02 3.000000000000000000e+00
1.148327750662609115e-01 3.000000000000000000e+00
1.354274045489577694e-01 3.000000000000000000e+00
1.638143036901567040e-01 3.000000000000000000e+00
1.763937349783757103e-01 3.000000000000000000e+00
2.308488249088844202e-01 3.000000000000000000e+00
2.833707742651646044e-01 3.000000000000000000e+00
2.931383802232119251e-01 3.000000000000000000e+00
3.093773371464826893e-01 3.000000000000000000e+00
3.748486835902411496e-01 3.000000000000000000e+00
3.782956018009829280e-01 3.000000000000000000e+00
3.858909176509381367e-01 3.000000000000000000e+00
4.066055307055964074e-01 3.000000000000000000e+00
4.162870308237253680e-01 3.000000000000000000e+00
4.313960164155605792e-01 3.000000000000000000e+00
4.400043649121208045e-01 3.000000000000000000e+00
4.991638534218253986e-01 3.000000000000000000e+00
5.069757355611255178e-01 3.000000000000000000e+00
5.463473675420615905e-01 3.000000000000000000e+00
6.197800471585892534e-01 3.000000000000000000e+00
6.419044314675858010e-01 3.000000000000000000e+00
6.644348314613324202e-01 3.000000000000000000e+00
7.025268930327405181e-01 3.000000000000000000e+00
7.358083073474021019e-01 3.000000000000000000e+00
7.417892184062575556e-01 3.000000000000000000e+00
7.773886737930798541e-01 3.000000000000000000e+00
8.042954611322755687e-01 3.000000000000000000e+00
8.276262525597462005e-01 3.000000000000000000e+00
8.488732654568968972e-01 3.000000000000000000e+00
8.939279856206652219e-01 3.000000000000000000e+00
9.543153494398636250e-01 3.000000000000000000e+00
9.991529925168374238e-01 3.000000000000000000e+00
1.008967057005582646e+00 3.000000000000000000e+00
1.043736792175542050e+00 3.000000000000000000e+00
1.080943077175230416e+00 3.000000000000000000e+00
1.084462371067963504e+00 3.000000000000000000e+00
1.198457080205721947e+00 3.000000000000000000e+00
1.257125576158078628e+00 3.000000000000000000e+00
1.283095486381067296e+00 3.000000000000000000e+00
1.305751744943097981e+00 3.000000000000000000e+00
1.347739815252875450e+00 3.000000000000000000e+00
1.385242889679000555e+00 3.000000000000000000e+00
1.397341331220850913e+00 3.000000000000000000e+00
1.430994847094978484e+00 3.000000000000000000e+00
1.473274988062377000e+00 3.000000000000000000e+00
1.500313606190969651e+00 3.000000000000000000e+00
1.569021368208641576e+00 3.000000000000000000e+00
1.589493673643117111e+00 3.000000000000000000e+00
1.684325808634594690e+00 3.000000000000000000e+00
1.700738557037269949e+00 3.000000000000000000e+00
1.706945266739069877e+00 3.000000000000000000e+00
1.720903858903470418e+00 3.000000000000000000e+00
1.735620366171577666e+00 3.000000000000000000e+00
1.739685614340666042e+00 3.000000000000000000e+00
1.839246310755378921e+00 3.000000000000000000e+00
1.844944790976370763e+00 3.000000000000000000e+00
1.890029838892305802e+00 3.000000000000000000e+00
1.918019020297002220e+00 3.000000000000000000e+00
1.942044745737970812e+00 3.000000000000000000e+00
1.961524464412741420e+00 3.000000000000000000e+00
2.049958233926805651e+00 3.000000000000000000e+00
2.082680255384723900e+00 3.000000000000000000e+00
2.117668688323083970e+00 3.000000000000000000e+00
2.163577558263431566e+00 3.000000000000000000e+00
2.188101745728036729e+00 3.000000000000000000e+00
2.284180095228196095e+00 3.000000000000000000e+00
2.303466460850788433e+00 3.000000000000000000e+00
2.361557587954446369e+00 3.000000000000000000e+00
2.446579967844506598e+00 3.000000000000000000e+00
2.457669798056509425e+00 3.000000000000000000e+00
2.471303851055768774e+00 3.000000000000000000e+00
2.540566826379148324e+00 3.000000000000000000e+00
2.584029382400789387e+00 3.000000000000000000e+00
2.647116791918628476e+00 3.000000000000000000e+00
2.663531913337383372e+00 3.000000000000000000e+00
2.675667402046820964e+00 3.000000000000000000e+00
2.711346842594097861e+00 3.000000000000000000e+00
2.723572928281064343e+00 3.000000000000000000e+00
2.782181865341685434e+00 3.000000000000000000e+00
2.814991664045848552e+00 3.000000000000000000e+00
2.867021845081657805e+00 3.000000000000000000e+00
2.914930269243676708e+00 3.000000000000000000e+00
2.940758267755485988e+00 3.000000000000000000e+00
3.046155500671355654e+00 3.000000000000000000e+00
3.066856225479635434e+00 3.000000000000000000e+00
3.141392494312193140e+00 3.000000000000000000e+00
3.145130144768902181e+00 3.000000000000000000e+00
3.180530914664207121e+00 3.000000000000000000e+00
3.205313107204019296e+00 3.000000000000000000e+00
3.245493500692559152e+00 3.000000000000000000e+00
3.258718530074515396e+00 3.000000000000000000e+00
3.309761564716036109e+00 3.000000000000000000e+00
3.342567648369985545e+00 3.000000000000000000e+00
3.391911101244714288e+00 3.000000000000000000e+00
3.441758960284583058e+00 3.000000000000000000e+00
3.468813220805084363e+00 3.000000000000000000e+00
3.510632882105765518e+00 3.000000000000000000e+00
3.758370424728820769e+00 3.000000000000000000e+00
3.871922271829467466e+00 3.000000000000000000e+00
3.955382172893624482e+00 3.000000000000000000e+00
4.034213415945454351e+00 3.000000000000000000e+00
4.037601853898017623e+00 3.000000000000000000e+00
4.094838904673324009e+00 3.000000000000000000e+00
4.132287366558825781e+00 3.000000000000000000e+00
4.148252910037782293e+00 3.000000000000000000e+00
4.235958912276994504e+00 3.000000000000000000e+00
4.281547011227674560e+00 3.000000000000000000e+00
4.310097049189909768e+00 3.000000000000000000e+00
4.351898806052957092e+00 3.000000000000000000e+00
4.362748820252017268e+00 3.000000000000000000e+00
4.550579239768244300e+00 3.000000000000000000e+00
4.644152762046454441e+00 3.000000000000000000e+00
4.696992554323496272e+00 3.000000000000000000e+00
4.742899804712978451e+00 3.000000000000000000e+00
4.840836650271819863e+00 3.000000000000000000e+00
4.937377045493150263e+00 3.000000000000000000e+00
4.963864431991087400e+00 3.000000000000000000e+00
5.073986830888286725e+00 3.000000000000000000e+00
5.464388773681028155e+00 3.000000000000000000e+00
5.577246381775103679e+00 3.000000000000000000e+00
5.660621828107919029e+00 3.000000000000000000e+00
5.757401985696946944e+00 3.000000000000000000e+00
5.946231561105745023e+00 3.000000000000000000e+00
6.041156277467879754e+00 3.000000000000000000e+00
6.097024038068266094e+00 3.000000000000000000e+00
6.105642898958768328e+00 3.000000000000000000e+00
6.492721415104153238e+00 3.000000000000000000e+00
6.536442641128443753e+00 3.000000000000000000e+00
7.419449464791617821e+00 3.000000000000000000e+00
7.806400256232215895e+00 3.000000000000000000e+00
-7.409517403917806888e+00 2.000000000000000000e+00
-6.507569824571368677e+00 2.000000000000000000e+00
-6.487411201787925741e+00 2.000000000000000000e+00
-5.659710729169138865e+00 2.000000000000000000e+00
-5.573334702986953104e+00 2.000000000000000000e+00
-5.564032291129025865e+00 2.000000000000000000e+00
-5.100024710214078105e+00 2.000000000000000000e+00
-5.078190621732747267e+00 2.000000000000000000e+00
-4.859177972550448033e+00 2.000000000000000000e+00
-4.765490123488893559e+00 2.000000000000000000e+00
-4.602311024596254185e+00 2.000000000000000000e+00
-4.592156868994596408e+00 2.000000000000000000e+00
-4.405044943532295143e+00 2.000000000000000000e+00
-4.171181763177487234e+00 2.000000000000000000e+00
-4.100472383376654761e+00 2.000000000000000000e+00
-3.996506443113452267e+00 2.000000000000000000e+00
-3.940397207099263888e+00 2.000000000000000000e+00
-3.937034331751667615e+00 2.000000000000000000e+00
-3.901267183274144568e+00 2.000000000000000000e+00
-3.681893864516597947e+00 2.000000000000000000e+00
-3.646885350760258770e+00 2.000000000000000000e+00
-3.480617837683531501e+00 2.000000000000000000e+00
-3.445231222550871664e+00 2.000000000000000000e+00
-3.389335446861839962e+00 2.000000000000000000e+00
-3.197811147384648223e+00 2.000000000000000000e+00
-3.194632225265336523e+00 2.000000000000000000e+00
-3.175932273040084741e+00 2.000000000000000000e+00
-3.094886795386220690e+00 2.000000000000000000e+00
-3.066888188890862565e+00 2.000000000000000000e+00
-3.024164179182369683e+00 2.000000000000000000e+00
-2.919626650522084255e+00 2.000000000000000000e+00
-2.889407260360095542e+00 2.000000000000000000e+00
-2.870400666015463287e+00 2.000000000000000000e+00
-2.802559474970731657e+00 2.000000000000000000e+00
-2.786398683861221137e+00 2.000000000000000000e+00
-2.682179416405250816e+00 2.000000000000000000e+00
-2.677726814144410383e+00 2.000000000000000000e+00
-2.628050326763514910e+00 2.000000000000000000e+00
-2.571237214352102729e+00 2.000000000000000000e+00
-2.518278583212277599e+00 2.000000000000000000e+00
-2.427636732619087745e+00 2.000000000000000000e+00
-2.387104549143765908e+00 2.000000000000000000e+00
-2.383061232258687934e+00 2.000000000000000000e+00
-2.300804711615576092e+00 2.000000000000000000e+00
-2.292033195724210604e+00 2.000000000000000000e+00
-2.247766260650598813e+00 2.000000000000000000e+00
-2.215396290133424984e+00 2.000000000000000000e+00
-2.207818901731257277e+00 2.000000000000000000e+00
-2.121430052451692028e+00 2.000000000000000000e+00
-2.109274552242879075e+00 2.000000000000000000e+00
-2.042846552474907096e+00 2.000000000000000000e+00
-2.020480472757890666e+00 2.000000000000000000e+00
-1.977728396901504038e+00 2.000000000000000000e+00
-1.813580512027155756e+00 2.000000000000000000e+00
-1.806740082209005616e+00 2.000000000000000000e+00
-1.799275817909749220e+00 2.000000000000000000e+00
-1.754198420159134963e+00 2.000000000000000000e+00
-1.679719334038963563e+00 2.000000000000000000e+00
-1.655567784072182969e+00 2.000000000000000000e+00
-1.630707550496232505e+00 2.000000000000000000e+00
-1.599128282602734430e+00 2.000000000000000000e+00
-1.555405003840334865e+00 2.000000000000000000e+00
-1.498319451220330611e+00 2.000000000000000000e+00
-1.437731203846390748e+00 2.000000000000000000e+00
-1.416576115272664360e+00 2.000000000000000000e+00
-1.408351575123353738e+00 2.000000000000000000e+00
-1.338601273613590159e+00 2.000000000000000000e+00
-1.335901005505347960e+00 2.000000000000000000e+00
-1.278454523918596042e+00 2.000000000000000000e+00
-1.264800617853508058e+00 2.000000000000000000e+00
-1.235402614612920225e+00 2.000000000000000000e+00
-1.189980753988702178e+00 2.000000000000000000e+00
-1.145621889566307727e+00 2.000000000000000000e+00
-1.124356158190661814e+00 2.000000000000000000e+00
-1.122506444350398924e+00 2.000000000000000000e+00
-1.073588691220485281e+00 2.000000000000000000e+00
-1.031846333986602415e+00 2.000000000000000000e+00
-1.014766934196398074e+00 2.000000000000000000e+00
-1.011119729572771631e+00 2.000000000000000000e+00
-9.496999365842409002e-01 2.000000000000000000e+00
-9.373506563758936538e-01 2.000000000000000000e+00
-9.134703801289687508e-01 2.000000000000000000e+00
-8.675416045870543158e-01 2.000000000000000000e+00
-8.474360520914785422e-01 2.000000000000000000e+00
-7.863099822383000648e-01 2.000000000000000000e+00
-7.543918486995628836e-01 2.000000000000000000e+00
-7.159637513979132395e-01 2.000000000000000000e+00
-6.718690915405025610e-01 2.000000000000000000e+00
-6.319080324440873309e-01 2.000000000000000000e+00
-6.013644099948961541e-01 2.000000000000000000e+00
-5.547619518878412759e-01 2.000000000000000000e+00
-5.500071478091101973e-01 2.000000000000000000e+00
-5.253414222479987350e-01 2.000000000000000000e+00
-5.155877378506732445e-01 2.000000000000000000e+00
-4.975628435276912565e-01 2.000000000000000000e+00
-4.511543362578705474e-01 2.000000000000000000e+00
-3.553275620922570766e-01 2.000000000000000000e+00
-3.425649986583191864e-01 2.000000000000000000e+00
-2.984232417122487657e-01 2.000000000000000000e+00
-2.638380028217495177e-01 2.000000000000000000e+00
-2.265367537508851392e-01 2.000000000000000000e+00
-2.241349701105269654e-01 2.000000000000000000e+00
-1.978675912138968818e-01 2.000000000000000000e+00
-1.773238504988984277e-01 2.000000000000000000e+00
-1.718271411824029704e-01 2.000000000000000000e+00
-1.407933066687989954e-01 2.000000000000000000e+00
-1.121416182105155479e-01 2.000000000000000000e+00
-9.475868401830578325e-02 2.000000000000000000e+00
-6.332707428092614055e-02 2.000000000000000000e+00
-3.823882219815225719e-03 2.000000000000000000e+00
6.490438986464053261e-02 2.000000000000000000e+00
7.218334016670439890e-02 2.000000000000000000e+00
1.178289620073176558e-01 2.000000000000000000e+00
1.414180823723561187e-01 2.000000000000000000e+00
2.059597777016618503e-01 2.000000000000000000e+00
2.478295558081328454e-01 2.000000000000000000e+00
2.619336229895167789e-01 2.000000000000000000e+00
2.869183617977136835e-01 2.000000000000000000e+00
3.023094694525462756e-01 2.000000000000000000e+00
3.438363328612811798e-01 2.000000000000000000e+00
3.690267074802153213e-01 2.000000000000000000e+00
3.771801815550495096e-01 2.000000000000000000e+00
3.989471643558730740e-01 2.000000000000000000e+00
4.267247648574042929e-01 2.000000000000000000e+00
4.709066044548981811e-01 2.000000000000000000e+00
4.931916694637811238e-01 2.000000000000000000e+00
5.304083537610593257e-01 2.000000000000000000e+00
5.373392952686738555e-01 2.000000000000000000e+00
5.384859130981919373e-01 2.000000000000000000e+00
5.647231705000635982e-01 2.000000000000000000e+00
6.063807373905100162e-01 2.000000000000000000e+00
6.241209108430223473e-01 2.000000000000000000e+00
6.379139616605112861e-01 2.000000000000000000e+00
6.706155065891477030e-01 2.000000000000000000e+00
7.387101284338855045e-01 2.000000000000000000e+00
7.535964135417229093e-01 2.000000000000000000e+00
8.012346759051395262e-01 2.000000000000000000e+00
8.373428803642414264e-01 2.000000000000000000e+00
8.450654509967093775e-01 2.000000000000000000e+00
9.260139839863387179e-01 2.000000000000000000e+00
9.611909665028719463e-01 2.000000000000000000e+00
9.825539671977936429e-01 2.000000000000000000e+00
1.008181805492907035e+00 2.000000000000000000e+00
1.009742334683239040e+00 2.000000000000000000e+00
1.052788572871868444e+00 2.000000000000000000e+00
1.061990432534431594e+00 2.000000000000000000e+00
1.083523506457018559e+00 2.000000000000000000e+00
1.128650453599191028e+00 2.000000000000000000e+00
1.138865070194776674e+00 2.000000000000000000e+00
1.166221562916709864e+00 2.000000000000000000e+00
1.178389409257310172e+00 2.000000000000000000e+00
1.192583855261897918e+00 2.000000000000000000e+00
1.239831327814570727e+00 2.000000000000000000e+00
1.276338007338187586e+00 2.000000000000000000e+00
1.308523209117604225e+00 2.000000000000000000e+00
1.344537565113315347e+00 2.000000000000000000e+00
1.352731896695423819e+00 2.000000000000000000e+00
1.375581382749798243e+00 2.000000000000000000e+00
1.416336777658758983e+00 2.000000000000000000e+00
1.451719024066256747e+00 2.000000000000000000e+00
1.478830357339620649e+00 2.000000000000000000e+00
1.546123775661812472e+00 2.000000000000000000e+00
1.555138778055556781e+00 2.000000000000000000e+00
1.565640152577892463e+00 2.000000000000000000e+00
1.600905779880964497e+00 2.000000000000000000e+00
1.648836972355443908e+00 2.000000000000000000e+00
1.658569339013229005e+00 2.000000000000000000e+00
1.678850539650658780e+00 2.000000000000000000e+00
1.701860480004966369e+00 2.000000000000000000e+00
1.740058855302119900e+00 2.000000000000000000e+00
1.768794732813461890e+00 2.000000000000000000e+00
1.816841120629431483e+00 2.000000000000000000e+00
1.851603637739179575e+00 2.000000000000000000e+00
1.865218273424430695e+00 2.000000000000000000e+00
1.875378369474339335e+00 2.000000000000000000e+00
1.918923110385859498e+00 2.000000000000000000e+00
1.937474078693798951e+00 2.000000000000000000e+00
1.980347587076206839e+00 2.000000000000000000e+00
2.017037675555538367e+00 2.000000000000000000e+00
2.050161657108717339e+00 2.000000000000000000e+00
2.112164457490119052e+00 2.000000000000000000e+00
2.116752337064791156e+00 2.000000000000000000e+00
2.149856350368868352e+00 2.000000000000000000e+00
2.190393864600836515e+00 2.000000000000000000e+00
2.203434306807064313e+00 2.000000000000000000e+00
2.238728131931588372e+00 2.000000000000000000e+00
2.271803701267396836e+00 2.000000000000000000e+00
2.316857608655748635e+00 2.000000000000000000e+00
2.337518254892263947e+00 2.000000000000000000e+00
2.398884451688922059e+00 2.000000000000000000e+00
2.416333771431831590e+00 2.000000000000000000e+00
2.459122048400671723e+00 2.000000000000000000e+00
2.462323213917087639e+00 2.000000000000000000e+00
2.494292800828117329e+00 2.000000000000000000e+00
2.497765340854855687e+00 2.000000000000000000e+00
2.546481764497934286e+00 2.000000000000000000e+00
2.550896482339230165e+00 2.000000000000000000e+00
2.573331610995556407e+00 2.000000000000000000e+00
2.610662234485177535e+00 2.000000000000000000e+00
2.647845764237756860e+00 2.000000000000000000e+00
2.658323139412580360e+00 2.000000000000000000e+00
2.725451375952820054e+00 2.000000000000000000e+00
2.789875048171124305e+00 2.000000000000000000e+00
2.791814914259086233e+00 2.000000000000000000e+00
2.845555340349038786e+00 2.000000000000000000e+00
2.867728689549757348e+00 2.000000000000000000e+00
2.900952172987591560e+00 2.000000000000000000e+00
2.950849567182665112e+00 2.000000000000000000e+00
2.955728478647237978e+00 2.000000000000000000e+00
2.996498938192551531e+00 2.000000000000000000e+00
2.999666052090728119e+00 2.000000000000000000e+00
3.031723853256986789e+00 2.000000000000000000e+00
3.150776688668377012e+00 2.000000000000000000e+00
3.167245701326832030e+00 2.000000000000000000e+00
3.167819947351500964e+00 2.000000000000000000e+00
3.208797695447233700e+00 2.000000000000000000e+00
3.258289105431644295e+00 2.000000000000000000e+00
3.270659137094605651e+00 2.000000000000000000e+00
3.418689286101076252e+00 2.000000000000000000e+00
3.431703269926755784e+00 2.000000000000000000e+00
3.471605683623484762e+00 2.000000000000000000e+00
3.483073229460798448e+00 2.000000000000000000e+00
3.623727390775146162e+00 2.000000000000000000e+00
3.629619799448813744e+00 2.000000000000000000e+00
3.665509121158035288e+00 2.000000000000000000e+00
3.687196829910093232e+00 2.000000000000000000e+00
3.747606526549329686e+00 2.000000000000000000e+00
3.762450342507278389e+00 2.000000000000000000e+00
3.788751145012215549e+00 2.000000000000000000e+00
3.844017757287879533e+00 2.000000000000000000e+00
3.879069102030650473e+00 2.000000000000000000e+00
3.909114559015520296e+00 2.000000000000000000e+00
3.954630817546790134e+00 2.000000000000000000e+00
3.979853993069225826e+00 2.000000000000000000e+00
3.985902370150704588e+00 2.000000000000000000e+00
4.017233269025225262e+00 2.000000000000000000e+00
4.063262384422775320e+00 2.000000000000000000e+00
4.120648251215941471e+00 2.000000000000000000e+00
4.187128338898227220e+00 2.000000000000000000e+00
4.242000160029438582e+00 2.000000000000000000e+00
4.245380890860262824e+00 2.000000000000000000e+00
4.287897029356591005e+00 2.000000000000000000e+00
4.325329796849612052e+00 2.000000000000000000e+00
4.399728413475168409e+00 2.000000000000000000e+00
4.424968236812860667e+00 2.000000000000000000e+00
4.453895660872243312e+00 2.000000000000000000e+00
4.538215122801922519e+00 2.000000000000000000e+00
4.584218850686916369e+00 2.000000000000000000e+00
4.643206435995740122e+00 2.000000000000000000e+00
4.799592295997423541e+00 2.000000000000000000e+00
4.850345708126708288e+00 2.000000000000000000e+00
4.859175931758398903e+00 2.000000000000000000e+00
4.989721931219748718e+00 2.000000000000000000e+00
5.107425285708064422e+00 2.000000000000000000e+00
5.148796768852939465e+00 2.000000000000000000e+00
5.223456279454707030e+00 2.000000000000000000e+00
5.294398087634927919e+00 2.000000000000000000e+00
5.331305425349594174e+00 2.000000000000000000e+00
5.365950704275448402e+00 2.000000000000000000e+00
5.456651199181523637e+00 2.000000000000000000e+00
5.593397883298004025e+00 2.000000000000000000e+00
5.626907523244033982e+00 2.000000000000000000e+00
5.724090060501385580e+00 2.000000000000000000e+00
5.749289494181097915e+00 2.000000000000000000e+00
5.806130648340406708e+00 2.000000000000000000e+00
5.887311908014759787e+00 2.000000000000000000e+00
5.933562052128610986e+00 2.000000000000000000e+00
6.036567797338300068e+00 2.000000000000000000e+00
6.222138729492121989e+00 2.000000000000000000e+00
6.281998616911155686e+00 2.000000000000000000e+00
6.403713896089900715e+00 2.000000000000000000e+00
6.822558509677439709e+00 2.000000000000000000e+00
6.865597550885058631e+00 2.000000000000000000e+00
7.075674076342325591e+00 2.000000000000000000e+00
7.200142896724428532e+00 2.000000000000000000e+00
7.394411972462513916e+00 2.000000000000000000e+00
7.417699218268394290e+00 2.000000000000000000e+00
7.995630255077828430e+00 2.000000000000000000e+00
8.086769833545563557e+00 2.000000000000000000e+00
8.935837502914189656e+00 2.000000000000000000e+00
-7.448986398757034166e+00 1.000000000000000000e+00
-6.539677900178575420e+00 1.000000000000000000e+00
-6.533246738854264990e+00 1.000000000000000000e+00
-5.684869846728118681e+00 1.000000000000000000e+00
-5.125005357940288775e+00 1.000000000000000000e+00
-5.118656663846686605e+00 1.000000000000000000e+00
-4.834345878321057555e+00 1.000000000000000000e+00
-4.798915058740512052e+00 1.000000000000000000e+00
-4.453997166888057357e+00 1.000000000000000000e+00
-4.192831426413990314e+00 1.000000000000000000e+00
-4.039683914754500726e+00 1.000000000000000000e+00
-4.010470240720234614e+00 1.000000000000000000e+00
-3.984515642608302599e+00 1.000000000000000000e+00
-3.754713589021982934e+00 1.000000000000000000e+00
-3.735356679199214547e+00 1.000000000000000000e+00
-3.504132389937171688e+00 1.000000000000000000e+00
-3.495807922924969002e+00 1.000000000000000000e+00
-3.301931988364451342e+00 1.000000000000000000e+00
-3.247920154161402895e+00 1.000000000000000000e+00
-3.174771436530031909e+00 1.000000000000000000e+00
-3.074267353402860170e+00 1.000000000000000000e+00
-2.934286551772342211e+00 1.000000000000000000e+00
-2.853784537019866896e+00 1.000000000000000000e+00
-2.767969569753408354e+00 1.000000000000000000e+00
-2.627585795778176081e+00 1.000000000000000000e+00
-2.529941596115728775e+00 1.000000000000000000e+00
-2.479970621877704229e+00 1.000000000000000000e+00
-2.478199344934138626e+00 1.000000000000000000e+00
-2.342798696321945595e+00 1.000000000000000000e+00
-2.335905368867143839e+00 1.000000000000000000e+00
-2.319327479434843298e+00 1.000000000000000000e+00
-2.193258070248513825e+00 1.000000000000000000e+00
-2.187473223122540666e+00 1.000000000000000000e+00
-2.114762971947201198e+00 1.000000000000000000e+00
-2.001910428788491902e+00 1.000000000000000000e+00
-1.959339756331243354e+00 1.000000000000000000e+00
-1.886574213352887996e+00 1.000000000000000000e+00
-1.884909217765726064e+00 1.000000000000000000e+00
-1.845036690391596457e+00 1.000000000000000000e+00
-1.807546138309863659e+00 1.000000000000000000e+00
-1.783561099422790841e+00 1.000000000000000000e+00
-1.664252419714577158e+00 1.000000000000000000e+00
-1.654940213280247763e+00 1.000000000000000000e+00
-1.581116835153362876e+00 1.000000000000000000e+00
-1.554987039462909948e+00 1.000000000000000000e+00
-1.503780805422880951e+00 1.000000000000000000e+00
-1.485623785114076556e+00 1.000000000000000000e+00
-1.372562492724053396e+00 1.000000000000000000e+00
-1.263606753852659859e+00 1.000000000000000000e+00
-1.226057479342216983e+00 1.000000000000000000e+00
-1.179319037643104640e+00 1.000000000000000000e+00
-1.136729374480202948e+00 1.000000000000000000e+00
-1.123907878678316541e+00 1.000000000000000000e+00
-1.091639112651662691e+00 1.000000000000000000e+00
-1.054734951376353536e+00 1.000000000000000000e+00
-1.053422756613751510e+00 1.000000000000000000e+00
-9.761141497761354202e-01 1.000000000000000000e+00
-8.730099274872221704e-01 1.000000000000000000e+00
-8.306471741715305557e-01 1.000000000000000000e+00
-8.168357039491384031e-01 1.000000000000000000e+00
-8.008227932224052381e-01 1.000000000000000000e+00
-7.326903049955900693e-01 1.000000000000000000e+00
-7.031377614390766917e-01 1.000000000000000000e+00
-7.003618138287376338e-01 1.000000000000000000e+00
-6.502111483633364886e-01 1.000000000000000000e+00
-6.064965671563111727e-01 1.000000000000000000e+00
-5.438535381395690482e-01 1.000000000000000000e+00
-5.286224875779410581e-01 1.000000000000000000e+00
-4.700974175737321903e-01 1.000000000000000000e+00
-4.413168316379993406e-01 1.000000000000000000e+00
-3.825739778784516543e-01 1.000000000000000000e+00
-3.583647443106959818e-01 1.000000000000000000e+00
-2.911281558134523606e-01 1.000000000000000000e+00
-2.699936204446721777e-01 1.000000000000000000e+00
-2.417436411372411997e-01 1.000000000000000000e+00
-2.044833927319010813e-01 1.000000000000000000e+00
-1.742145692583597638e-01 1.000000000000000000e+00
-1.358162605758891639e-01 1.000000000000000000e+00
-1.031172919525538689e-01 1.000000000000000000e+00
-7.968085196339926013e-02 1.000000000000000000e+00
-4.475040505445465611e-02 1.000000000000000000e+00
7.236349367180371084e-02 1.000000000000000000e+00
1.093569330100858800e-01 1.000000000000000000e+00
1.574299522133318363e-01 1.000000000000000000e+00
1.661483435408483422e-01 1.000000000000000000e+00
2.162318573828740931e-01 1.000000000000000000e+00
2.467834463704993153e-01 1.000000000000000000e+00
3.321118120281519870e-01 1.000000000000000000e+00
3.335506707087636524e-01 1.000000000000000000e+00
3.800199711047210771e-01 1.000000000000000000e+00
4.053743715304273243e-01 1.000000000000000000e+00
4.444634140251004228e-01 1.000000000000000000e+00
4.814491266680751003e-01 1.000000000000000000e+00
5.109639599267419285e-01 1.000000000000000000e+00
5.637839823696390029e-01 1.000000000000000000e+00
5.774958118335761226e-01 1.000000000000000000e+00
6.030843092285522733e-01 1.000000000000000000e+00
6.149961966565813398e-01 1.000000000000000000e+00
6.651492379324462911e-01 1.000000000000000000e+00
6.859269404649402935e-01 1.000000000000000000e+00
7.188975786705210647e-01 1.000000000000000000e+00
7.502086555811227075e-01 1.000000000000000000e+00
7.743725313141289757e-01 1.000000000000000000e+00
8.215051104466627452e-01 1.000000000000000000e+00
8.549659609027429052e-01 1.000000000000000000e+00
8.632925215687269338e-01 1.000000000000000000e+00
8.900256979041332173e-01 1.000000000000000000e+00
9.016325503763923388e-01 1.000000000000000000e+00
9.244966529029656765e-01 1.000000000000000000e+00
9.686936292588010922e-01 1.000000000000000000e+00
9.798902134979902145e-01 1.000000000000000000e+00
1.020645588776634805e+00 1.000000000000000000e+00
1.075464097546040110e+00 1.000000000000000000e+00
1.111348971865355528e+00 1.000000000000000000e+00
1.159153980206328871e+00 1.000000000000000000e+00
1.167719318779848470e+00 1.000000000000000000e+00
1.203449575038928909e+00 1.000000000000000000e+00
1.220161010159657611e+00 1.000000000000000000e+00
1.326521244579258241e+00 1.000000000000000000e+00
1.328591079648231199e+00 1.000000000000000000e+00
1.400088618639825588e+00 1.000000000000000000e+00
1.435001327997792897e+00 1.000000000000000000e+00
1.465833175474008154e+00 1.000000000000000000e+00
1.476722725847086082e+00 1.000000000000000000e+00
1.499779322532584835e+00 1.000000000000000000e+00
1.576599054695992486e+00 1.000000000000000000e+00
1.610492400596909679e+00 1.000000000000000000e+00
1.630235257871074150e+00 1.000000000000000000e+00
1.686120898568458815e+00 1.000000000000000000e+00
1.793699657070768616e+00 1.000000000000000000e+00
1.824102383273689121e+00 1.000000000000000000e+00
1.869582612520249487e+00 1.000000000000000000e+00
1.890466380385569689e+00 1.000000000000000000e+00
1.920002042716398405e+00 1.000000000000000000e+00
1.975927284122754646e+00 1.000000000000000000e+00
1.985199561114614708e+00 1.000000000000000000e+00
1.997955736160481166e+00 1.000000000000000000e+00
2.035604163343324391e+00 1.000000000000000000e+00
2.047650132186351613e+00 1.000000000000000000e+00
2.107437270400919438e+00 1.000000000000000000e+00
2.129530721926371495e+00 1.000000000000000000e+00
2.163975900809731012e+00 1.000000000000000000e+00
2.193744202113596220e+00 1.000000000000000000e+00
2.228582580990092765e+00 1.000000000000000000e+00
2.263150086625051571e+00 1.000000000000000000e+00
2.305558212318042699e+00 1.000000000000000000e+00
2.313474514992449826e+00 1.000000000000000000e+00
2.357648248481355235e+00 1.000000000000000000e+00
2.365729670116122119e+00 1.000000000000000000e+00
2.429933602015400762e+00 1.000000000000000000e+00
2.483157031613998811e+00 1.000000000000000000e+00
2.508727302216450461e+00 1.000000000000000000e+00
2.532433894130980523e+00 1.000000000000000000e+00
2.551572568980610356e+00 1.000000000000000000e+00
2.589073644203549129e+00 1.000000000000000000e+00
2.629769749027973891e+00 1.000000000000000000e+00
2.667267313054492384e+00 1.000000000000000000e+00
2.680106797016863496e+00 1.000000000000000000e+00
2.715485842391073046e+00 1.000000000000000000e+00
2.775686011400527065e+00 1.000000000000000000e+00
2.780520902769019198e+00 1.000000000000000000e+00
2.870994685720202888e+00 1.000000000000000000e+00
2.873607517040425385e+00 1.000000000000000000e+00
2.926649499180421721e+00 1.000000000000000000e+00
2.944835707632517341e+00 1.000000000000000000e+00
3.014269128959671917e+00 1.000000000000000000e+00
3.071163614475521886e+00 1.000000000000000000e+00
3.192965095829813027e+00 1.000000000000000000e+00
3.246775627663494035e+00 1.000000000000000000e+00
3.276704255401913901e+00 1.000000000000000000e+00
3.301593538274646633e+00 1.000000000000000000e+00
3.362617603345928519e+00 1.000000000000000000e+00
3.452935962671422665e+00 1.000000000000000000e+00
3.475456021486869496e+00 1.000000000000000000e+00
3.475556208945639547e+00 1.000000000000000000e+00
3.576105039774240879e+00 1.000000000000000000e+00
3.580572577463903006e+00 1.000000000000000000e+00
3.605892443046863960e+00 1.000000000000000000e+00
3.681201244464490596e+00 1.000000000000000000e+00
3.689822207949321697e+00 1.000000000000000000e+00
3.723977030391151910e+00 1.000000000000000000e+00
3.740074658496522542e+00 1.000000000000000000e+00
3.846205163177965680e+00 1.000000000000000000e+00
3.880266699679818299e+00 1.000000000000000000e+00
3.899007864430382941e+00 1.000000000000000000e+00
3.900794838500691419e+00 1.000000000000000000e+00
3.964407869232523307e+00 1.000000000000000000e+00
4.026046340850798266e+00 1.000000000000000000e+00
4.052840266632657062e+00 1.000000000000000000e+00
4.108990684439680408e+00 1.000000000000000000e+00
4.120858875483670580e+00 1.000000000000000000e+00
4.203225913121377388e+00 1.000000000000000000e+00
4.230079487288985973e+00 1.000000000000000000e+00
4.296787003317633413e+00 1.000000000000000000e+00
4.357001920247922655e+00 1.000000000000000000e+00
4.401921274655453686e+00 1.000000000000000000e+00
4.546841502767261289e+00 1.000000000000000000e+00
4.553564109796448989e+00 1.000000000000000000e+00
4.641433302204096556e+00 1.000000000000000000e+00
4.642272973640600320e+00 1.000000000000000000e+00
4.887427299461002406e+00 1.000000000000000000e+00
4.938963135133451310e+00 1.000000000000000000e+00
4.971075744758262083e+00 1.000000000000000000e+00
4.974761046485705940e+00 1.000000000000000000e+00
5.077085318568541616e+00 1.000000000000000000e+00
5.093224342063348509e+00 1.000000000000000000e+00
5.254339401151627342e+00 1.000000000000000000e+00
5.285746900340686061e+00 1.000000000000000000e+00
5.376328567702362449e+00 1.000000000000000000e+00
5.423974512615507670e+00 1.000000000000000000e+00
5.448225578561779692e+00 1.000000000000000000e+00
5.532729606226430619e+00 1.000000000000000000e+00
5.633810859719771358e+00 1.000000000000000000e+00
5.771774538197362858e+00 1.000000000000000000e+00
5.809225207824944448e+00 1.000000000000000000e+00
5.922427090558578300e+00 1.000000000000000000e+00
5.946904240356793991e+00 1.000000000000000000e+00
6.007112288481166296e+00 1.000000000000000000e+00
6.124130419802154002e+00 1.000000000000000000e+00
6.218735706805195385e+00 1.000000000000000000e+00
6.383626047318302632e+00 1.000000000000000000e+00
6.733609637002884618e+00 1.000000000000000000e+00
6.841541131972890710e+00 1.000000000000000000e+00
6.877616303791826979e+00 1.000000000000000000e+00
7.241194194779026816e+00 1.000000000000000000e+00
7.338891335094712254e+00 1.000000000000000000e+00
7.635507856185570930e+00 1.000000000000000000e+00
7.653130287240333729e+00 1.000000000000000000e+00
7.886819628832649975e+00 1.000000000000000000e+00
8.036923482985498524e+00 1.000000000000000000e+00
9.179533965474480084e+00 1.000000000000000000e+00
9.510950550219957833e+00 1.000000000000000000e+00
-7.467989154203168667e+00 0.000000000000000000e+00
-5.701079543776068626e+00 0.000000000000000000e+00
-4.481574646556359731e+00 0.000000000000000000e+00
-4.203345596443443632e+00 0.000000000000000000e+00
-4.008046138065021857e+00 0.000000000000000000e+00
-3.279515631204938053e+00 0.000000000000000000e+00
-3.101069084472146464e+00 0.000000000000000000e+00
-2.995255724834955391e+00 0.000000000000000000e+00
-2.852099473462592183e+00 0.000000000000000000e+00
-2.773942749838682609e+00 0.000000000000000000e+00
-2.656793035940208103e+00 0.000000000000000000e+00
-2.126222299937335691e+00 0.000000000000000000e+00
-1.891675620841049010e+00 0.000000000000000000e+00
-1.831824402861298884e+00 0.000000000000000000e+00
-1.671225827774988293e+00 0.000000000000000000e+00
-1.610846415719488833e+00 0.000000000000000000e+00
-1.544102450850620478e+00 0.000000000000000000e+00
-1.378158449722573176e+00 0.000000000000000000e+00
-1.261891103698644878e+00 0.000000000000000000e+00
-1.154723395345913728e+00 0.000000000000000000e+00
-1.001783440855545715e+00 0.000000000000000000e+00
-8.705441344704888396e-01 0.000000000000000000e+00
-8.412332235015079762e-01 0.000000000000000000e+00
-5.980113998943096254e-01 0.000000000000000000e+00
-5.543206654206216388e-01 0.000000000000000000e+00
-3.746147985623745069e-01 0.000000000000000000e+00
-2.654266095373378764e-01 0.000000000000000000e+00
-1.796040125640423757e-01 0.000000000000000000e+00
-1.635700444090556760e-01 0.000000000000000000e+00
3.063592589209814671e-02 0.000000000000000000e+00
1.060172303284860479e-01 0.000000000000000000e+00
2.149131566334577248e-01 0.000000000000000000e+00
3.437029219910289757e-01 0.000000000000000000e+00
3.670249541779234681e-01 0.000000000000000000e+00
4.732034401957511682e-01 0.000000000000000000e+00
5.583014228249827404e-01 0.000000000000000000e+00
6.627970918719842119e-01 0.000000000000000000e+00
6.713064306130878123e-01 0.000000000000000000e+00
7.676519435186981433e-01 0.000000000000000000e+00
9.813058171448200140e-01 0.000000000000000000e+00
1.033652293487419938e+00 0.000000000000000000e+00
1.097992495255198264e+00 0.000000000000000000e+00
1.159622222952532811e+00 0.000000000000000000e+00
1.228391078854828455e+00 0.000000000000000000e+00
1.333691460501249759e+00 0.000000000000000000e+00
1.448730875258763984e+00 0.000000000000000000e+00
1.611892882540390426e+00 0.000000000000000000e+00
1.712272229514052890e+00 0.000000000000000000e+00
1.717955195128542112e+00 0.000000000000000000e+00
1.738138918351121331e+00 0.000000000000000000e+00
1.889025259455684003e+00 0.000000000000000000e+00
2.013951463959318566e+00 0.000000000000000000e+00
2.059644809438774260e+00 0.000000000000000000e+00
2.152567312970414815e+00 0.000000000000000000e+00
2.221708130487861865e+00 0.000000000000000000e+00
2.257555391078506890e+00 0.000000000000000000e+00
2.329892613311904448e+00 0.000000000000000000e+00
2.539611878445954041e+00 0.000000000000000000e+00
2.616382946996531622e+00 0.000000000000000000e+00
2.643300868052652408e+00 0.000000000000000000e+00
2.718038591471771959e+00 0.000000000000000000e+00
2.843389406452385249e+00 0.000000000000000000e+00
2.972787212099646137e+00 0.000000000000000000e+00
3.199763879381070986e+00 0.000000000000000000e+00
3.273079591869230587e+00 0.000000000000000000e+00
3.342407735474100416e+00 0.000000000000000000e+00
3.432781472911241583e+00 0.000000000000000000e+00
3.489532550181222437e+00 0.000000000000000000e+00
3.508082374278026716e+00 0.000000000000000000e+00
3.663546086556229930e+00 0.000000000000000000e+00
3.862337637910240318e+00 0.000000000000000000e+00
3.935509043100424265e+00 0.000000000000000000e+00
3.949773846434918134e+00 0.000000000000000000e+00
4.272155063928536833e+00 0.000000000000000000e+00
4.334659841954768389e+00 0.000000000000000000e+00
4.427697103289185421e+00 0.000000000000000000e+00
4.460599304331694270e+00 0.000000000000000000e+00
4.755351194854923413e+00 0.000000000000000000e+00
5.128240621697201185e+00 0.000000000000000000e+00
5.135026582134183393e+00 0.000000000000000000e+00
5.281168378626630577e+00 0.000000000000000000e+00
5.385082095004395164e+00 0.000000000000000000e+00
5.505135617495781730e+00 0.000000000000000000e+00
5.922686469010398191e+00 0.000000000000000000e+00
6.034114134801440876e+00 0.000000000000000000e+00
6.711301928430467356e+00 0.000000000000000000e+00
7.039551554821816381e+00 0.000000000000000000e+00
7.046697880624160248e+00 0.000000000000000000e+00
7.464866239534212689e+00 0.000000000000000000e+00
7.927311865080286957e+00 0.000000000000000000e+00
9.834973109790116297e+00 0.000000000000000000e+00
