# Runtime: 18.87099528312683
-3.999999999999997335e+00 7.000000000000000000e+00
-5.375667387830526778e+00 6.000000000000000000e+00
-3.736213968917879935e+00 6.000000000000000000e+00
-2.816579112934466167e+00 6.000000000000000000e+00
-2.232278644717278215e+00 6.000000000000000000e+00
-1.436969385926129217e+00 6.000000000000000000e+00
-4.022914996737094739e-01 6.000000000000000000e+00
-6.013726943415620418e+00 5.000000000000000000e+00
-5.048585997507162304e+00 5.000000000000000000e+00
-4.169882513682721559e+00 5.000000000000000000e+00
-3.733589180736984314e+00 5.000000000000000000e+00
-3.458473029462453052e+00 5.000000000000000000e+00
-3.019203011317193930e+00 5.000000000000000000e+00
-2.591484494364240110e+00 5.000000000000000000e+00
-1.999999999999999334e+00 5.000000000000000000e+00
-1.943248522824034819e+00 5.000000000000000000e+00
-1.659049936276737025e+00 5.000000000000000000e+00
-1.431848434425780470e+00 5.000000000000000000e+00
-1.195151556105486845e+00 5.000000000000000000e+00
-1.067266960840145273e+00 5.000000000000000000e+00
-7.780718765104431833e-01 5.000000000000000000e+00
-1.442466524734140332e-01 5.000000000000000000e+00
2.404612024976320872e-01 5.000000000000000000e+00
3.611677507011168964e-01 5.000000000000000000e+00
8.041508017969754007e-01 5.000000000000000000e+00
1.102766414332844169e+00 5.000000000000000000e+00
1.431191382937351042e+00 5.000000000000000000e+00
2.314091557676515976e+00 5.000000000000000000e+00
-6.299826654048002794e+00 4.000000000000000000e+00
-5.545693596849796236e+00 4.000000000000000000e+00
-4.690588218874058413e+00 4.000000000000000000e+00
-4.464128299038304881e+00 4.000000000000000000e+00
-3.849696449903233564e+00 4.000000000000000000e+00
-3.761198263203175074e+00 4.000000000000000000e+00
-3.364891473513575537e+00 4.000000000000000000e+00
-3.292909250099746554e+00 4.000000000000000000e+00
-3.162225538612506881e+00 4.000000000000000000e+00
-2.748093914220091971e+00 4.000000000000000000e+00
-2.677205610318999618e+00 4.000000000000000000e+00
-2.469010920935561959e+00 4.000000000000000000e+00
-2.342179471781648203e+00 4.000000000000000000e+00
-2.275578559893655317e+00 4.000000000000000000e+00
-1.810374540761106266e+00 4.000000000000000000e+00
-1.728245712524363320e+00 4.000000000000000000e+00
-1.576138485486988650e+00 4.000000000000000000e+00
-1.368465207126946970e+00 4.000000000000000000e+00
-1.250595359025526765e+00 4.000000000000000000e+00
-1.105081321985481591e+00 4.000000000000000000e+00
-9.587865943915008238e-01 4.000000000000000000e+00
-9.439919114306640768e-01 4.000000000000000000e+00
-7.542792710327497208e-01 4.000000000000000000e+00
-6.015019721348482395e-01 4.000000000000000000e+00
-5.583005891559785772e-01 4.000000000000000000e+00
-4.340507907258864262e-01 4.000000000000000000e+00
-2.528614118426452673e-01 4.000000000000000000e+00
-1.538676675202642896e-01 4.000000000000000000e+00
1.098412175484477782e-01 4.000000000000000000e+00
1.944306357089351511e-01 4.000000000000000000e+00
3.719082579462201221e-01 4.000000000000000000e+00
4.653055138584110129e-01 4.000000000000000000e+00
6.257185055721335987e-01 4.000000000000000000e+00
6.394449780026977281e-01 4.000000000000000000e+00
7.850304309959831306e-01 4.000000000000000000e+00
8.634499019155230659e-01 4.000000000000000000e+00
1.204931317188226325e+00 4.000000000000000000e+00
1.450438328924310571e+00 4.000000000000000000e+00
1.704087817965418417e+00 4.000000000000000000e+00
1.847672220565824475e+00 4.000000000000000000e+00
1.900141524625660105e+00 4.000000000000000000e+00
2.116464191570620379e+00 4.000000000000000000e+00
2.295259763840168166e+00 4.000000000000000000e+00
2.492644493794849314e+00 4.000000000000000000e+00
2.680083106135560111e+00 4.000000000000000000e+00
3.001991737521679582e+00 4.000000000000000000e+00
3.358471301717329549e+00 4.000000000000000000e+00
3.966694410945469151e+00 4.000000000000000000e+00
4.365757400093862373e+00 4.000000000000000000e+00
-6.472313485590197146e+00 3.000000000000000000e+00
-5.762128805773014228e+00 3.000000000000000000e+00
-5.044719525727347609e+00 3.000000000000000000e+00
-4.662729795979922542e+00 3.000000000000000000e+00
-4.288746679673785422e+00 3.000000000000000000e+00
-4.123692629773145768e+00 3.000000000000000000e+00
-3.586912922463450393e+00 3.000000000000000000e+00
-3.462904186610454182e+00 3.000000000000000000e+00
-3.369336007126384036e+00 3.000000000000000000e+00
-3.254126555939182097e+00 3.000000000000000000e+00
-2.896928413420411186e+00 3.000000000000000000e+00
-2.842234706208686568e+00 3.000000000000000000e+00
-2.785825044250664018e+00 3.000000000000000000e+00
-2.692093601250398649e+00 3.000000000000000000e+00
-2.484611779128942821e+00 3.000000000000000000e+00
-2.379500873128022942e+00 3.000000000000000000e+00
-2.249773911229417944e+00 3.000000000000000000e+00
-2.109729279776774824e+00 3.000000000000000000e+00
-2.091347138000987815e+00 3.000000000000000000e+00
-1.870158282270653283e+00 3.000000000000000000e+00
-1.800162236473259902e+00 3.000000000000000000e+00
-1.535235529318238923e+00 3.000000000000000000e+00
-1.488726568490946534e+00 3.000000000000000000e+00
-1.313349102963773385e+00 3.000000000000000000e+00
-1.285491283048374900e+00 3.000000000000000000e+00
-1.231321008739493905e+00 3.000000000000000000e+00
-1.163391713656529491e+00 3.000000000000000000e+00
-1.082187332176694827e+00 3.000000000000000000e+00
-9.746399516468013946e-01 3.000000000000000000e+00
-8.659516461193996761e-01 3.000000000000000000e+00
-8.009160230786316337e-01 3.000000000000000000e+00
-7.352184971939434988e-01 3.000000000000000000e+00
-7.159004579575601879e-01 3.000000000000000000e+00
-5.871900334296158430e-01 3.000000000000000000e+00
-3.392699051117975539e-01 3.000000000000000000e+00
-3.137942968277981359e-01 3.000000000000000000e+00
-2.115600417141157152e-01 3.000000000000000000e+00
-7.733009791118705678e-02 3.000000000000000000e+00
-1.772357924651461053e-02 3.000000000000000000e+00
1.783452694685596848e-02 3.000000000000000000e+00
1.068493574573960436e-01 3.000000000000000000e+00
1.904365903725720732e-01 3.000000000000000000e+00
2.833472162191304489e-01 3.000000000000000000e+00
3.823721824087475407e-01 3.000000000000000000e+00
4.689939963325084893e-01 3.000000000000000000e+00
6.126417379905484406e-01 3.000000000000000000e+00
7.675524331975048797e-01 3.000000000000000000e+00
8.276951351934613843e-01 3.000000000000000000e+00
8.888316572437917618e-01 3.000000000000000000e+00
8.948386005649908714e-01 3.000000000000000000e+00
9.468195246254956787e-01 3.000000000000000000e+00
1.019488260960866644e+00 3.000000000000000000e+00
1.033007095284085741e+00 3.000000000000000000e+00
1.212013784398307870e+00 3.000000000000000000e+00
1.253178976661420085e+00 3.000000000000000000e+00
1.327819560191554116e+00 3.000000000000000000e+00
1.459281340082568823e+00 3.000000000000000000e+00
1.511177334790675841e+00 3.000000000000000000e+00
1.601153860316171240e+00 3.000000000000000000e+00
1.760719666636428871e+00 3.000000000000000000e+00
2.020673141368535930e+00 3.000000000000000000e+00
2.120152233494248417e+00 3.000000000000000000e+00
2.209728717108609963e+00 3.000000000000000000e+00
2.292635646663701898e+00 3.000000000000000000e+00
2.391007055436419115e+00 3.000000000000000000e+00
2.446781167539466395e+00 3.000000000000000000e+00
2.472822290570630965e+00 3.000000000000000000e+00
2.541590406330642260e+00 3.000000000000000000e+00
2.666722418930290939e+00 3.000000000000000000e+00
2.738245606596938941e+00 3.000000000000000000e+00
2.981296534112802821e+00 3.000000000000000000e+00
3.217103086944905765e+00 3.000000000000000000e+00
3.309564811405515172e+00 3.000000000000000000e+00
3.398579852634866949e+00 3.000000000000000000e+00
3.545939519962022946e+00 3.000000000000000000e+00
3.649814119309423788e+00 3.000000000000000000e+00
3.903020455544387701e+00 3.000000000000000000e+00
4.067720751033130355e+00 3.000000000000000000e+00
4.167832975589006672e+00 3.000000000000000000e+00
4.481119807811509759e+00 3.000000000000000000e+00
4.886410668282247016e+00 3.000000000000000000e+00
5.147042568401014151e+00 3.000000000000000000e+00
5.621138872854491098e+00 3.000000000000000000e+00
6.126177382626609713e+00 3.000000000000000000e+00
-5.883741548185307479e+00 2.000000000000000000e+00
-5.179885615340882765e+00 2.000000000000000000e+00
-4.775905555203072694e+00 2.000000000000000000e+00
-4.485704187102751206e+00 2.000000000000000000e+00
-4.223387808244338792e+00 2.000000000000000000e+00
-3.847627895161747524e+00 2.000000000000000000e+00
-3.648186057380581548e+00 2.000000000000000000e+00
-3.500746908826874559e+00 2.000000000000000000e+00
-3.467678693547987301e+00 2.000000000000000000e+00
-3.089343451865090184e+00 2.000000000000000000e+00
-2.939232406218456717e+00 2.000000000000000000e+00
-2.874812426791033548e+00 2.000000000000000000e+00
-2.805486151487449842e+00 2.000000000000000000e+00
-2.655339510382758839e+00 2.000000000000000000e+00
-2.538482079241157763e+00 2.000000000000000000e+00
-2.490084936191654386e+00 2.000000000000000000e+00
-2.324616991117259168e+00 2.000000000000000000e+00
-2.231641880398016475e+00 2.000000000000000000e+00
-2.022164111886692872e+00 2.000000000000000000e+00
-1.920991255152479926e+00 2.000000000000000000e+00
-1.774614560945772190e+00 2.000000000000000000e+00
-1.705612476108517850e+00 2.000000000000000000e+00
-1.560101331212844888e+00 2.000000000000000000e+00
-1.464690021863758629e+00 2.000000000000000000e+00
-1.443450461892026748e+00 2.000000000000000000e+00
-1.389706411490156501e+00 2.000000000000000000e+00
-1.349369768573510209e+00 2.000000000000000000e+00
-1.119224106346944358e+00 2.000000000000000000e+00
-1.048247422105089255e+00 2.000000000000000000e+00
-1.029668263942686401e+00 2.000000000000000000e+00
-9.549034819073843883e-01 2.000000000000000000e+00
-8.726240588068079340e-01 2.000000000000000000e+00
-8.047057911449139178e-01 2.000000000000000000e+00
-7.201196862636077833e-01 2.000000000000000000e+00
-5.488336404918581213e-01 2.000000000000000000e+00
-4.487875010476091164e-01 2.000000000000000000e+00
-4.386012812260790539e-01 2.000000000000000000e+00
-3.856066435147065818e-01 2.000000000000000000e+00
-2.652204487619920781e-01 2.000000000000000000e+00
-2.357056832330827745e-01 2.000000000000000000e+00
-2.630393825957544687e-02 2.000000000000000000e+00
6.419367366964761137e-03 2.000000000000000000e+00
8.547611487662552798e-02 2.000000000000000000e+00
1.123132288658967026e-01 2.000000000000000000e+00
1.382118216153044310e-01 2.000000000000000000e+00
3.514120496895990486e-01 2.000000000000000000e+00
4.075973861917718266e-01 2.000000000000000000e+00
4.449373433739680084e-01 2.000000000000000000e+00
5.569935266492103132e-01 2.000000000000000000e+00
6.085811060375801995e-01 2.000000000000000000e+00
6.766262523311535881e-01 2.000000000000000000e+00
7.415127677745015911e-01 2.000000000000000000e+00
7.554774710563423312e-01 2.000000000000000000e+00
8.200759590290945811e-01 2.000000000000000000e+00
8.541940916658803395e-01 2.000000000000000000e+00
9.079672660299468179e-01 2.000000000000000000e+00
9.623870317008442754e-01 2.000000000000000000e+00
9.993325478568827469e-01 2.000000000000000000e+00
1.104622491804696738e+00 2.000000000000000000e+00
1.223491818432387745e+00 2.000000000000000000e+00
1.336862678343395228e+00 2.000000000000000000e+00
1.453498613220831404e+00 2.000000000000000000e+00
1.487340556574424211e+00 2.000000000000000000e+00
1.540023963200090718e+00 2.000000000000000000e+00
1.682390195667542221e+00 2.000000000000000000e+00
1.813276424172449275e+00 2.000000000000000000e+00
1.830740058726492814e+00 2.000000000000000000e+00
1.925242273201539733e+00 2.000000000000000000e+00
1.975158497585401296e+00 2.000000000000000000e+00
2.081882989314463472e+00 2.000000000000000000e+00
2.182855604802262039e+00 2.000000000000000000e+00
2.218776250882150691e+00 2.000000000000000000e+00
2.321772917882447995e+00 2.000000000000000000e+00
2.398433905876386607e+00 2.000000000000000000e+00
2.462199635131119280e+00 2.000000000000000000e+00
2.502282859208743826e+00 2.000000000000000000e+00
2.653589033128638253e+00 2.000000000000000000e+00
2.757556697964838932e+00 2.000000000000000000e+00
2.769545549348091384e+00 2.000000000000000000e+00
2.828937594953925938e+00 2.000000000000000000e+00
2.938661122498653633e+00 2.000000000000000000e+00
3.049130187347341092e+00 2.000000000000000000e+00
3.130754262357029027e+00 2.000000000000000000e+00
3.182910134866401730e+00 2.000000000000000000e+00
3.197831082778245904e+00 2.000000000000000000e+00
3.328762557335383399e+00 2.000000000000000000e+00
3.538513321779417353e+00 2.000000000000000000e+00
3.755066102126842775e+00 2.000000000000000000e+00
3.772562790125900900e+00 2.000000000000000000e+00
3.977181519361005169e+00 2.000000000000000000e+00
4.102831334482445413e+00 2.000000000000000000e+00
4.245020531967849564e+00 2.000000000000000000e+00
4.289286551185294449e+00 2.000000000000000000e+00
4.346996315586243220e+00 2.000000000000000000e+00
4.503359262138905805e+00 2.000000000000000000e+00
4.761903783433793613e+00 2.000000000000000000e+00
4.795296297932503116e+00 2.000000000000000000e+00
5.014213607045163279e+00 2.000000000000000000e+00
5.131360002240660911e+00 2.000000000000000000e+00
5.318521276840211698e+00 2.000000000000000000e+00
5.618441345012280763e+00 2.000000000000000000e+00
6.001793611357006064e+00 2.000000000000000000e+00
6.117579072498678272e+00 2.000000000000000000e+00
6.883582501454162283e+00 2.000000000000000000e+00
7.509601933579207689e+00 2.000000000000000000e+00
-5.250044769825086277e+00 1.000000000000000000e+00
-4.563654028383622219e+00 1.000000000000000000e+00
-4.289576936262907481e+00 1.000000000000000000e+00
-3.998883069609359353e+00 1.000000000000000000e+00
-3.613698191961128181e+00 1.000000000000000000e+00
-3.608736290174193062e+00 1.000000000000000000e+00
-3.198688984720785555e+00 1.000000000000000000e+00
-3.015867081741513633e+00 1.000000000000000000e+00
-2.857011015122018716e+00 1.000000000000000000e+00
-2.655030654074717056e+00 1.000000000000000000e+00
-2.455442951278948627e+00 1.000000000000000000e+00
-2.270583189399958624e+00 1.000000000000000000e+00
-2.150121018371379922e+00 1.000000000000000000e+00
-2.080466581023787231e+00 1.000000000000000000e+00
-1.839852967309564269e+00 1.000000000000000000e+00
-1.771677537028003124e+00 1.000000000000000000e+00
-1.725769871895634022e+00 1.000000000000000000e+00
-1.664131780202372068e+00 1.000000000000000000e+00
-1.505841243879886715e+00 1.000000000000000000e+00
-1.478162611126416337e+00 1.000000000000000000e+00
-1.403581045911498348e+00 1.000000000000000000e+00
-1.214426745016169873e+00 1.000000000000000000e+00
-1.127302865252282071e+00 1.000000000000000000e+00
-1.026369011368297945e+00 1.000000000000000000e+00
-8.516523505626234503e-01 1.000000000000000000e+00
-8.209334425572692995e-01 1.000000000000000000e+00
-5.862453346853476743e-01 1.000000000000000000e+00
-5.741582467588729477e-01 1.000000000000000000e+00
-5.123626723406311534e-01 1.000000000000000000e+00
-4.716826255286042380e-01 1.000000000000000000e+00
-3.714529249641551623e-01 1.000000000000000000e+00
-2.870261419224636734e-01 1.000000000000000000e+00
-1.840018505783889632e-02 1.000000000000000000e+00
6.365826802257960881e-02 1.000000000000000000e+00
1.448921310841799204e-01 1.000000000000000000e+00
3.177175274184140252e-01 1.000000000000000000e+00
3.362233563443917106e-01 1.000000000000000000e+00
4.503712009661334226e-01 1.000000000000000000e+00
5.056898162649982043e-01 1.000000000000000000e+00
5.722110382857659161e-01 1.000000000000000000e+00
6.222865824650495314e-01 1.000000000000000000e+00
6.964165835214044531e-01 1.000000000000000000e+00
7.236105795298879428e-01 1.000000000000000000e+00
7.674418432155203362e-01 1.000000000000000000e+00
9.182972445238454240e-01 1.000000000000000000e+00
1.020465571876387978e+00 1.000000000000000000e+00
1.089940690484191732e+00 1.000000000000000000e+00
1.177070871166255861e+00 1.000000000000000000e+00
1.229460033958185594e+00 1.000000000000000000e+00
1.348075019779173767e+00 1.000000000000000000e+00
1.550087189785797959e+00 1.000000000000000000e+00
1.670327469498803508e+00 1.000000000000000000e+00
1.834061792315441197e+00 1.000000000000000000e+00
1.909587669469022808e+00 1.000000000000000000e+00
1.939825012187779141e+00 1.000000000000000000e+00
2.007007105091146215e+00 1.000000000000000000e+00
2.098170721131860983e+00 1.000000000000000000e+00
2.247214212710036296e+00 1.000000000000000000e+00
2.345798442282041485e+00 1.000000000000000000e+00
2.427354722710151069e+00 1.000000000000000000e+00
2.504174288197011045e+00 1.000000000000000000e+00
2.657493972880983879e+00 1.000000000000000000e+00
2.735247848231629142e+00 1.000000000000000000e+00
2.816108201457201865e+00 1.000000000000000000e+00
2.874428822703995134e+00 1.000000000000000000e+00
2.973642355338074861e+00 1.000000000000000000e+00
2.996689844792362223e+00 1.000000000000000000e+00
3.129091863119880745e+00 1.000000000000000000e+00
3.199794547036304504e+00 1.000000000000000000e+00
3.270607798078864370e+00 1.000000000000000000e+00
3.461592157302206818e+00 1.000000000000000000e+00
3.604824945126490654e+00 1.000000000000000000e+00
3.839444465309359344e+00 1.000000000000000000e+00
3.936022283599041938e+00 1.000000000000000000e+00
4.023572121055319251e+00 1.000000000000000000e+00
4.170037757407904166e+00 1.000000000000000000e+00
4.281990691437097318e+00 1.000000000000000000e+00
4.347787953993019094e+00 1.000000000000000000e+00
4.454092729242137949e+00 1.000000000000000000e+00
4.708252208743807010e+00 1.000000000000000000e+00
4.932589953795486259e+00 1.000000000000000000e+00
5.148913971821476032e+00 1.000000000000000000e+00
5.261372417483171304e+00 1.000000000000000000e+00
5.421052588469422950e+00 1.000000000000000000e+00
5.699546286831369990e+00 1.000000000000000000e+00
5.856646248444152825e+00 1.000000000000000000e+00
6.045665469050124585e+00 1.000000000000000000e+00
6.534288432855776207e+00 1.000000000000000000e+00
6.758251720506283533e+00 1.000000000000000000e+00
7.241492922890074624e+00 1.000000000000000000e+00
8.360854802028818256e+00 1.000000000000000000e+00
-4.576891758534244126e+00 0.000000000000000000e+00
-3.631501194053852188e+00 0.000000000000000000e+00
-2.958959283993178868e+00 0.000000000000000000e+00
-2.721968869634868060e+00 0.000000000000000000e+00
-1.951976102610023744e+00 0.000000000000000000e+00
-1.765259512760876115e+00 0.000000000000000000e+00
-1.512379635154619484e+00 0.000000000000000000e+00
-1.419234745397459863e+00 0.000000000000000000e+00
-1.176015671486527969e+00 0.000000000000000000e+00
-9.431823953191098564e-01 0.000000000000000000e+00
-4.952506271724653741e-01 0.000000000000000000e+00
-1.799758859432333824e-01 0.000000000000000000e+00
-2.752640675729555245e-02 0.000000000000000000e+00
3.746050967345996296e-01 0.000000000000000000e+00
4.452323455060211987e-01 0.000000000000000000e+00
6.981346659632422513e-01 0.000000000000000000e+00
9.095014041799682758e-01 0.000000000000000000e+00
9.409228334549200046e-01 0.000000000000000000e+00
1.095033763556387152e+00 0.000000000000000000e+00
1.581217989984569749e+00 0.000000000000000000e+00
1.736790122099368228e+00 0.000000000000000000e+00
1.848527920254146695e+00 0.000000000000000000e+00
2.358915749650253968e+00 0.000000000000000000e+00
2.520167889844389109e+00 0.000000000000000000e+00
2.732530201846928186e+00 0.000000000000000000e+00
3.105932797235876563e+00 0.000000000000000000e+00
3.415686322369233086e+00 0.000000000000000000e+00
3.725073866760641117e+00 0.000000000000000000e+00
4.067474058280650340e+00 0.000000000000000000e+00
4.139884847004010382e+00 0.000000000000000000e+00
4.652501859180063981e+00 0.000000000000000000e+00
5.025420432571292118e+00 0.000000000000000000e+00
5.432079936061407821e+00 0.000000000000000000e+00
6.062131752303933752e+00 0.000000000000000000e+00
6.604937638980518777e+00 0.000000000000000000e+00
7.887418594995317278e+00 0.000000000000000000e+00
