# Runtime: 24.62621831893921
-4.999999999999997335e+00 8.000000000000000000e+00
-6.338230779168682716e+00 7.000000000000000000e+00
-4.772544293085262623e+00 7.000000000000000000e+00
-4.240589543053626009e+00 7.000000000000000000e+00
-3.698747353708749852e+00 7.000000000000000000e+00
-2.471344679705886005e+00 7.000000000000000000e+00
-2.077386635411903715e+00 7.000000000000000000e+00
-1.401156715865865099e+00 7.000000000000000000e+00
-6.909392940639562219e+00 6.000000000000000000e+00
-6.050346160539903373e+00 6.000000000000000000e+00
-5.495215919486271972e+00 6.000000000000000000e+00
-5.041903394411636263e+00 6.000000000000000000e+00
-4.532475043862585373e+00 6.000000000000000000e+00
-4.041159136284931286e+00 6.000000000000000000e+00
-3.977992855082803647e+00 6.000000000000000000e+00
-3.816655698839821476e+00 6.000000000000000000e+00
-3.496656917135497977e+00 6.000000000000000000e+00
-3.398087079917307296e+00 6.000000000000000000e+00
-3.003798703608536513e+00 6.000000000000000000e+00
-2.874436812716354428e+00 6.000000000000000000e+00
-2.497986251026541371e+00 6.000000000000000000e+00
-2.237552951384897071e+00 6.000000000000000000e+00
-2.097426937406457359e+00 6.000000000000000000e+00
-2.026905424481510565e+00 6.000000000000000000e+00
-1.791944584598190948e+00 6.000000000000000000e+00
-1.596768336161034529e+00 6.000000000000000000e+00
-1.153076449054192265e+00 6.000000000000000000e+00
-8.368146248379009222e-01 6.000000000000000000e+00
-7.424575294359965216e-01 6.000000000000000000e+00
-5.361617904331089646e-01 6.000000000000000000e+00
-2.285649156125511006e-01 6.000000000000000000e+00
-1.239334260316069664e-01 6.000000000000000000e+00
2.161920441206232057e-01 6.000000000000000000e+00
4.811290693133588592e-01 6.000000000000000000e+00
1.277458035053814056e+00 6.000000000000000000e+00
1.532934734501448792e+00 6.000000000000000000e+00
-7.145606588694779049e+00 5.000000000000000000e+00
-6.462612318819698665e+00 5.000000000000000000e+00
-5.751088948658442668e+00 5.000000000000000000e+00
-5.681553969060707310e+00 5.000000000000000000e+00
-5.377199943393262238e+00 5.000000000000000000e+00
-5.095659324483535535e+00 5.000000000000000000e+00
-4.699704691729531092e+00 5.000000000000000000e+00
-4.438613774137295742e+00 5.000000000000000000e+00
-4.294940599785610047e+00 5.000000000000000000e+00
-4.265022738273630765e+00 5.000000000000000000e+00
-4.025034988635847633e+00 5.000000000000000000e+00
-3.937576521476927827e+00 5.000000000000000000e+00
-3.757064926150876616e+00 5.000000000000000000e+00
-3.654940166179122762e+00 5.000000000000000000e+00
-3.647428953069081548e+00 5.000000000000000000e+00
-3.437665323732615352e+00 5.000000000000000000e+00
-3.383353750982979413e+00 5.000000000000000000e+00
-3.272832171902436471e+00 5.000000000000000000e+00
-3.155877189971583174e+00 5.000000000000000000e+00
-3.002745030034833729e+00 5.000000000000000000e+00
-2.798076589057362451e+00 5.000000000000000000e+00
-2.772129213491459243e+00 5.000000000000000000e+00
-2.672633807180510246e+00 5.000000000000000000e+00
-2.509937421254182066e+00 5.000000000000000000e+00
-2.422460975189424826e+00 5.000000000000000000e+00
-2.368618611572947508e+00 5.000000000000000000e+00
-2.302405992591487482e+00 5.000000000000000000e+00
-2.149194023222849470e+00 5.000000000000000000e+00
-2.038813294545397170e+00 5.000000000000000000e+00
-1.979696304380591076e+00 5.000000000000000000e+00
-1.902776677734582034e+00 5.000000000000000000e+00
-1.839218618319267584e+00 5.000000000000000000e+00
-1.767836040089231453e+00 5.000000000000000000e+00
-1.663671527347840184e+00 5.000000000000000000e+00
-1.508235923234054310e+00 5.000000000000000000e+00
-1.457105644723319049e+00 5.000000000000000000e+00
-1.396710675591702921e+00 5.000000000000000000e+00
-1.343537219352277212e+00 5.000000000000000000e+00
-1.271834115228050122e+00 5.000000000000000000e+00
-1.195450210342257513e+00 5.000000000000000000e+00
-9.576637116692031659e-01 5.000000000000000000e+00
-8.602059054856006082e-01 5.000000000000000000e+00
-7.738183725404005342e-01 5.000000000000000000e+00
-6.910645104860629884e-01 5.000000000000000000e+00
-6.704559302319144098e-01 5.000000000000000000e+00
-5.518306704247736283e-01 5.000000000000000000e+00
-4.430544778453494592e-01 5.000000000000000000e+00
-3.976659120706628747e-01 5.000000000000000000e+00
-3.191722831263315019e-01 5.000000000000000000e+00
-3.132754218986860129e-01 5.000000000000000000e+00
-1.864716796176562330e-01 5.000000000000000000e+00
3.590868268101756605e-02 5.000000000000000000e+00
1.660971756709370417e-01 5.000000000000000000e+00
2.709120473330761114e-01 5.000000000000000000e+00
3.482838387208649911e-01 5.000000000000000000e+00
3.792032758473487530e-01 5.000000000000000000e+00
5.058741603119141228e-01 5.000000000000000000e+00
6.958198776011456088e-01 5.000000000000000000e+00
7.408313380121560598e-01 5.000000000000000000e+00
8.135219374373473533e-01 5.000000000000000000e+00
8.858109789951847945e-01 5.000000000000000000e+00
1.016847061758622273e+00 5.000000000000000000e+00
1.178704396096368789e+00 5.000000000000000000e+00
1.198681046345974277e+00 5.000000000000000000e+00
1.480620459297442126e+00 5.000000000000000000e+00
1.554393655237033434e+00 5.000000000000000000e+00
1.815015742573628854e+00 5.000000000000000000e+00
2.086958400905609690e+00 5.000000000000000000e+00
2.243398600546137267e+00 5.000000000000000000e+00
2.377642118615290734e+00 5.000000000000000000e+00
2.403466376781873581e+00 5.000000000000000000e+00
2.729973720480025179e+00 5.000000000000000000e+00
3.089372384018228779e+00 5.000000000000000000e+00
3.272287806799537346e+00 5.000000000000000000e+00
3.492451554922776147e+00 5.000000000000000000e+00
4.229467042028747237e+00 5.000000000000000000e+00
-7.292248462753393667e+00 4.000000000000000000e+00
-6.640534866887535692e+00 4.000000000000000000e+00
-5.985737612556355280e+00 4.000000000000000000e+00
-5.843263545516111712e+00 4.000000000000000000e+00
-5.564832720918512443e+00 4.000000000000000000e+00
-5.360719969704466514e+00 4.000000000000000000e+00
-5.247472244788704998e+00 4.000000000000000000e+00
-5.051053189332051829e+00 4.000000000000000000e+00
-4.694209582273607850e+00 4.000000000000000000e+00
-4.685048008845923206e+00 4.000000000000000000e+00
-4.491196127654390580e+00 4.000000000000000000e+00
-4.430773428278821591e+00 4.000000000000000000e+00
-4.283604827203449261e+00 4.000000000000000000e+00
-4.175867806645888081e+00 4.000000000000000000e+00
-4.079625166850818552e+00 4.000000000000000000e+00
-4.001888005828639905e+00 4.000000000000000000e+00
-3.896584929570496403e+00 4.000000000000000000e+00
-3.778825389205423324e+00 4.000000000000000000e+00
-3.702685351974560390e+00 4.000000000000000000e+00
-3.593361063464685312e+00 4.000000000000000000e+00
-3.561211407197542478e+00 4.000000000000000000e+00
-3.448732668403974078e+00 4.000000000000000000e+00
-3.408023412886431291e+00 4.000000000000000000e+00
-3.247989222899378081e+00 4.000000000000000000e+00
-3.176973524960785333e+00 4.000000000000000000e+00
-3.096043148068384099e+00 4.000000000000000000e+00
-3.028662064463324644e+00 4.000000000000000000e+00
-2.982425252583515984e+00 4.000000000000000000e+00
-2.943243905605513522e+00 4.000000000000000000e+00
-2.890324190863281295e+00 4.000000000000000000e+00
-2.846899323142793037e+00 4.000000000000000000e+00
-2.735463537423222125e+00 4.000000000000000000e+00
-2.701872600923305168e+00 4.000000000000000000e+00
-2.611966150391180186e+00 4.000000000000000000e+00
-2.543494241638782682e+00 4.000000000000000000e+00
-2.494588857273875249e+00 4.000000000000000000e+00
-2.440989495969551282e+00 4.000000000000000000e+00
-2.349998576057423794e+00 4.000000000000000000e+00
-2.251336690674880181e+00 4.000000000000000000e+00
-2.223394882914315307e+00 4.000000000000000000e+00
-2.175762726558990057e+00 4.000000000000000000e+00
-2.101064624765581534e+00 4.000000000000000000e+00
-2.078339978464763149e+00 4.000000000000000000e+00
-2.058568729374826933e+00 4.000000000000000000e+00
-2.019088717632997465e+00 4.000000000000000000e+00
-1.943623391165785197e+00 4.000000000000000000e+00
-1.866476613232586068e+00 4.000000000000000000e+00
-1.821234196743330536e+00 4.000000000000000000e+00
-1.799222022799675358e+00 4.000000000000000000e+00
-1.742637395060508965e+00 4.000000000000000000e+00
-1.717444150503436573e+00 4.000000000000000000e+00
-1.633435463005133981e+00 4.000000000000000000e+00
-1.591906268569718730e+00 4.000000000000000000e+00
-1.463889580780805666e+00 4.000000000000000000e+00
-1.435495445305716711e+00 4.000000000000000000e+00
-1.412055510249850210e+00 4.000000000000000000e+00
-1.374075134882540628e+00 4.000000000000000000e+00
-1.266006037983445465e+00 4.000000000000000000e+00
-1.219482756625644759e+00 4.000000000000000000e+00
-1.144413767284601757e+00 4.000000000000000000e+00
-1.092685355759925425e+00 4.000000000000000000e+00
-1.063028670877416149e+00 4.000000000000000000e+00
-1.000579745269231102e+00 4.000000000000000000e+00
-9.932302603081790693e-01 4.000000000000000000e+00
-9.258537721119187713e-01 4.000000000000000000e+00
-8.763969099854873601e-01 4.000000000000000000e+00
-8.437396473395427643e-01 4.000000000000000000e+00
-7.731752628872564648e-01 4.000000000000000000e+00
-7.627172341205566974e-01 4.000000000000000000e+00
-7.398743792790609675e-01 4.000000000000000000e+00
-7.037089931822049227e-01 4.000000000000000000e+00
-6.481029751224948177e-01 4.000000000000000000e+00
-5.805172969317061726e-01 4.000000000000000000e+00
-5.405619049659123876e-01 4.000000000000000000e+00
-4.815464629980271694e-01 4.000000000000000000e+00
-4.295792137157272705e-01 4.000000000000000000e+00
-4.048009010855519452e-01 4.000000000000000000e+00
-3.605524108492862423e-01 4.000000000000000000e+00
-2.778246007409888030e-01 4.000000000000000000e+00
-2.393687940890873445e-01 4.000000000000000000e+00
-1.687957562704720527e-01 4.000000000000000000e+00
-1.203635083306676679e-01 4.000000000000000000e+00
-1.032239230672268721e-01 4.000000000000000000e+00
-7.477282437266304094e-02 4.000000000000000000e+00
-4.912024613131228158e-03 4.000000000000000000e+00
4.901647076909437448e-03 4.000000000000000000e+00
1.136922658421385124e-01 4.000000000000000000e+00
1.474491929661978784e-01 4.000000000000000000e+00
2.050137913220870800e-01 4.000000000000000000e+00
2.582812500701985314e-01 4.000000000000000000e+00
2.806635202883512870e-01 4.000000000000000000e+00
3.251941249738427575e-01 4.000000000000000000e+00
3.962438422215798228e-01 4.000000000000000000e+00
4.498288894151791228e-01 4.000000000000000000e+00
4.872485808199972790e-01 4.000000000000000000e+00
5.443530311692243995e-01 4.000000000000000000e+00
5.816227549548719233e-01 4.000000000000000000e+00
6.407623876008381458e-01 4.000000000000000000e+00
6.607231487354993105e-01 4.000000000000000000e+00
7.276001982128613710e-01 4.000000000000000000e+00
7.876345529319221939e-01 4.000000000000000000e+00
8.286053035869163086e-01 4.000000000000000000e+00
8.492161901666408497e-01 4.000000000000000000e+00
9.205068983028397156e-01 4.000000000000000000e+00
9.776847509509463130e-01 4.000000000000000000e+00
1.046175630791930544e+00 4.000000000000000000e+00
1.160354462144291832e+00 4.000000000000000000e+00
1.192302432962548897e+00 4.000000000000000000e+00
1.213310242064993272e+00 4.000000000000000000e+00
1.274793554131746998e+00 4.000000000000000000e+00
1.305833908588854841e+00 4.000000000000000000e+00
1.395593288870291104e+00 4.000000000000000000e+00
1.396840106207808185e+00 4.000000000000000000e+00
1.419321963855328717e+00 4.000000000000000000e+00
1.447127830703957230e+00 4.000000000000000000e+00
1.564853515466092748e+00 4.000000000000000000e+00
1.664140860582684400e+00 4.000000000000000000e+00
1.685887973824176989e+00 4.000000000000000000e+00
1.762298702332006473e+00 4.000000000000000000e+00
1.789666143405880261e+00 4.000000000000000000e+00
1.943633322402712915e+00 4.000000000000000000e+00
2.055141948045881684e+00 4.000000000000000000e+00
2.157912009154096644e+00 4.000000000000000000e+00
2.186796617678774535e+00 4.000000000000000000e+00
2.195417332867288351e+00 4.000000000000000000e+00
2.263456006778279850e+00 4.000000000000000000e+00
2.280203405079631374e+00 4.000000000000000000e+00
2.315412678384554113e+00 4.000000000000000000e+00
2.361651564465975017e+00 4.000000000000000000e+00
2.436155463849190905e+00 4.000000000000000000e+00
2.624623777530477930e+00 4.000000000000000000e+00
2.670330891804475026e+00 4.000000000000000000e+00
2.680553542126528743e+00 4.000000000000000000e+00
2.752649178012802178e+00 4.000000000000000000e+00
2.807327849706814149e+00 4.000000000000000000e+00
2.900684856544804013e+00 4.000000000000000000e+00
2.913242451393401211e+00 4.000000000000000000e+00
3.142736341483357787e+00 4.000000000000000000e+00
3.220734423785205802e+00 4.000000000000000000e+00
3.291190602833792944e+00 4.000000000000000000e+00
3.498424842056791384e+00 4.000000000000000000e+00
3.740052153138350821e+00 4.000000000000000000e+00
3.832736757472288147e+00 4.000000000000000000e+00
3.927859528691112434e+00 4.000000000000000000e+00
4.028136258174713547e+00 4.000000000000000000e+00
4.256212804820955320e+00 4.000000000000000000e+00
4.269424608743136673e+00 4.000000000000000000e+00
4.483634774195554229e+00 4.000000000000000000e+00
4.686360060343518263e+00 4.000000000000000000e+00
4.695964898044636016e+00 4.000000000000000000e+00
5.077449762300575209e+00 4.000000000000000000e+00
5.289842036363681110e+00 4.000000000000000000e+00
6.063084219931429431e+00 4.000000000000000000e+00
6.302536888112552305e+00 4.000000000000000000e+00
-7.390757702539639595e+00 3.000000000000000000e+00
-6.747851492913276239e+00 3.000000000000000000e+00
-6.094349631394608835e+00 3.000000000000000000e+00
-5.933347263313033970e+00 3.000000000000000000e+00
-5.661427981316093039e+00 3.000000000000000000e+00
-5.452568509505588246e+00 3.000000000000000000e+00
-5.354794638921812400e+00 3.000000000000000000e+00
-5.158757185035382165e+00 3.000000000000000000e+00
-4.938509229776868459e+00 3.000000000000000000e+00
-4.762462346491804333e+00 3.000000000000000000e+00
-4.561889953524166152e+00 3.000000000000000000e+00
-4.447298734802878073e+00 3.000000000000000000e+00
-4.399314239739119614e+00 3.000000000000000000e+00
-4.390902135281391061e+00 3.000000000000000000e+00
-4.223706661714418331e+00 3.000000000000000000e+00
-4.193801927899351689e+00 3.000000000000000000e+00
-4.104527638276434409e+00 3.000000000000000000e+00
-4.033207702176252241e+00 3.000000000000000000e+00
-3.911942174260754523e+00 3.000000000000000000e+00
-3.859657937653875326e+00 3.000000000000000000e+00
-3.702544808601893500e+00 3.000000000000000000e+00
-3.671279910248256506e+00 3.000000000000000000e+00
-3.647324926914221610e+00 3.000000000000000000e+00
-3.633348396442897865e+00 3.000000000000000000e+00
-3.509337949034910142e+00 3.000000000000000000e+00
-3.407722562538979094e+00 3.000000000000000000e+00
-3.342807919272382300e+00 3.000000000000000000e+00
-3.270683277461069238e+00 3.000000000000000000e+00
-3.216255981086474591e+00 3.000000000000000000e+00
-3.106458614625567716e+00 3.000000000000000000e+00
-3.092675263454706780e+00 3.000000000000000000e+00
-3.037033488694116379e+00 3.000000000000000000e+00
-2.983296888877243092e+00 3.000000000000000000e+00
-2.879084927470357158e+00 3.000000000000000000e+00
-2.782946542983419480e+00 3.000000000000000000e+00
-2.746133392202687151e+00 3.000000000000000000e+00
-2.689678123680839139e+00 3.000000000000000000e+00
-2.661832297472459086e+00 3.000000000000000000e+00
-2.621612753372803972e+00 3.000000000000000000e+00
-2.571716781234400617e+00 3.000000000000000000e+00
-2.537441541392349897e+00 3.000000000000000000e+00
-2.474066814387837709e+00 3.000000000000000000e+00
-2.453177030142367432e+00 3.000000000000000000e+00
-2.388234490013580569e+00 3.000000000000000000e+00
-2.370749550999545985e+00 3.000000000000000000e+00
-2.314593315295697007e+00 3.000000000000000000e+00
-2.290601466297813360e+00 3.000000000000000000e+00
-2.196901591715283431e+00 3.000000000000000000e+00
-2.159279022232378331e+00 3.000000000000000000e+00
-2.116322464274900561e+00 3.000000000000000000e+00
-2.069440764170192182e+00 3.000000000000000000e+00
-2.037992098441952837e+00 3.000000000000000000e+00
-2.009409525994048540e+00 3.000000000000000000e+00
-1.987436869216749002e+00 3.000000000000000000e+00
-1.934104620369088146e+00 3.000000000000000000e+00
-1.904438881429668440e+00 3.000000000000000000e+00
-1.850370977389402372e+00 3.000000000000000000e+00
-1.791966165985454218e+00 3.000000000000000000e+00
-1.736049727769529705e+00 3.000000000000000000e+00
-1.679260299976185200e+00 3.000000000000000000e+00
-1.650130962655167677e+00 3.000000000000000000e+00
-1.622568317085249623e+00 3.000000000000000000e+00
-1.561362644788355736e+00 3.000000000000000000e+00
-1.524843597278195073e+00 3.000000000000000000e+00
-1.488356012059293798e+00 3.000000000000000000e+00
-1.460422442885154659e+00 3.000000000000000000e+00
-1.450054325097797525e+00 3.000000000000000000e+00
-1.404118719269705329e+00 3.000000000000000000e+00
-1.312806068831350315e+00 3.000000000000000000e+00
-1.282699447740905274e+00 3.000000000000000000e+00
-1.272265526477406095e+00 3.000000000000000000e+00
-1.239062882060925741e+00 3.000000000000000000e+00
-1.220637654728643051e+00 3.000000000000000000e+00
-1.169826853592133453e+00 3.000000000000000000e+00
-1.144807564428203639e+00 3.000000000000000000e+00
-1.092334343173584355e+00 3.000000000000000000e+00
-1.067673093351402036e+00 3.000000000000000000e+00
-1.019606712570354734e+00 3.000000000000000000e+00
-9.832638547288433672e-01 3.000000000000000000e+00
-9.643643925896497882e-01 3.000000000000000000e+00
-8.935570660387683883e-01 3.000000000000000000e+00
-8.647758897698714087e-01 3.000000000000000000e+00
-8.349891802319935330e-01 3.000000000000000000e+00
-8.219670011084106998e-01 3.000000000000000000e+00
-7.799814407028384800e-01 3.000000000000000000e+00
-7.622405994188390377e-01 3.000000000000000000e+00
-7.255735011622468367e-01 3.000000000000000000e+00
-6.759378772911542876e-01 3.000000000000000000e+00
-6.570410723830797384e-01 3.000000000000000000e+00
-5.864925705240343623e-01 3.000000000000000000e+00
-5.430997379583258899e-01 3.000000000000000000e+00
-5.297187293014745668e-01 3.000000000000000000e+00
-5.076372698302658026e-01 3.000000000000000000e+00
-4.553983253027568678e-01 3.000000000000000000e+00
-4.341205235263206896e-01 3.000000000000000000e+00
-4.183207053304862644e-01 3.000000000000000000e+00
-3.813474399881048860e-01 3.000000000000000000e+00
-3.073073944026329940e-01 3.000000000000000000e+00
-2.835931655707824572e-01 3.000000000000000000e+00
-2.568998683035720876e-01 3.000000000000000000e+00
-2.342106542132088298e-01 3.000000000000000000e+00
-2.002291636600051772e-01 3.000000000000000000e+00
-1.611301519910803559e-01 3.000000000000000000e+00
-1.445584169065496083e-01 3.000000000000000000e+00
-9.511386454910389365e-02 3.000000000000000000e+00
-8.596727105776388878e-02 3.000000000000000000e+00
-7.587469064623343640e-02 3.000000000000000000e+00
2.004049981751197113e-02 3.000000000000000000e+00
4.506232704795131577e-02 3.000000000000000000e+00
8.820920976265296531e-02 3.000000000000000000e+00
1.361062329819486827e-01 3.000000000000000000e+00
1.396674922806236674e-01 3.000000000000000000e+00
1.830983905246199861e-01 3.000000000000000000e+00
2.059796947037703940e-01 3.000000000000000000e+00
2.378259953584483111e-01 3.000000000000000000e+00
2.651088831687066771e-01 3.000000000000000000e+00
2.778524147382162579e-01 3.000000000000000000e+00
3.371450708111013439e-01 3.000000000000000000e+00
3.574918558304892580e-01 3.000000000000000000e+00
4.027544163494873319e-01 3.000000000000000000e+00
4.535090327184035930e-01 3.000000000000000000e+00
4.703671996720116821e-01 3.000000000000000000e+00
4.889048504145701024e-01 3.000000000000000000e+00
4.998882614929568979e-01 3.000000000000000000e+00
5.271083085735762674e-01 3.000000000000000000e+00
5.504224156536771106e-01 3.000000000000000000e+00
5.946563562483303533e-01 3.000000000000000000e+00
6.569859955826269360e-01 3.000000000000000000e+00
6.919818545830104251e-01 3.000000000000000000e+00
7.019472702282455456e-01 3.000000000000000000e+00
7.356376170698605277e-01 3.000000000000000000e+00
7.626045523279876281e-01 3.000000000000000000e+00
7.872374245484828892e-01 3.000000000000000000e+00
8.031017164057129287e-01 3.000000000000000000e+00
8.179058939623380375e-01 3.000000000000000000e+00
8.692369571009805895e-01 3.000000000000000000e+00
8.872149969890424925e-01 3.000000000000000000e+00
9.193246365462153236e-01 3.000000000000000000e+00
9.740607816898451121e-01 3.000000000000000000e+00
9.858661673317313801e-01 3.000000000000000000e+00
1.021682629742836523e+00 3.000000000000000000e+00
1.076696111239394238e+00 3.000000000000000000e+00
1.105287353971565745e+00 3.000000000000000000e+00
1.118139149058417603e+00 3.000000000000000000e+00
1.172123917483645750e+00 3.000000000000000000e+00
1.195576412197255634e+00 3.000000000000000000e+00
1.234335951766843964e+00 3.000000000000000000e+00
1.278200909723631540e+00 3.000000000000000000e+00
1.308489982753624936e+00 3.000000000000000000e+00
1.353296813951275768e+00 3.000000000000000000e+00
1.376879463217697941e+00 3.000000000000000000e+00
1.412345772905143404e+00 3.000000000000000000e+00
1.483761931121917677e+00 3.000000000000000000e+00
1.499007760035630188e+00 3.000000000000000000e+00
1.577715105086333391e+00 3.000000000000000000e+00
1.601638809362586180e+00 3.000000000000000000e+00
1.638270348634043749e+00 3.000000000000000000e+00
1.691190209787343024e+00 3.000000000000000000e+00
1.711980717247158612e+00 3.000000000000000000e+00
1.732906869923311888e+00 3.000000000000000000e+00
1.740341306983463454e+00 3.000000000000000000e+00
1.790452742453582768e+00 3.000000000000000000e+00
1.822346111336048624e+00 3.000000000000000000e+00
1.868396814966786668e+00 3.000000000000000000e+00
1.905743098599862684e+00 3.000000000000000000e+00
1.951040397038016350e+00 3.000000000000000000e+00
1.966964609000402264e+00 3.000000000000000000e+00
2.010663818866766928e+00 3.000000000000000000e+00
2.033535170380731838e+00 3.000000000000000000e+00
2.102142899487956296e+00 3.000000000000000000e+00
2.118127462906485015e+00 3.000000000000000000e+00
2.172781155384477803e+00 3.000000000000000000e+00
2.182774411156750194e+00 3.000000000000000000e+00
2.226582434798371590e+00 3.000000000000000000e+00
2.299801752462137472e+00 3.000000000000000000e+00
2.309380778231075571e+00 3.000000000000000000e+00
2.315053463889984009e+00 3.000000000000000000e+00
2.365991814279532424e+00 3.000000000000000000e+00
2.391613801066695189e+00 3.000000000000000000e+00
2.421932578255443946e+00 3.000000000000000000e+00
2.482327390508292098e+00 3.000000000000000000e+00
2.511247477112178217e+00 3.000000000000000000e+00
2.572004669835100898e+00 3.000000000000000000e+00
2.628392990238052729e+00 3.000000000000000000e+00
2.652692550369650348e+00 3.000000000000000000e+00
2.708127220946924929e+00 3.000000000000000000e+00
2.727264480099438781e+00 3.000000000000000000e+00
2.750579701298141444e+00 3.000000000000000000e+00
2.854443095536579822e+00 3.000000000000000000e+00
2.874968741841730679e+00 3.000000000000000000e+00
2.895722196989018560e+00 3.000000000000000000e+00
2.934434168284886457e+00 3.000000000000000000e+00
3.011933827887693926e+00 3.000000000000000000e+00
3.037836940160450805e+00 3.000000000000000000e+00
3.054378778414982509e+00 3.000000000000000000e+00
3.099822600950496998e+00 3.000000000000000000e+00
3.112247673252380054e+00 3.000000000000000000e+00
3.149737796657336553e+00 3.000000000000000000e+00
3.211243463319610303e+00 3.000000000000000000e+00
3.269685403512338162e+00 3.000000000000000000e+00
3.327701888872288460e+00 3.000000000000000000e+00
3.426813394558422932e+00 3.000000000000000000e+00
3.570181739785728059e+00 3.000000000000000000e+00
3.613795641791925917e+00 3.000000000000000000e+00
3.685589221952098704e+00 3.000000000000000000e+00
3.726467760842231414e+00 3.000000000000000000e+00
3.761183002118944962e+00 3.000000000000000000e+00
3.861470481348806771e+00 3.000000000000000000e+00
3.886212045494361167e+00 3.000000000000000000e+00
3.971566038703814971e+00 3.000000000000000000e+00
4.052787018277708597e+00 3.000000000000000000e+00
4.066767856098980616e+00 3.000000000000000000e+00
4.083835882422746977e+00 3.000000000000000000e+00
4.164280135472206545e+00 3.000000000000000000e+00
4.241533722664325268e+00 3.000000000000000000e+00
4.252375322827741222e+00 3.000000000000000000e+00
4.332283816923139241e+00 3.000000000000000000e+00
4.396797003177598029e+00 3.000000000000000000e+00
4.433012545189468412e+00 3.000000000000000000e+00
4.518596660308598523e+00 3.000000000000000000e+00
4.538956004228321461e+00 3.000000000000000000e+00
4.624149284637090851e+00 3.000000000000000000e+00
4.744874347358330802e+00 3.000000000000000000e+00
4.934915573602343564e+00 3.000000000000000000e+00
5.180731054369267063e+00 3.000000000000000000e+00
5.225289446225144019e+00 3.000000000000000000e+00
5.325178668850380603e+00 3.000000000000000000e+00
5.422528586354111724e+00 3.000000000000000000e+00
5.560259613099839626e+00 3.000000000000000000e+00
5.673473961919854425e+00 3.000000000000000000e+00
5.733444771872155066e+00 3.000000000000000000e+00
5.970375430743678713e+00 3.000000000000000000e+00
6.145345064230482990e+00 3.000000000000000000e+00
6.213541107608195446e+00 3.000000000000000000e+00
6.516394834428542282e+00 3.000000000000000000e+00
7.216640891854007478e+00 3.000000000000000000e+00
7.575825876519838076e+00 3.000000000000000000e+00
8.171211619045248398e+00 3.000000000000000000e+00
-7.456826200899297596e+00 2.000000000000000000e+00
-6.816655846086322690e+00 2.000000000000000000e+00
-6.160303147713218408e+00 2.000000000000000000e+00
-5.724341633543487795e+00 2.000000000000000000e+00
-5.512122903630976012e+00 2.000000000000000000e+00
-5.418351537873768997e+00 2.000000000000000000e+00
-5.225051681517144608e+00 2.000000000000000000e+00
-4.974582780994049713e+00 2.000000000000000000e+00
-4.848817213932054671e+00 2.000000000000000000e+00
-4.632805535940922148e+00 2.000000000000000000e+00
-4.601733896603446006e+00 2.000000000000000000e+00
-4.509829217264582191e+00 2.000000000000000000e+00
-4.406621216620396631e+00 2.000000000000000000e+00
-4.256957995890451762e+00 2.000000000000000000e+00
-4.199918128653541416e+00 2.000000000000000000e+00
-3.982616584439424123e+00 2.000000000000000000e+00
-3.955504536144647698e+00 2.000000000000000000e+00
-3.798944011760470030e+00 2.000000000000000000e+00
-3.776244974837542401e+00 2.000000000000000000e+00
-3.727395964167378395e+00 2.000000000000000000e+00
-3.662006585747849652e+00 2.000000000000000000e+00
-3.637983483681983099e+00 2.000000000000000000e+00
-3.545608173681780606e+00 2.000000000000000000e+00
-3.446978720025474452e+00 2.000000000000000000e+00
-3.356656095369051851e+00 2.000000000000000000e+00
-3.302045377194797737e+00 2.000000000000000000e+00
-3.197523768659905841e+00 2.000000000000000000e+00
-3.137485333157551626e+00 2.000000000000000000e+00
-3.092023952672831033e+00 2.000000000000000000e+00
-2.988616842215741976e+00 2.000000000000000000e+00
-2.976021202288610112e+00 2.000000000000000000e+00
-2.911461230593989757e+00 2.000000000000000000e+00
-2.854152581743038208e+00 2.000000000000000000e+00
-2.761102936699448840e+00 2.000000000000000000e+00
-2.727397741416655030e+00 2.000000000000000000e+00
-2.711719990702747829e+00 2.000000000000000000e+00
-2.683601373113976507e+00 2.000000000000000000e+00
-2.670478496062770102e+00 2.000000000000000000e+00
-2.632443145947771512e+00 2.000000000000000000e+00
-2.544194878024393702e+00 2.000000000000000000e+00
-2.464739953705167963e+00 2.000000000000000000e+00
-2.405129685154681063e+00 2.000000000000000000e+00
-2.387724810969123812e+00 2.000000000000000000e+00
-2.354106436021461857e+00 2.000000000000000000e+00
-2.313995276276271440e+00 2.000000000000000000e+00
-2.294432291568710536e+00 2.000000000000000000e+00
-2.190244567433268674e+00 2.000000000000000000e+00
-2.171678859158148178e+00 2.000000000000000000e+00
-2.125812818828132666e+00 2.000000000000000000e+00
-2.081319400935265573e+00 2.000000000000000000e+00
-1.985783267723944423e+00 2.000000000000000000e+00
-1.942320476888017344e+00 2.000000000000000000e+00
-1.912173764373494400e+00 2.000000000000000000e+00
-1.861098979746408144e+00 2.000000000000000000e+00
-1.844601125265945774e+00 2.000000000000000000e+00
-1.804976806494294150e+00 2.000000000000000000e+00
-1.773095831233604036e+00 2.000000000000000000e+00
-1.736466194045051203e+00 2.000000000000000000e+00
-1.700854870635387206e+00 2.000000000000000000e+00
-1.632629525090002032e+00 2.000000000000000000e+00
-1.579212155786857918e+00 2.000000000000000000e+00
-1.555659057400721634e+00 2.000000000000000000e+00
-1.524617887214986922e+00 2.000000000000000000e+00
-1.497730023834298541e+00 2.000000000000000000e+00
-1.433092334408672563e+00 2.000000000000000000e+00
-1.374322675711311836e+00 2.000000000000000000e+00
-1.343464468470248585e+00 2.000000000000000000e+00
-1.338505619578751693e+00 2.000000000000000000e+00
-1.289649443583825494e+00 2.000000000000000000e+00
-1.265256354102801017e+00 2.000000000000000000e+00
-1.208813776227781744e+00 2.000000000000000000e+00
-1.198796506973618170e+00 2.000000000000000000e+00
-1.155771801479472671e+00 2.000000000000000000e+00
-1.119337534122882616e+00 2.000000000000000000e+00
-1.080659318226455667e+00 2.000000000000000000e+00
-1.057796939168876182e+00 2.000000000000000000e+00
-9.967752158873892654e-01 2.000000000000000000e+00
-9.751592656973709916e-01 2.000000000000000000e+00
-9.434523258587511618e-01 2.000000000000000000e+00
-9.191408352406047477e-01 2.000000000000000000e+00
-8.878570479998691978e-01 2.000000000000000000e+00
-8.817527839714892623e-01 2.000000000000000000e+00
-8.664090443003200637e-01 2.000000000000000000e+00
-8.083752068779421762e-01 2.000000000000000000e+00
-7.738462673175606765e-01 2.000000000000000000e+00
-7.635858414274235839e-01 2.000000000000000000e+00
-7.077015669549312493e-01 2.000000000000000000e+00
-6.840912375555249225e-01 2.000000000000000000e+00
-6.695644497513918436e-01 2.000000000000000000e+00
-6.542301705076829510e-01 2.000000000000000000e+00
-6.145840701271935158e-01 2.000000000000000000e+00
-5.782664569551394518e-01 2.000000000000000000e+00
-5.441156065367117600e-01 2.000000000000000000e+00
-4.982216026068347903e-01 2.000000000000000000e+00
-4.506132487395056452e-01 2.000000000000000000e+00
-3.927932904647040702e-01 2.000000000000000000e+00
-3.832812071132485343e-01 2.000000000000000000e+00
-3.264827080619265298e-01 2.000000000000000000e+00
-3.145429913879939088e-01 2.000000000000000000e+00
-2.961459659117290366e-01 2.000000000000000000e+00
-2.566206713941606710e-01 2.000000000000000000e+00
-2.254337590616631026e-01 2.000000000000000000e+00
-1.923066198420509132e-01 2.000000000000000000e+00
-1.869974157595724606e-01 2.000000000000000000e+00
-1.356002394469832673e-01 2.000000000000000000e+00
-1.023912680313134177e-01 2.000000000000000000e+00
-7.701842781726001008e-02 2.000000000000000000e+00
-1.415742182351944524e-02 2.000000000000000000e+00
-1.647905080251346006e-03 2.000000000000000000e+00
4.039047504712332815e-02 2.000000000000000000e+00
6.609751371516596474e-02 2.000000000000000000e+00
7.650174699413571366e-02 2.000000000000000000e+00
1.422652244501280416e-01 2.000000000000000000e+00
1.722561455071839054e-01 2.000000000000000000e+00
1.977741607193749251e-01 2.000000000000000000e+00
2.264609002373758340e-01 2.000000000000000000e+00
2.430940165181850465e-01 2.000000000000000000e+00
2.812985805715756960e-01 2.000000000000000000e+00
2.838108276614160763e-01 2.000000000000000000e+00
3.122647589124094569e-01 2.000000000000000000e+00
3.755356374263176256e-01 2.000000000000000000e+00
3.898868034569025198e-01 2.000000000000000000e+00
4.101368105465051372e-01 2.000000000000000000e+00
4.143987132506707916e-01 2.000000000000000000e+00
4.403009003788166398e-01 2.000000000000000000e+00
5.000205222819912310e-01 2.000000000000000000e+00
5.049554335400627814e-01 2.000000000000000000e+00
5.272298741932878174e-01 2.000000000000000000e+00
5.776870674787294435e-01 2.000000000000000000e+00
6.185684259855013245e-01 2.000000000000000000e+00
6.437707344407120891e-01 2.000000000000000000e+00
6.535260189386828955e-01 2.000000000000000000e+00
6.997400252019121414e-01 2.000000000000000000e+00
7.417457011623067586e-01 2.000000000000000000e+00
7.566942614230268704e-01 2.000000000000000000e+00
7.827256780526035129e-01 2.000000000000000000e+00
8.036738252986610487e-01 2.000000000000000000e+00
8.296366854667707180e-01 2.000000000000000000e+00
8.418633956173837696e-01 2.000000000000000000e+00
8.869149633239374886e-01 2.000000000000000000e+00
9.063696726777796808e-01 2.000000000000000000e+00
9.256861488018528483e-01 2.000000000000000000e+00
9.553779291813938590e-01 2.000000000000000000e+00
9.695291352094839166e-01 2.000000000000000000e+00
1.010282628223499346e+00 2.000000000000000000e+00
1.043223396993288699e+00 2.000000000000000000e+00
1.060175077168226787e+00 2.000000000000000000e+00
1.109561285494360394e+00 2.000000000000000000e+00
1.155806112095176363e+00 2.000000000000000000e+00
1.184415482446772971e+00 2.000000000000000000e+00
1.211481230353250282e+00 2.000000000000000000e+00
1.238176956178459243e+00 2.000000000000000000e+00
1.250415700433498811e+00 2.000000000000000000e+00
1.270714709973008727e+00 2.000000000000000000e+00
1.293876860951051144e+00 2.000000000000000000e+00
1.324041298788303012e+00 2.000000000000000000e+00
1.350681191874114395e+00 2.000000000000000000e+00
1.373599017234395703e+00 2.000000000000000000e+00
1.381215642276570232e+00 2.000000000000000000e+00
1.447855243739141429e+00 2.000000000000000000e+00
1.507354578643877563e+00 2.000000000000000000e+00
1.510296030285956492e+00 2.000000000000000000e+00
1.543289651203814561e+00 2.000000000000000000e+00
1.629262248454370621e+00 2.000000000000000000e+00
1.649201090442842021e+00 2.000000000000000000e+00
1.657051712260621645e+00 2.000000000000000000e+00
1.721468445190843966e+00 2.000000000000000000e+00
1.725247195932454680e+00 2.000000000000000000e+00
1.752085459312827886e+00 2.000000000000000000e+00
1.791221581100480797e+00 2.000000000000000000e+00
1.827909055041192499e+00 2.000000000000000000e+00
1.838595599932599356e+00 2.000000000000000000e+00
1.881880484542768350e+00 2.000000000000000000e+00
1.919412145311567341e+00 2.000000000000000000e+00
1.927535199772682395e+00 2.000000000000000000e+00
1.962876448545881392e+00 2.000000000000000000e+00
1.997717562433897198e+00 2.000000000000000000e+00
2.023180860141977178e+00 2.000000000000000000e+00
2.096038511847166497e+00 2.000000000000000000e+00
2.123315001150404946e+00 2.000000000000000000e+00
2.137783184651041335e+00 2.000000000000000000e+00
2.173705413168537603e+00 2.000000000000000000e+00
2.202166033909152443e+00 2.000000000000000000e+00
2.242493451121550407e+00 2.000000000000000000e+00
2.250258320413922597e+00 2.000000000000000000e+00
2.272425042231986048e+00 2.000000000000000000e+00
2.313617970196672147e+00 2.000000000000000000e+00
2.346892262508169846e+00 2.000000000000000000e+00
2.377492625573071283e+00 2.000000000000000000e+00
2.391779917358625607e+00 2.000000000000000000e+00
2.410977314710871511e+00 2.000000000000000000e+00
2.453144974759482455e+00 2.000000000000000000e+00
2.466261381883768866e+00 2.000000000000000000e+00
2.497440359470184834e+00 2.000000000000000000e+00
2.516241965241275746e+00 2.000000000000000000e+00
2.532929448727949673e+00 2.000000000000000000e+00
2.562044210930568777e+00 2.000000000000000000e+00
2.588108478784863387e+00 2.000000000000000000e+00
2.624310981374148088e+00 2.000000000000000000e+00
2.667705095039055507e+00 2.000000000000000000e+00
2.690914409350400938e+00 2.000000000000000000e+00
2.702793350367876268e+00 2.000000000000000000e+00
2.744241501274299999e+00 2.000000000000000000e+00
2.774494842541788131e+00 2.000000000000000000e+00
2.802241242237835106e+00 2.000000000000000000e+00
2.850684459663094916e+00 2.000000000000000000e+00
2.897058784893703720e+00 2.000000000000000000e+00
2.903650056491918985e+00 2.000000000000000000e+00
2.964559512011611275e+00 2.000000000000000000e+00
2.989735291535152051e+00 2.000000000000000000e+00
3.016356017161492264e+00 2.000000000000000000e+00
3.066387034675808643e+00 2.000000000000000000e+00
3.163834287184084548e+00 2.000000000000000000e+00
3.193795794264952193e+00 2.000000000000000000e+00
3.228242432674534701e+00 2.000000000000000000e+00
3.258406029275989990e+00 2.000000000000000000e+00
3.292073123383595146e+00 2.000000000000000000e+00
3.329168776085447146e+00 2.000000000000000000e+00
3.351957892420760476e+00 2.000000000000000000e+00
3.401270383309291212e+00 2.000000000000000000e+00
3.450168964180903242e+00 2.000000000000000000e+00
3.476926814685055156e+00 2.000000000000000000e+00
3.495498620428934888e+00 2.000000000000000000e+00
3.552663792494820783e+00 2.000000000000000000e+00
3.595567019578028045e+00 2.000000000000000000e+00
3.642797170345517532e+00 2.000000000000000000e+00
3.669890136472561348e+00 2.000000000000000000e+00
3.713313314069422333e+00 2.000000000000000000e+00
3.748771422974835232e+00 2.000000000000000000e+00
3.785798192390243955e+00 2.000000000000000000e+00
3.834517079124069916e+00 2.000000000000000000e+00
3.913339756753125620e+00 2.000000000000000000e+00
3.948253939609098317e+00 2.000000000000000000e+00
3.978249635777006965e+00 2.000000000000000000e+00
3.992448536039032714e+00 2.000000000000000000e+00
4.042927988666037642e+00 2.000000000000000000e+00
4.064577267220221835e+00 2.000000000000000000e+00
4.102613507404951676e+00 2.000000000000000000e+00
4.193583306539012234e+00 2.000000000000000000e+00
4.229596566576582006e+00 2.000000000000000000e+00
4.279399995905504461e+00 2.000000000000000000e+00
4.297777872778684838e+00 2.000000000000000000e+00
4.382614509636258759e+00 2.000000000000000000e+00
4.409060706945335362e+00 2.000000000000000000e+00
4.450281595895727804e+00 2.000000000000000000e+00
4.478597179172129294e+00 2.000000000000000000e+00
4.622237788258739322e+00 2.000000000000000000e+00
4.640560587912977653e+00 2.000000000000000000e+00
4.662521167261488131e+00 2.000000000000000000e+00
4.737421205515956579e+00 2.000000000000000000e+00
4.804179668484778176e+00 2.000000000000000000e+00
4.829946819269300029e+00 2.000000000000000000e+00
4.885842083379621670e+00 2.000000000000000000e+00
5.018766840541140972e+00 2.000000000000000000e+00
5.092685916236286303e+00 2.000000000000000000e+00
5.163983755210522553e+00 2.000000000000000000e+00
5.192989320322188185e+00 2.000000000000000000e+00
5.263975190452047315e+00 2.000000000000000000e+00
5.293325200849703371e+00 2.000000000000000000e+00
5.328033080664558163e+00 2.000000000000000000e+00
5.478437801815982944e+00 2.000000000000000000e+00
5.571744218169435214e+00 2.000000000000000000e+00
5.594688243778963788e+00 2.000000000000000000e+00
5.737840568470910618e+00 2.000000000000000000e+00
5.866397929997080318e+00 2.000000000000000000e+00
5.932001782267152024e+00 2.000000000000000000e+00
6.061268999067138452e+00 2.000000000000000000e+00
6.194785871466910621e+00 2.000000000000000000e+00
6.246026075304737191e+00 2.000000000000000000e+00
6.363111182894259699e+00 2.000000000000000000e+00
6.379107042349090761e+00 2.000000000000000000e+00
6.468424447617116435e+00 2.000000000000000000e+00
6.669517822960883358e+00 2.000000000000000000e+00
7.100933517603334799e+00 2.000000000000000000e+00
7.200366795741529380e+00 2.000000000000000000e+00
7.303415259191483599e+00 2.000000000000000000e+00
7.488644325367377341e+00 2.000000000000000000e+00
7.690849746844961032e+00 2.000000000000000000e+00
8.146096382667614932e+00 2.000000000000000000e+00
9.556505298963729800e+00 2.000000000000000000e+00
-6.858458462593505445e+00 1.000000000000000000e+00
-6.198987665270863090e+00 1.000000000000000000e+00
-5.762275220722026248e+00 1.000000000000000000e+00
-5.528322827430745434e+00 1.000000000000000000e+00
-5.259440498929619956e+00 1.000000000000000000e+00
-4.883807723186135874e+00 1.000000000000000000e+00
-4.645520068376638889e+00 1.000000000000000000e+00
-4.630723880541385284e+00 1.000000000000000000e+00
-4.573490861165312893e+00 1.000000000000000000e+00
-4.275211196763860855e+00 1.000000000000000000e+00
-4.003481624022782626e+00 1.000000000000000000e+00
-3.985749176276037975e+00 1.000000000000000000e+00
-3.923291096450098436e+00 1.000000000000000000e+00
-3.773341576204497283e+00 1.000000000000000000e+00
-3.713618724800726412e+00 1.000000000000000000e+00
-3.700132891044607852e+00 1.000000000000000000e+00
-3.573394921729248885e+00 1.000000000000000000e+00
-3.271899838057090726e+00 1.000000000000000000e+00
-3.192836056979222015e+00 1.000000000000000000e+00
-3.122097315475660384e+00 1.000000000000000000e+00
-3.087525478876862017e+00 1.000000000000000000e+00
-3.039897455153932171e+00 1.000000000000000000e+00
-2.973279237468450020e+00 1.000000000000000000e+00
-2.879637898428391907e+00 1.000000000000000000e+00
-2.766159569753029235e+00 1.000000000000000000e+00
-2.736528714149499830e+00 1.000000000000000000e+00
-2.709743410197498648e+00 1.000000000000000000e+00
-2.581266981369604085e+00 1.000000000000000000e+00
-2.513437344391808104e+00 1.000000000000000000e+00
-2.481583932300099438e+00 1.000000000000000000e+00
-2.395651407624254325e+00 1.000000000000000000e+00
-2.366270737216668696e+00 1.000000000000000000e+00
-2.294183367630850068e+00 1.000000000000000000e+00
-2.264514901915283929e+00 1.000000000000000000e+00
-2.205562024578133773e+00 1.000000000000000000e+00
-2.163283676961770929e+00 1.000000000000000000e+00
-2.140398798679287395e+00 1.000000000000000000e+00
-2.013224717416842946e+00 1.000000000000000000e+00
-1.948295989148979723e+00 1.000000000000000000e+00
-1.905246953404217125e+00 1.000000000000000000e+00
-1.861172683064100664e+00 1.000000000000000000e+00
-1.744336906739905491e+00 1.000000000000000000e+00
-1.714652635849347462e+00 1.000000000000000000e+00
-1.640694090632526025e+00 1.000000000000000000e+00
-1.619986659899815606e+00 1.000000000000000000e+00
-1.540962195897827236e+00 1.000000000000000000e+00
-1.500338852822784563e+00 1.000000000000000000e+00
-1.465762834938548087e+00 1.000000000000000000e+00
-1.403901358758962159e+00 1.000000000000000000e+00
-1.384803263626585457e+00 1.000000000000000000e+00
-1.331198102676380168e+00 1.000000000000000000e+00
-1.294933956308151002e+00 1.000000000000000000e+00
-1.207278572962946495e+00 1.000000000000000000e+00
-1.182187534636333970e+00 1.000000000000000000e+00
-1.140702497923424819e+00 1.000000000000000000e+00
-1.129713459706361833e+00 1.000000000000000000e+00
-1.033198817923774104e+00 1.000000000000000000e+00
-9.966629589596830430e-01 1.000000000000000000e+00
-9.721563259578787086e-01 1.000000000000000000e+00
-9.163455229419995574e-01 1.000000000000000000e+00
-8.594059048518185584e-01 1.000000000000000000e+00
-8.344378769214866320e-01 1.000000000000000000e+00
-7.723807811117372468e-01 1.000000000000000000e+00
-7.535637334608792370e-01 1.000000000000000000e+00
-7.168980854212207987e-01 1.000000000000000000e+00
-6.544426454275960037e-01 1.000000000000000000e+00
-6.484137912163627782e-01 1.000000000000000000e+00
-5.920174537112963264e-01 1.000000000000000000e+00
-5.627202555354028357e-01 1.000000000000000000e+00
-4.975925144702196823e-01 1.000000000000000000e+00
-4.407886744467797713e-01 1.000000000000000000e+00
-3.466123045285468551e-01 1.000000000000000000e+00
-3.236199743810848073e-01 1.000000000000000000e+00
-2.820629524753514028e-01 1.000000000000000000e+00
-2.362955954323795460e-01 1.000000000000000000e+00
-1.836249957874173111e-01 1.000000000000000000e+00
-1.656957141397738253e-01 1.000000000000000000e+00
-1.200107912732176069e-01 1.000000000000000000e+00
-1.084996743005180730e-01 1.000000000000000000e+00
-6.132706932248968568e-02 1.000000000000000000e+00
-4.872758312931032426e-02 1.000000000000000000e+00
-1.685935829302353389e-02 1.000000000000000000e+00
9.260835126677205431e-03 1.000000000000000000e+00
7.489113099577951460e-02 1.000000000000000000e+00
1.112824955097531376e-01 1.000000000000000000e+00
1.329912795311496421e-01 1.000000000000000000e+00
1.832539346600050856e-01 1.000000000000000000e+00
2.092943807351127228e-01 1.000000000000000000e+00
3.026437076197013298e-01 1.000000000000000000e+00
3.258004791006283707e-01 1.000000000000000000e+00
3.302562070328560750e-01 1.000000000000000000e+00
3.974219968066699527e-01 1.000000000000000000e+00
4.545853070087731429e-01 1.000000000000000000e+00
4.685188116140409642e-01 1.000000000000000000e+00
4.792241821941555235e-01 1.000000000000000000e+00
4.987181485187567320e-01 1.000000000000000000e+00
5.365564801510598336e-01 1.000000000000000000e+00
5.591616820475655558e-01 1.000000000000000000e+00
6.176994867536816924e-01 1.000000000000000000e+00
6.374321853072589805e-01 1.000000000000000000e+00
6.652352285184303105e-01 1.000000000000000000e+00
6.994187850282811425e-01 1.000000000000000000e+00
7.644210313971349091e-01 1.000000000000000000e+00
7.898971360881460457e-01 1.000000000000000000e+00
8.594418873065972075e-01 1.000000000000000000e+00
8.732187380134648347e-01 1.000000000000000000e+00
8.948619443919962890e-01 1.000000000000000000e+00
9.158471171831240598e-01 1.000000000000000000e+00
9.504971254910924428e-01 1.000000000000000000e+00
9.625822896061753120e-01 1.000000000000000000e+00
1.013538674238188664e+00 1.000000000000000000e+00
1.067388021187638092e+00 1.000000000000000000e+00
1.102538791215052605e+00 1.000000000000000000e+00
1.185854846541666729e+00 1.000000000000000000e+00
1.235090285879643979e+00 1.000000000000000000e+00
1.265444262335069681e+00 1.000000000000000000e+00
1.320886073123097360e+00 1.000000000000000000e+00
1.358332154581595841e+00 1.000000000000000000e+00
1.386591877315465737e+00 1.000000000000000000e+00
1.394808425882347214e+00 1.000000000000000000e+00
1.431685756863559478e+00 1.000000000000000000e+00
1.495555997703532203e+00 1.000000000000000000e+00
1.517732377974676083e+00 1.000000000000000000e+00
1.533246079510312443e+00 1.000000000000000000e+00
1.606429254882663082e+00 1.000000000000000000e+00
1.622802863747308422e+00 1.000000000000000000e+00
1.655703754404763917e+00 1.000000000000000000e+00
1.704807635124079512e+00 1.000000000000000000e+00
1.727617968766565593e+00 1.000000000000000000e+00
1.744802516654391011e+00 1.000000000000000000e+00
1.780377860547225799e+00 1.000000000000000000e+00
1.831790497861494504e+00 1.000000000000000000e+00
1.910886948437889421e+00 1.000000000000000000e+00
1.929725834715101396e+00 1.000000000000000000e+00
1.966322881956488633e+00 1.000000000000000000e+00
2.001307038870791644e+00 1.000000000000000000e+00
2.056016008963102326e+00 1.000000000000000000e+00
2.074607125536001462e+00 1.000000000000000000e+00
2.101673765332759292e+00 1.000000000000000000e+00
2.149278132551917686e+00 1.000000000000000000e+00
2.180473732838292378e+00 1.000000000000000000e+00
2.224673902449077811e+00 1.000000000000000000e+00
2.264275668782492090e+00 1.000000000000000000e+00
2.301617275672017016e+00 1.000000000000000000e+00
2.307421341975584905e+00 1.000000000000000000e+00
2.345096329108120603e+00 1.000000000000000000e+00
2.382136848226477532e+00 1.000000000000000000e+00
2.416813091651371259e+00 1.000000000000000000e+00
2.426528140923942978e+00 1.000000000000000000e+00
2.485807798885317776e+00 1.000000000000000000e+00
2.526614698324025632e+00 1.000000000000000000e+00
2.535663209559663844e+00 1.000000000000000000e+00
2.562829214990072213e+00 1.000000000000000000e+00
2.621085649474123702e+00 1.000000000000000000e+00
2.677729218960612112e+00 1.000000000000000000e+00
2.688196264703160310e+00 1.000000000000000000e+00
2.722556259944841184e+00 1.000000000000000000e+00
2.780611937960484337e+00 1.000000000000000000e+00
2.814844216483231687e+00 1.000000000000000000e+00
2.835326550218079333e+00 1.000000000000000000e+00
2.907352363038484544e+00 1.000000000000000000e+00
2.944870910580206225e+00 1.000000000000000000e+00
2.981426036982792294e+00 1.000000000000000000e+00
3.016835479770336281e+00 1.000000000000000000e+00
3.097111963812249069e+00 1.000000000000000000e+00
3.101405607920318275e+00 1.000000000000000000e+00
3.180722298725525032e+00 1.000000000000000000e+00
3.225099031819567141e+00 1.000000000000000000e+00
3.301773190654110124e+00 1.000000000000000000e+00
3.345937640016544812e+00 1.000000000000000000e+00
3.408989523885419537e+00 1.000000000000000000e+00
3.470638730250720450e+00 1.000000000000000000e+00
3.489038904425198151e+00 1.000000000000000000e+00
3.533311933453117337e+00 1.000000000000000000e+00
3.605261715391747668e+00 1.000000000000000000e+00
3.633774509988294543e+00 1.000000000000000000e+00
3.657417888061637257e+00 1.000000000000000000e+00
3.676707894418074218e+00 1.000000000000000000e+00
3.722784070763463848e+00 1.000000000000000000e+00
3.738445853718566969e+00 1.000000000000000000e+00
3.806458671605938093e+00 1.000000000000000000e+00
3.862847892444883691e+00 1.000000000000000000e+00
3.914351882860940268e+00 1.000000000000000000e+00
3.954742012566964338e+00 1.000000000000000000e+00
3.983743055959225288e+00 1.000000000000000000e+00
4.063523153757074624e+00 1.000000000000000000e+00
4.133928495074223441e+00 1.000000000000000000e+00
4.153218707645141450e+00 1.000000000000000000e+00
4.193256934730418273e+00 1.000000000000000000e+00
4.279853751758457392e+00 1.000000000000000000e+00
4.287412734982039453e+00 1.000000000000000000e+00
4.385687178418262278e+00 1.000000000000000000e+00
4.399611477062186360e+00 1.000000000000000000e+00
4.449737898043993667e+00 1.000000000000000000e+00
4.520894442487523257e+00 1.000000000000000000e+00
4.537633343825691057e+00 1.000000000000000000e+00
4.616002351471656162e+00 1.000000000000000000e+00
4.633475379754277590e+00 1.000000000000000000e+00
4.716207278087558130e+00 1.000000000000000000e+00
4.746676347484040548e+00 1.000000000000000000e+00
4.803804382835872744e+00 1.000000000000000000e+00
4.837500640366637406e+00 1.000000000000000000e+00
4.967270248615538897e+00 1.000000000000000000e+00
5.020904654058316652e+00 1.000000000000000000e+00
5.070346903170335651e+00 1.000000000000000000e+00
5.151100110972439694e+00 1.000000000000000000e+00
5.257294960186930766e+00 1.000000000000000000e+00
5.322735075766935608e+00 1.000000000000000000e+00
5.418396235549137074e+00 1.000000000000000000e+00
5.464361396552224193e+00 1.000000000000000000e+00
5.519613392827588783e+00 1.000000000000000000e+00
5.614704656926519988e+00 1.000000000000000000e+00
5.665820486916852694e+00 1.000000000000000000e+00
5.762796402614287494e+00 1.000000000000000000e+00
5.838128337264286039e+00 1.000000000000000000e+00
5.884873758207857186e+00 1.000000000000000000e+00
6.044228856222078505e+00 1.000000000000000000e+00
6.089278171377548787e+00 1.000000000000000000e+00
6.170952850386868249e+00 1.000000000000000000e+00
6.298929828241591089e+00 1.000000000000000000e+00
6.359230303736752354e+00 1.000000000000000000e+00
6.440788603788598188e+00 1.000000000000000000e+00
6.722231696655086353e+00 1.000000000000000000e+00
6.842519781933132705e+00 1.000000000000000000e+00
6.901412752125332339e+00 1.000000000000000000e+00
7.146442584909808993e+00 1.000000000000000000e+00
7.216816947898131218e+00 1.000000000000000000e+00
7.483969022924419789e+00 1.000000000000000000e+00
7.790149437710833347e+00 1.000000000000000000e+00
7.997886291953630433e+00 1.000000000000000000e+00
8.682678740627501668e+00 1.000000000000000000e+00
9.205866055957235616e+00 1.000000000000000000e+00
-6.217082925540514005e+00 0.000000000000000000e+00
-5.275131121625719288e+00 0.000000000000000000e+00
-4.607117261966303445e+00 0.000000000000000000e+00
-4.298373267999021863e+00 0.000000000000000000e+00
-3.982510244353563156e+00 0.000000000000000000e+00
-3.626499106914551795e+00 0.000000000000000000e+00
-3.208950804684806535e+00 0.000000000000000000e+00
-3.070104392038924601e+00 0.000000000000000000e+00
-2.782089043349149193e+00 0.000000000000000000e+00
-2.647024260823925612e+00 0.000000000000000000e+00
-2.490460975617118322e+00 0.000000000000000000e+00
-2.469983795555722672e+00 0.000000000000000000e+00
-2.399723732724481806e+00 0.000000000000000000e+00
-2.290862103062192290e+00 0.000000000000000000e+00
-2.106468816516765319e+00 0.000000000000000000e+00
-1.867834697530760701e+00 0.000000000000000000e+00
-1.709543899071508610e+00 0.000000000000000000e+00
-1.672339119120931139e+00 0.000000000000000000e+00
-1.469435807683989736e+00 0.000000000000000000e+00
-1.270251376828893219e+00 0.000000000000000000e+00
-1.046124768937477967e+00 0.000000000000000000e+00
-9.699709766358113328e-01 0.000000000000000000e+00
-8.731214297307242633e-01 0.000000000000000000e+00
-7.842838098556962345e-01 0.000000000000000000e+00
-7.417750419993762723e-01 0.000000000000000000e+00
-6.514016447309998181e-01 0.000000000000000000e+00
-3.773289293516695064e-01 0.000000000000000000e+00
-2.777401738503720852e-01 0.000000000000000000e+00
-2.680242686181369405e-01 0.000000000000000000e+00
-1.184028342440276160e-01 0.000000000000000000e+00
-1.457685842039072380e-02 0.000000000000000000e+00
1.619441453395615849e-01 0.000000000000000000e+00
1.692155439831337371e-01 0.000000000000000000e+00
3.875452498533619172e-01 0.000000000000000000e+00
4.644927161364263979e-01 0.000000000000000000e+00
5.771606702157169311e-01 0.000000000000000000e+00
6.500849183016427224e-01 0.000000000000000000e+00
7.004411705866034898e-01 0.000000000000000000e+00
7.714084753647483250e-01 0.000000000000000000e+00
8.224433206809490526e-01 0.000000000000000000e+00
8.889273354667285298e-01 0.000000000000000000e+00
1.091194280403662287e+00 0.000000000000000000e+00
1.206518588506094947e+00 0.000000000000000000e+00
1.267853065192924067e+00 0.000000000000000000e+00
1.350550258401620241e+00 0.000000000000000000e+00
1.520171775401725878e+00 0.000000000000000000e+00
1.601301839898086277e+00 0.000000000000000000e+00
1.762840354209626481e+00 0.000000000000000000e+00
1.837303190661809360e+00 0.000000000000000000e+00
1.930394892491008818e+00 0.000000000000000000e+00
1.957669209689315126e+00 0.000000000000000000e+00
2.070119179386296970e+00 0.000000000000000000e+00
2.130595412105457775e+00 0.000000000000000000e+00
2.187087707633346589e+00 0.000000000000000000e+00
2.289921318169845676e+00 0.000000000000000000e+00
2.492773266921645359e+00 0.000000000000000000e+00
2.526427037421544064e+00 0.000000000000000000e+00
2.609193126929400641e+00 0.000000000000000000e+00
2.650774785863492689e+00 0.000000000000000000e+00
2.690870041686213465e+00 0.000000000000000000e+00
2.855769561678369151e+00 0.000000000000000000e+00
2.940019754659313644e+00 0.000000000000000000e+00
3.127779080556437830e+00 0.000000000000000000e+00
3.255582859693324949e+00 0.000000000000000000e+00
3.413229325527170399e+00 0.000000000000000000e+00
3.607882220146354957e+00 0.000000000000000000e+00
3.629626261507672869e+00 0.000000000000000000e+00
3.678348933321795577e+00 0.000000000000000000e+00
3.730626227345822610e+00 0.000000000000000000e+00
3.896922796395736910e+00 0.000000000000000000e+00
4.016560266688864012e+00 0.000000000000000000e+00
4.048963201827685765e+00 0.000000000000000000e+00
4.204584601484229189e+00 0.000000000000000000e+00
4.351016345488379677e+00 0.000000000000000000e+00
4.453459168204124019e+00 0.000000000000000000e+00
4.610645864241358360e+00 0.000000000000000000e+00
4.637146515333493646e+00 0.000000000000000000e+00
4.923932599772693486e+00 0.000000000000000000e+00
5.066956990834317054e+00 0.000000000000000000e+00
5.190106838374678233e+00 0.000000000000000000e+00
5.320918594742274799e+00 0.000000000000000000e+00
5.466553908290528341e+00 0.000000000000000000e+00
5.799943564836104848e+00 0.000000000000000000e+00
6.032414893269325340e+00 0.000000000000000000e+00
6.196950646237830540e+00 0.000000000000000000e+00
6.641797684657035461e+00 0.000000000000000000e+00
6.760155968203284793e+00 0.000000000000000000e+00
7.054107332478761982e+00 0.000000000000000000e+00
7.400512196660711695e+00 0.000000000000000000e+00
7.896575935915588929e+00 0.000000000000000000e+00
8.608224474108212121e+00 0.000000000000000000e+00
