# Runtime: 13.442163467407227
-1.999999999999998224e+00 5.000000000000000000e+00
-3.707293268821654664e+00 4.000000000000000000e+00
-1.535940028676952007e+00 4.000000000000000000e+00
-1.280667281681931169e-01 4.000000000000000000e+00
1.371300025666802203e+00 4.000000000000000000e+00
-4.594939583655350823e+00 3.000000000000000000e+00
-3.120341063665821313e+00 3.000000000000000000e+00
-1.874097958365272820e+00 3.000000000000000000e+00
-1.047728572995411778e+00 3.000000000000000000e+00
-5.315707831650950954e-01 3.000000000000000000e+00
1.836016904618614498e-01 3.000000000000000000e+00
9.378629324396370315e-01 3.000000000000000000e+00
1.831673229422038807e+00 3.000000000000000000e+00
2.527828960981436612e+00 3.000000000000000000e+00
3.687711148541981121e+00 3.000000000000000000e+00
-3.742440577921034794e+00 2.000000000000000000e+00
-2.469737107218717309e+00 2.000000000000000000e+00
-2.222164563493013834e+00 2.000000000000000000e+00
-1.255680053238106275e+00 2.000000000000000000e+00
-9.806976716494971713e-01 2.000000000000000000e+00
-5.330504979095379570e-01 2.000000000000000000e+00
-1.247981770201974372e-01 2.000000000000000000e+00
2.864135835194444590e-01 2.000000000000000000e+00
6.277155786014376737e-01 2.000000000000000000e+00
1.503525933650859070e+00 2.000000000000000000e+00
1.614132438367586353e+00 2.000000000000000000e+00
1.904413714540165392e+00 2.000000000000000000e+00
3.102193281552128923e+00 2.000000000000000000e+00
3.382741173206814445e+00 2.000000000000000000e+00
4.907432945011661829e+00 2.000000000000000000e+00
-2.862884986995292369e+00 1.000000000000000000e+00
-1.866198262509022099e+00 1.000000000000000000e+00
-1.769581222888431338e+00 1.000000000000000000e+00
-4.448986386507039481e-01 1.000000000000000000e+00
-2.263898767411295920e-01 1.000000000000000000e+00
-3.073349824933139075e-16 1.000000000000000000e+00
2.040647255624233561e-16 1.000000000000000000e+00
6.383168902876960038e-01 1.000000000000000000e+00
1.210755880959191622e+00 1.000000000000000000e+00
1.246058134588386768e+00 1.000000000000000000e+00
1.639787566358084536e+00 1.000000000000000000e+00
2.655442381549830255e+00 1.000000000000000000e+00
2.761228175166720700e+00 1.000000000000000000e+00
3.647658097240470187e+00 1.000000000000000000e+00
5.370705861634199607e+00 1.000000000000000000e+00
-1.645751311064589162e+00 0.000000000000000000e+00
-7.320508075688768601e-01 0.000000000000000000e+00
9.999999999999982236e-01 0.000000000000000000e+00
9.999999999999996669e-01 0.000000000000000000e+00
2.732050807568877637e+00 0.000000000000000000e+00
3.645751311064589828e+00 0.000000000000000000e+00
