# Runtime: 11.200213432312012
-9.999999999999996669e-01 4.000000000000000000e+00
-2.709275359436920105e+00 3.000000000000000000e+00
-1.939365664746305618e-01 3.000000000000000000e+00
1.903211925911552749e+00 3.000000000000000000e+00
-3.601776186836084026e+00 2.000000000000000000e+00
-1.744027096717843506e+00 2.000000000000000000e+00
-6.679424964215888161e-02 2.000000000000000000e+00
6.514612973989939437e-01 2.000000000000000000e+00
1.890272927474686560e+00 2.000000000000000000e+00
3.870863308322406215e+00 2.000000000000000000e+00
-2.136581521348509316e+00 1.000000000000000000e+00
-6.180339887498949025e-01 1.000000000000000000e+00
-2.405659196071436856e-01 1.000000000000000000e+00
1.240565919607144130e+00 1.000000000000000000e+00
1.618033988749894458e+00 1.000000000000000000e+00
3.136581521348509760e+00 1.000000000000000000e+00
-9.999999999999991118e-01 0.000000000000000000e+00
9.999999999999993339e-01 0.000000000000000000e+00
1.999999999999998890e+00 0.000000000000000000e+00
