# Runtime: 15.935319185256958
-2.999999999999999112e+00 6.000000000000000000e+00
-4.342923082777168098e+00 5.000000000000000000e+00
-2.470683419871158470e+00 5.000000000000000000e+00
-1.999999999999999112e+00 5.000000000000000000e+00
-1.863934973516689353e-01 5.000000000000000000e+00
2.932889588817168515e-17 5.000000000000000000e+00
-4.936227391576707646e+00 4.000000000000000000e+00
-3.690617619891746859e+00 4.000000000000000000e+00
-3.287053998543485456e+00 4.000000000000000000e+00
-1.999999999999996003e+00 4.000000000000000000e+00
-1.813836362673644675e+00 4.000000000000000000e+00
-1.730680130969177055e+00 4.000000000000000000e+00
-1.368165655390591873e+00 4.000000000000000000e+00
-9.693949061734905559e-01 4.000000000000000000e+00
-1.230309070454132653e-01 4.000000000000000000e+00
-9.595723467607403245e-02 4.000000000000000000e+00
6.764776993544129313e-01 4.000000000000000000e+00
7.578359401947381002e-01 4.000000000000000000e+00
1.855855025563878158e+00 4.000000000000000000e+00
1.888535551929384493e+00 4.000000000000000000e+00
2.836259989897923717e+00 4.000000000000000000e+00
-5.202327144834480777e+00 3.000000000000000000e+00
-3.807179835871553841e+00 3.000000000000000000e+00
-3.638761670489755851e+00 3.000000000000000000e+00
-2.734481321514951713e+00 3.000000000000000000e+00
-2.347325697342375506e+00 3.000000000000000000e+00
-2.096807039216721957e+00 3.000000000000000000e+00
-1.960009860928802583e+00 3.000000000000000000e+00
-1.936188046702920884e+00 3.000000000000000000e+00
-1.269520711607591723e+00 3.000000000000000000e+00
-9.403592757120001755e-01 3.000000000000000000e+00
-7.767513845785297688e-01 3.000000000000000000e+00
-6.904349355948787847e-01 3.000000000000000000e+00
-4.986223555002703978e-01 3.000000000000000000e+00
-3.970919117447670454e-01 3.000000000000000000e+00
-2.394377514289218190e-01 3.000000000000000000e+00
9.742998172279559999e-02 3.000000000000000000e+00
5.237682181460781017e-01 3.000000000000000000e+00
7.115770120473841054e-01 3.000000000000000000e+00
8.988359061433809361e-01 3.000000000000000000e+00
1.265717473782226987e+00 3.000000000000000000e+00
1.266433913056469240e+00 3.000000000000000000e+00
1.520213284378482799e+00 3.000000000000000000e+00
1.617316760379203355e+00 3.000000000000000000e+00
2.649556418475872643e+00 3.000000000000000000e+00
2.658126865412239415e+00 3.000000000000000000e+00
2.874350481769691878e+00 3.000000000000000000e+00
2.887851691819002475e+00 3.000000000000000000e+00
4.655058048478176502e+00 3.000000000000000000e+00
4.909062887457517732e+00 3.000000000000000000e+00
-5.361229679522711677e+00 2.000000000000000000e+00
-3.906071286819251309e+00 2.000000000000000000e+00
-3.836353577575461582e+00 2.000000000000000000e+00
-2.790248296436129927e+00 2.000000000000000000e+00
-2.695777614842923331e+00 2.000000000000000000e+00
-2.562304488273015046e+00 2.000000000000000000e+00
-2.158222367109456918e+00 2.000000000000000000e+00
-2.120032918917801101e+00 2.000000000000000000e+00
-1.431045081020975607e+00 2.000000000000000000e+00
-1.245229906292409483e+00 2.000000000000000000e+00
-9.935299976042764047e-01 2.000000000000000000e+00
-7.928895932482504794e-01 2.000000000000000000e+00
-7.577151724551467460e-01 2.000000000000000000e+00
-7.281487729763554961e-01 2.000000000000000000e+00
-5.146097073012010359e-01 2.000000000000000000e+00
-1.299988552352442928e-01 2.000000000000000000e+00
1.049123198079354308e-01 2.000000000000000000e+00
3.938232268596457697e-01 2.000000000000000000e+00
4.073563890479196536e-01 2.000000000000000000e+00
5.628054518584960642e-01 2.000000000000000000e+00
6.333587344482639603e-01 2.000000000000000000e+00
8.010754642619942745e-01 2.000000000000000000e+00
8.429682588614002547e-01 2.000000000000000000e+00
1.127619884068796985e+00 2.000000000000000000e+00
1.322351018356019869e+00 2.000000000000000000e+00
1.557190718474480207e+00 2.000000000000000000e+00
2.064672519690232910e+00 2.000000000000000000e+00
2.105459769001942760e+00 2.000000000000000000e+00
2.182869518303686807e+00 2.000000000000000000e+00
2.359020691139142478e+00 2.000000000000000000e+00
2.584587671153503852e+00 2.000000000000000000e+00
2.613515614167040813e+00 2.000000000000000000e+00
2.833226171905831592e+00 2.000000000000000000e+00
3.518001286103741077e+00 2.000000000000000000e+00
3.580778727405762751e+00 2.000000000000000000e+00
3.950301830642070744e+00 2.000000000000000000e+00
4.128508446729209247e+00 2.000000000000000000e+00
4.739765581747264811e+00 2.000000000000000000e+00
4.855863554011762950e+00 2.000000000000000000e+00
6.753374467584465357e+00 2.000000000000000000e+00
-5.454767570433372015e+00 1.000000000000000000e+00
-3.966218700016989729e+00 1.000000000000000000e+00
-3.945055172456082726e+00 1.000000000000000000e+00
-2.690786029961283798e+00 1.000000000000000000e+00
-2.263039194540130250e+00 1.000000000000000000e+00
-2.242772644382869274e+00 1.000000000000000000e+00
-1.452741174598115137e+00 1.000000000000000000e+00
-1.346562131765555170e+00 1.000000000000000000e+00
-1.075541579974034434e+00 1.000000000000000000e+00
-7.728593212578674931e-01 1.000000000000000000e+00
-2.786930802544064223e-01 1.000000000000000000e+00
1.083558521514756678e-01 1.000000000000000000e+00
1.819130298429163517e-01 1.000000000000000000e+00
3.027974144770683163e-01 1.000000000000000000e+00
3.997166514829935124e-01 1.000000000000000000e+00
7.369257258764049245e-01 1.000000000000000000e+00
7.862942704143980333e-01 1.000000000000000000e+00
1.044711293165661914e+00 1.000000000000000000e+00
1.312489283329871359e+00 1.000000000000000000e+00
1.542414434466162554e+00 1.000000000000000000e+00
1.972521094745716796e+00 1.000000000000000000e+00
2.013893966506541400e+00 1.000000000000000000e+00
2.080612795669997350e+00 1.000000000000000000e+00
2.261581516836080219e+00 1.000000000000000000e+00
2.350349174705643751e+00 1.000000000000000000e+00
2.705888540148671861e+00 1.000000000000000000e+00
2.708769679919200701e+00 1.000000000000000000e+00
3.086595801303290365e+00 1.000000000000000000e+00
3.296765266663306715e+00 1.000000000000000000e+00
3.636243451561746109e+00 1.000000000000000000e+00
3.905286331642255693e+00 1.000000000000000000e+00
4.083766648388942322e+00 1.000000000000000000e+00
4.546646863824700624e+00 1.000000000000000000e+00
4.548358900786275250e+00 1.000000000000000000e+00
5.662148642612537586e+00 1.000000000000000000e+00
6.213989969118833834e+00 1.000000000000000000e+00
-5.498598306584247197e+00 0.000000000000000000e+00
-2.691782138227543975e+00 0.000000000000000000e+00
-1.176160805512293406e+00 0.000000000000000000e+00
-7.557353871929791689e-01 0.000000000000000000e+00
-2.141231888847337783e-01 0.000000000000000000e+00
6.099631417483503126e-01 0.000000000000000000e+00
8.409309741337627209e-01 0.000000000000000000e+00
1.737963547577720647e+00 0.000000000000000000e+00
1.799959135492420925e+00 0.000000000000000000e+00
2.564485068636136678e+00 0.000000000000000000e+00
2.698181133717728830e+00 0.000000000000000000e+00
3.802468027956166452e+00 0.000000000000000000e+00
4.311964977167202839e+00 0.000000000000000000e+00
4.453286770979115516e+00 0.000000000000000000e+00
5.517197048993175201e+00 0.000000000000000000e+00
