# Runtime: 16.069098234176636
-2.999999999999999112e+00 6.000000000000000000e+00
-4.707122784392856474e+00 5.000000000000000000e+00
-2.696100066593070110e+00 5.000000000000000000e+00
-1.734917496171140883e+00 5.000000000000000000e+00
-4.575033859975941031e-01 5.000000000000000000e+00
5.956437331546671210e-01 5.000000000000000000e+00
-5.593836226187736571e+00 4.000000000000000000e+00
-4.321385985137697006e+00 4.000000000000000000e+00
-3.385280809996158435e+00 4.000000000000000000e+00
-2.377838129000760858e+00 4.000000000000000000e+00
-2.286514431760179100e+00 4.000000000000000000e+00
-1.497316653867003300e+00 4.000000000000000000e+00
-1.234089786519691589e+00 4.000000000000000000e+00
-6.139731319264288834e-01 4.000000000000000000e+00
-1.679643649968323438e-01 4.000000000000000000e+00
-4.537741643866726599e-02 4.000000000000000000e+00
8.957771341280849065e-01 4.000000000000000000e+00
1.348956620034908571e+00 4.000000000000000000e+00
1.771498142561295897e+00 4.000000000000000000e+00
2.208543653278477237e+00 4.000000000000000000e+00
3.298801385828399546e+00 4.000000000000000000e+00
-5.057364410206737659e+00 3.000000000000000000e+00
-3.920789001763074211e+00 3.000000000000000000e+00
-3.888251021466612389e+00 3.000000000000000000e+00
-3.003031824647357517e+00 3.000000000000000000e+00
-2.731354874344174011e+00 3.000000000000000000e+00
-2.057848639355979170e+00 3.000000000000000000e+00
-2.034491453614910572e+00 3.000000000000000000e+00
-1.889753527353133178e+00 3.000000000000000000e+00
-1.857921357594782386e+00 3.000000000000000000e+00
-1.243071630856597887e+00 3.000000000000000000e+00
-1.035795866756293204e+00 3.000000000000000000e+00
-7.076461486981447946e-01 3.000000000000000000e+00
-4.238438432968546499e-01 3.000000000000000000e+00
-1.688707122683655859e-01 3.000000000000000000e+00
4.545026689917711776e-02 3.000000000000000000e+00
2.338151208744760345e-01 3.000000000000000000e+00
3.202482722926221492e-01 3.000000000000000000e+00
5.146092806237607675e-01 3.000000000000000000e+00
1.201965705559081776e+00 3.000000000000000000e+00
1.283979852209807593e+00 3.000000000000000000e+00
1.375551652394363389e+00 3.000000000000000000e+00
1.519025376170872077e+00 3.000000000000000000e+00
1.820760340993168080e+00 3.000000000000000000e+00
2.609637643789752826e+00 3.000000000000000000e+00
2.848972950690101591e+00 3.000000000000000000e+00
3.045718718320307605e+00 3.000000000000000000e+00
3.585499874340951632e+00 3.000000000000000000e+00
4.351284899888913316e+00 3.000000000000000000e+00
5.263514357175660408e+00 3.000000000000000000e+00
-4.479206912196112000e+00 2.000000000000000000e+00
-3.497394155378705349e+00 2.000000000000000000e+00
-3.445514994000196562e+00 2.000000000000000000e+00
-2.777389622455217921e+00 2.000000000000000000e+00
-2.646055621307149774e+00 2.000000000000000000e+00
-2.153063838420174125e+00 2.000000000000000000e+00
-1.681099892216508351e+00 2.000000000000000000e+00
-1.670606077957992763e+00 2.000000000000000000e+00
-1.519704127052810216e+00 2.000000000000000000e+00
-1.366631713591597741e+00 2.000000000000000000e+00
-1.191945168412979816e+00 2.000000000000000000e+00
-9.937437433757528860e-01 2.000000000000000000e+00
-7.172762395750769127e-01 2.000000000000000000e+00
-5.357705350426922308e-01 2.000000000000000000e+00
-4.183488860054602188e-01 2.000000000000000000e+00
-3.927179499969897236e-01 2.000000000000000000e+00
-1.947916989932054477e-01 2.000000000000000000e+00
-1.160437481397413179e-01 2.000000000000000000e+00
7.793840153383381486e-02 2.000000000000000000e+00
2.808997325530527278e-01 2.000000000000000000e+00
7.689518739858359764e-01 2.000000000000000000e+00
8.716251493088426061e-01 2.000000000000000000e+00
9.527611392013227709e-01 2.000000000000000000e+00
1.030666923809252067e+00 2.000000000000000000e+00
1.069687171949433857e+00 2.000000000000000000e+00
1.516275657940283184e+00 2.000000000000000000e+00
1.752957255164992123e+00 2.000000000000000000e+00
1.840106379469625741e+00 2.000000000000000000e+00
1.961839723933326951e+00 2.000000000000000000e+00
2.080328312203963304e+00 2.000000000000000000e+00
2.272660323788857184e+00 2.000000000000000000e+00
2.852231316320799515e+00 2.000000000000000000e+00
3.135912455733862458e+00 2.000000000000000000e+00
3.359171440128732922e+00 2.000000000000000000e+00
3.495931833547781142e+00 2.000000000000000000e+00
3.711948993440553846e+00 2.000000000000000000e+00
4.302487912689149319e+00 2.000000000000000000e+00
4.550012319766753244e+00 2.000000000000000000e+00
5.241710422035091632e+00 2.000000000000000000e+00
6.671200185613010092e+00 2.000000000000000000e+00
-3.848901329692772322e+00 1.000000000000000000e+00
-2.961668307068678008e+00 1.000000000000000000e+00
-2.737162459167538753e+00 1.000000000000000000e+00
-2.260155133571492225e+00 1.000000000000000000e+00
-2.065725409013631886e+00 1.000000000000000000e+00
-1.768942492987642723e+00 1.000000000000000000e+00
-1.284680650839692628e+00 1.000000000000000000e+00
-9.775888367663095879e-01 1.000000000000000000e+00
-7.431311484425615621e-01 1.000000000000000000e+00
-6.167183932503536026e-01 1.000000000000000000e+00
-5.678108469359686161e-01 1.000000000000000000e+00
-4.265538102118467956e-01 1.000000000000000000e+00
-1.130799105040668356e-01 1.000000000000000000e+00
-6.116975821473431135e-02 1.000000000000000000e+00
3.943184404540854282e-01 1.000000000000000000e+00
4.073420723165282475e-01 1.000000000000000000e+00
7.559004735509806672e-01 1.000000000000000000e+00
8.873134859205894509e-01 1.000000000000000000e+00
1.293740735920263285e+00 1.000000000000000000e+00
1.418428914531925766e+00 1.000000000000000000e+00
1.634617625244940697e+00 1.000000000000000000e+00
1.683452384691527248e+00 1.000000000000000000e+00
1.778963362704574003e+00 1.000000000000000000e+00
1.852963124151702168e+00 1.000000000000000000e+00
1.949374015236317037e+00 1.000000000000000000e+00
2.538307436901357850e+00 1.000000000000000000e+00
2.716606243904277296e+00 1.000000000000000000e+00
2.807518577467401411e+00 1.000000000000000000e+00
3.027089658876646716e+00 1.000000000000000000e+00
3.331550573542081839e+00 1.000000000000000000e+00
3.534459164592523184e+00 1.000000000000000000e+00
3.934805972120745121e+00 1.000000000000000000e+00
4.202229015628909714e+00 1.000000000000000000e+00
4.872657083098287600e+00 1.000000000000000000e+00
5.144124625151577312e+00 1.000000000000000000e+00
6.267525500660035220e+00 1.000000000000000000e+00
-3.330254329860595774e+00 0.000000000000000000e+00
-2.282677394483760835e+00 0.000000000000000000e+00
-1.048361505110496639e+00 0.000000000000000000e+00
-9.419232280109336441e-01 0.000000000000000000e+00
-3.584959585923609693e-02 0.000000000000000000e+00
3.267124473450983002e-01 0.000000000000000000e+00
8.060090619515074550e-01 0.000000000000000000e+00
1.257287280005930707e+00 0.000000000000000000e+00
1.542756817571703909e+00 0.000000000000000000e+00
2.226917470526827980e+00 0.000000000000000000e+00
2.752097822717519460e+00 0.000000000000000000e+00
3.196193107019126067e+00 0.000000000000000000e+00
3.855765341318182049e+00 0.000000000000000000e+00
4.302776421880415647e+00 0.000000000000000000e+00
5.372550282988699522e+00 0.000000000000000000e+00
