# Runtime: 13.560223817825317
-1.999999999999999112e+00 5.000000000000000000e+00
-3.379878123384211897e+00 4.000000000000000000e+00
-1.291366890235566833e+00 4.000000000000000000e+00
-2.489758560502063345e-01 4.000000000000000000e+00
9.202208696699882839e-01 4.000000000000000000e+00
-4.034565781538470119e+00 3.000000000000000000e+00
-2.555684255733752241e+00 3.000000000000000000e+00
-1.752900354816875783e+00 3.000000000000000000e+00
-8.786434281213836295e-01 3.000000000000000000e+00
-4.624950128471622124e-01 3.000000000000000000e+00
3.601431605493126131e-01 3.000000000000000000e+00
7.966521746842484264e-01 3.000000000000000000e+00
9.999999999999998890e-01 3.000000000000000000e+00
2.550168417773841067e+00 3.000000000000000000e+00
2.977325080050245099e+00 3.000000000000000000e+00
-4.338950883403198233e+00 2.000000000000000000e+00
-2.783935844242338753e+00 2.000000000000000000e+00
-1.839716947828399229e+00 2.000000000000000000e+00
-1.422127917670823916e+00 2.000000000000000000e+00
-9.975378435640490649e-01 2.000000000000000000e+00
-5.858997898174059804e-01 2.000000000000000000e+00
2.056886101294488622e-01 2.000000000000000000e+00
6.231017135580770860e-01 2.000000000000000000e+00
9.999999999999995559e-01 2.000000000000000000e+00
1.214147326779275726e+00 2.000000000000000000e+00
1.862658024636067111e+00 2.000000000000000000e+00
2.095959212441880659e+00 2.000000000000000000e+00
2.767389938033225860e+00 2.000000000000000000e+00
3.534592202766722036e+00 2.000000000000000000e+00
4.664632198181521083e+00 2.000000000000000000e+00
-4.505989196128137309e+00 1.000000000000000000e+00
-2.937427792549844430e+00 1.000000000000000000e+00
-1.737045745404873109e+00 1.000000000000000000e+00
-1.237834997440125706e+00 1.000000000000000000e+00
-7.049012149973793440e-01 1.000000000000000000e+00
3.762811701792146551e-02 1.000000000000000000e+00
6.896051688649034173e-01 1.000000000000000000e+00
9.999999999999988898e-01 1.000000000000000000e+00
1.029858165196501529e+00 1.000000000000000000e+00
1.910588188923242781e+00 1.000000000000000000e+00
2.473590130125681963e+00 1.000000000000000000e+00
2.966009436902218965e+00 1.000000000000000000e+00
3.375940139024139697e+00 1.000000000000000000e+00
4.093433302877077296e+00 1.000000000000000000e+00
5.546546297588665020e+00 1.000000000000000000e+00
-3.005630314018119531e+00 0.000000000000000000e+00
-1.292242533828390716e+00 0.000000000000000000e+00
5.651542392798040160e-01 0.000000000000000000e+00
2.138288602925272119e+00 0.000000000000000000e+00
2.912078112178773104e+00 0.000000000000000000e+00
4.682351893462662673e+00 0.000000000000000000e+00
