# Runtime: 19.399014711380005
-3.999999999999997335e+00 7.000000000000000000e+00
-5.375667387830528554e+00 6.000000000000000000e+00
-3.736213968917882156e+00 6.000000000000000000e+00
-2.816579112934469276e+00 6.000000000000000000e+00
-2.232278644717277327e+00 6.000000000000000000e+00
-1.436969385926130771e+00 6.000000000000000000e+00
-4.022914996737096405e-01 6.000000000000000000e+00
-6.013726943415621307e+00 5.000000000000000000e+00
-5.048585997507156975e+00 5.000000000000000000e+00
-4.169882513682721559e+00 5.000000000000000000e+00
-3.733589180736982094e+00 5.000000000000000000e+00
-3.458473029462451720e+00 5.000000000000000000e+00
-3.019203011317192598e+00 5.000000000000000000e+00
-2.591484494364240998e+00 5.000000000000000000e+00
-1.999999999999999334e+00 5.000000000000000000e+00
-1.943248522824035707e+00 5.000000000000000000e+00
-1.659049936276737691e+00 5.000000000000000000e+00
-1.431848434425781580e+00 5.000000000000000000e+00
-1.195151556105489288e+00 5.000000000000000000e+00
-1.067266960840145495e+00 5.000000000000000000e+00
-7.780718765104461809e-01 5.000000000000000000e+00
-1.442466524734146160e-01 5.000000000000000000e+00
2.404612024976301166e-01 5.000000000000000000e+00
3.611677507011164523e-01 5.000000000000000000e+00
8.041508017969745126e-01 5.000000000000000000e+00
1.102766414332844613e+00 5.000000000000000000e+00
1.431191382937349044e+00 5.000000000000000000e+00
2.314091557676513755e+00 5.000000000000000000e+00
-6.299826654048000130e+00 4.000000000000000000e+00
-5.545693596849807783e+00 4.000000000000000000e+00
-4.690588218874057524e+00 4.000000000000000000e+00
-4.464128299038303105e+00 4.000000000000000000e+00
-3.849696449903232232e+00 4.000000000000000000e+00
-3.761198263203171521e+00 4.000000000000000000e+00
-3.364891473513572873e+00 4.000000000000000000e+00
-3.292909250099746110e+00 4.000000000000000000e+00
-3.162225538612508657e+00 4.000000000000000000e+00
-2.748093914220094192e+00 4.000000000000000000e+00
-2.677205610319000506e+00 4.000000000000000000e+00
-2.469010920935564180e+00 4.000000000000000000e+00
-2.342179471781648648e+00 4.000000000000000000e+00
-2.275578559893657093e+00 4.000000000000000000e+00
-1.810374540761104933e+00 4.000000000000000000e+00
-1.728245712524361322e+00 4.000000000000000000e+00
-1.576138485486987539e+00 4.000000000000000000e+00
-1.368465207126946526e+00 4.000000000000000000e+00
-1.250595359025526543e+00 4.000000000000000000e+00
-1.105081321985482035e+00 4.000000000000000000e+00
-9.587865943914981592e-01 4.000000000000000000e+00
-9.439919114306631887e-01 4.000000000000000000e+00
-7.542792710327510530e-01 4.000000000000000000e+00
-6.015019721348484616e-01 4.000000000000000000e+00
-5.583005891559790212e-01 4.000000000000000000e+00
-4.340507907258865372e-01 4.000000000000000000e+00
-2.528614118426449342e-01 4.000000000000000000e+00
-1.538676675202658717e-01 4.000000000000000000e+00
1.098412175484466125e-01 4.000000000000000000e+00
1.944306357089325143e-01 4.000000000000000000e+00
3.719082579462197335e-01 4.000000000000000000e+00
4.653055138584113459e-01 4.000000000000000000e+00
6.257185055721343758e-01 4.000000000000000000e+00
6.394449780027000596e-01 4.000000000000000000e+00
7.850304309959822424e-01 4.000000000000000000e+00
8.634499019155230659e-01 4.000000000000000000e+00
1.204931317188224771e+00 4.000000000000000000e+00
1.450438328924309683e+00 4.000000000000000000e+00
1.704087817965417306e+00 4.000000000000000000e+00
1.847672220565823809e+00 4.000000000000000000e+00
1.900141524625660105e+00 4.000000000000000000e+00
2.116464191570615050e+00 4.000000000000000000e+00
2.295259763840169054e+00 4.000000000000000000e+00
2.492644493794847538e+00 4.000000000000000000e+00
2.680083106135555227e+00 4.000000000000000000e+00
3.001991737521677805e+00 4.000000000000000000e+00
3.358471301717331770e+00 4.000000000000000000e+00
3.966694410945474036e+00 4.000000000000000000e+00
4.365757400093872143e+00 4.000000000000000000e+00
-6.472313485590212245e+00 3.000000000000000000e+00
-5.762128805772994689e+00 3.000000000000000000e+00
-5.044719525727360043e+00 3.000000000000000000e+00
-4.662729795979920766e+00 3.000000000000000000e+00
-4.288746679673794304e+00 3.000000000000000000e+00
-4.123692629773151097e+00 3.000000000000000000e+00
-3.586912922463450393e+00 3.000000000000000000e+00
-3.462904186610452406e+00 3.000000000000000000e+00
-3.369336007126395582e+00 3.000000000000000000e+00
-3.254126555939190979e+00 3.000000000000000000e+00
-2.896928413420418735e+00 3.000000000000000000e+00
-2.842234706208687012e+00 3.000000000000000000e+00
-2.785825044250665794e+00 3.000000000000000000e+00
-2.692093601250403534e+00 3.000000000000000000e+00
-2.484611779128946374e+00 3.000000000000000000e+00
-2.379500873128024718e+00 3.000000000000000000e+00
-2.249773911229417500e+00 3.000000000000000000e+00
-2.109729279776776156e+00 3.000000000000000000e+00
-2.091347138000990036e+00 3.000000000000000000e+00
-1.870158282270650618e+00 3.000000000000000000e+00
-1.800162236473263455e+00 3.000000000000000000e+00
-1.535235529318237369e+00 3.000000000000000000e+00
-1.488726568490944535e+00 3.000000000000000000e+00
-1.313349102963772941e+00 3.000000000000000000e+00
-1.285491283048374456e+00 3.000000000000000000e+00
-1.231321008739492573e+00 3.000000000000000000e+00
-1.163391713656530602e+00 3.000000000000000000e+00
-1.082187332176694605e+00 3.000000000000000000e+00
-9.746399516468020607e-01 3.000000000000000000e+00
-8.659516461193993431e-01 3.000000000000000000e+00
-8.009160230786335211e-01 3.000000000000000000e+00
-7.352184971939440539e-01 3.000000000000000000e+00
-7.159004579575609650e-01 3.000000000000000000e+00
-5.871900334296150659e-01 3.000000000000000000e+00
-3.392699051117976650e-01 3.000000000000000000e+00
-3.137942968277983025e-01 3.000000000000000000e+00
-2.115600417141151324e-01 3.000000000000000000e+00
-7.733009791118682086e-02 3.000000000000000000e+00
-1.772357924651463482e-02 3.000000000000000000e+00
1.783452694685570133e-02 3.000000000000000000e+00
1.068493574573968069e-01 3.000000000000000000e+00
1.904365903725724896e-01 3.000000000000000000e+00
2.833472162191302823e-01 3.000000000000000000e+00
3.823721824087473742e-01 3.000000000000000000e+00
4.689939963325075456e-01 3.000000000000000000e+00
6.126417379905483296e-01 3.000000000000000000e+00
7.675524331975049908e-01 3.000000000000000000e+00
8.276951351934614953e-01 3.000000000000000000e+00
8.888316572437915397e-01 3.000000000000000000e+00
8.948386005649904273e-01 3.000000000000000000e+00
9.468195246254955677e-01 3.000000000000000000e+00
1.019488260960866421e+00 3.000000000000000000e+00
1.033007095284085519e+00 3.000000000000000000e+00
1.212013784398308092e+00 3.000000000000000000e+00
1.253178976661421196e+00 3.000000000000000000e+00
1.327819560191553894e+00 3.000000000000000000e+00
1.459281340082568823e+00 3.000000000000000000e+00
1.511177334790677174e+00 3.000000000000000000e+00
1.601153860316172350e+00 3.000000000000000000e+00
1.760719666636427094e+00 3.000000000000000000e+00
2.020673141368535486e+00 3.000000000000000000e+00
2.120152233494247529e+00 3.000000000000000000e+00
2.209728717108609963e+00 3.000000000000000000e+00
2.292635646663700566e+00 3.000000000000000000e+00
2.391007055436416451e+00 3.000000000000000000e+00
2.446781167539468171e+00 3.000000000000000000e+00
2.472822290570630077e+00 3.000000000000000000e+00
2.541590406330641816e+00 3.000000000000000000e+00
2.666722418930294936e+00 3.000000000000000000e+00
2.738245606596934500e+00 3.000000000000000000e+00
2.981296534112807706e+00 3.000000000000000000e+00
3.217103086944902657e+00 3.000000000000000000e+00
3.309564811405518281e+00 3.000000000000000000e+00
3.398579852634873166e+00 3.000000000000000000e+00
3.545939519962027831e+00 3.000000000000000000e+00
3.649814119309432670e+00 3.000000000000000000e+00
3.903020455544397915e+00 3.000000000000000000e+00
4.067720751033121473e+00 3.000000000000000000e+00
4.167832975589009337e+00 3.000000000000000000e+00
4.481119807811516864e+00 3.000000000000000000e+00
4.886410668282248793e+00 3.000000000000000000e+00
5.147042568401039020e+00 3.000000000000000000e+00
5.621138872854473334e+00 3.000000000000000000e+00
6.126177382626630141e+00 3.000000000000000000e+00
-5.883741548185295933e+00 2.000000000000000000e+00
-5.179885615340858784e+00 2.000000000000000000e+00
-4.775905555203090458e+00 2.000000000000000000e+00
-4.485704187102745877e+00 2.000000000000000000e+00
-4.223387808244323693e+00 2.000000000000000000e+00
-3.847627895161751077e+00 2.000000000000000000e+00
-3.648186057380577552e+00 2.000000000000000000e+00
-3.500746908826868786e+00 2.000000000000000000e+00
-3.467678693547992186e+00 2.000000000000000000e+00
-3.089343451865093737e+00 2.000000000000000000e+00
-2.939232406218461602e+00 2.000000000000000000e+00
-2.874812426791039766e+00 2.000000000000000000e+00
-2.805486151487452950e+00 2.000000000000000000e+00
-2.655339510382755730e+00 2.000000000000000000e+00
-2.538482079241148881e+00 2.000000000000000000e+00
-2.490084936191649501e+00 2.000000000000000000e+00
-2.324616991117266274e+00 2.000000000000000000e+00
-2.231641880398015143e+00 2.000000000000000000e+00
-2.022164111886688431e+00 2.000000000000000000e+00
-1.920991255152477928e+00 2.000000000000000000e+00
-1.774614560945770414e+00 2.000000000000000000e+00
-1.705612476108516740e+00 2.000000000000000000e+00
-1.560101331212844888e+00 2.000000000000000000e+00
-1.464690021863761071e+00 2.000000000000000000e+00
-1.443450461892028081e+00 2.000000000000000000e+00
-1.389706411490158500e+00 2.000000000000000000e+00
-1.349369768573513317e+00 2.000000000000000000e+00
-1.119224106346946801e+00 2.000000000000000000e+00
-1.048247422105088589e+00 2.000000000000000000e+00
-1.029668263942687512e+00 2.000000000000000000e+00
-9.549034819073839442e-01 2.000000000000000000e+00
-8.726240588068057136e-01 2.000000000000000000e+00
-8.047057911449151391e-01 2.000000000000000000e+00
-7.201196862636078944e-01 2.000000000000000000e+00
-5.488336404918564559e-01 2.000000000000000000e+00
-4.487875010476084503e-01 2.000000000000000000e+00
-4.386012812260809968e-01 2.000000000000000000e+00
-3.856066435147083582e-01 2.000000000000000000e+00
-2.652204487619923556e-01 2.000000000000000000e+00
-2.357056832330828577e-01 2.000000000000000000e+00
-2.630393825957623444e-02 2.000000000000000000e+00
6.419367366965961566e-03 2.000000000000000000e+00
8.547611487662619412e-02 2.000000000000000000e+00
1.123132288658968136e-01 2.000000000000000000e+00
1.382118216153049306e-01 2.000000000000000000e+00
3.514120496896004364e-01 2.000000000000000000e+00
4.075973861917724927e-01 2.000000000000000000e+00
4.449373433739678418e-01 2.000000000000000000e+00
5.569935266492106463e-01 2.000000000000000000e+00
6.085811060375803105e-01 2.000000000000000000e+00
6.766262523311539212e-01 2.000000000000000000e+00
7.415127677745021462e-01 2.000000000000000000e+00
7.554774710563421092e-01 2.000000000000000000e+00
8.200759590290951362e-01 2.000000000000000000e+00
8.541940916658802285e-01 2.000000000000000000e+00
9.079672660299473730e-01 2.000000000000000000e+00
9.623870317008439423e-01 2.000000000000000000e+00
9.993325478568816367e-01 2.000000000000000000e+00
1.104622491804695850e+00 2.000000000000000000e+00
1.223491818432388190e+00 2.000000000000000000e+00
1.336862678343394562e+00 2.000000000000000000e+00
1.453498613220831182e+00 2.000000000000000000e+00
1.487340556574423989e+00 2.000000000000000000e+00
1.540023963200090940e+00 2.000000000000000000e+00
1.682390195667540445e+00 2.000000000000000000e+00
1.813276424172449941e+00 2.000000000000000000e+00
1.830740058726491926e+00 2.000000000000000000e+00
1.925242273201541066e+00 2.000000000000000000e+00
1.975158497585403072e+00 2.000000000000000000e+00
2.081882989314467025e+00 2.000000000000000000e+00
2.182855604802265592e+00 2.000000000000000000e+00
2.218776250882152468e+00 2.000000000000000000e+00
2.321772917882449772e+00 2.000000000000000000e+00
2.398433905876385275e+00 2.000000000000000000e+00
2.462199635131120168e+00 2.000000000000000000e+00
2.502282859208745158e+00 2.000000000000000000e+00
2.653589033128635588e+00 2.000000000000000000e+00
2.757556697964842929e+00 2.000000000000000000e+00
2.769545549348098490e+00 2.000000000000000000e+00
2.828937594953922829e+00 2.000000000000000000e+00
2.938661122498649636e+00 2.000000000000000000e+00
3.049130187347346865e+00 2.000000000000000000e+00
3.130754262357030804e+00 2.000000000000000000e+00
3.182910134866400398e+00 2.000000000000000000e+00
3.197831082778249012e+00 2.000000000000000000e+00
3.328762557335401606e+00 2.000000000000000000e+00
3.538513321779407139e+00 2.000000000000000000e+00
3.755066102126850325e+00 2.000000000000000000e+00
3.772562790125893351e+00 2.000000000000000000e+00
3.977181519361000728e+00 2.000000000000000000e+00
4.102831334482442749e+00 2.000000000000000000e+00
4.245020531967847788e+00 2.000000000000000000e+00
4.289286551185290897e+00 2.000000000000000000e+00
4.346996315586243220e+00 2.000000000000000000e+00
4.503359262138904917e+00 2.000000000000000000e+00
4.761903783433792725e+00 2.000000000000000000e+00
4.795296297932511109e+00 2.000000000000000000e+00
5.014213607045163279e+00 2.000000000000000000e+00
5.131360002240659135e+00 2.000000000000000000e+00
5.318521276840188605e+00 2.000000000000000000e+00
5.618441345012277210e+00 2.000000000000000000e+00
6.001793611357022940e+00 2.000000000000000000e+00
6.117579072498666726e+00 2.000000000000000000e+00
6.883582501454147184e+00 2.000000000000000000e+00
7.509601933579189037e+00 2.000000000000000000e+00
-5.250044769825073843e+00 1.000000000000000000e+00
-4.563654028383654193e+00 1.000000000000000000e+00
-4.289576936262917251e+00 1.000000000000000000e+00
-3.998883069609370011e+00 1.000000000000000000e+00
-3.613698191961121076e+00 1.000000000000000000e+00
-3.608736290174195283e+00 1.000000000000000000e+00
-3.198688984720782447e+00 1.000000000000000000e+00
-3.015867081741507416e+00 1.000000000000000000e+00
-2.857011015122015163e+00 1.000000000000000000e+00
-2.655030654074718832e+00 1.000000000000000000e+00
-2.455442951278941077e+00 1.000000000000000000e+00
-2.270583189399953739e+00 1.000000000000000000e+00
-2.150121018371383030e+00 1.000000000000000000e+00
-2.080466581023785011e+00 1.000000000000000000e+00
-1.839852967309569820e+00 1.000000000000000000e+00
-1.771677537028007787e+00 1.000000000000000000e+00
-1.725769871895635577e+00 1.000000000000000000e+00
-1.664131780202369626e+00 1.000000000000000000e+00
-1.505841243879890490e+00 1.000000000000000000e+00
-1.478162611126413895e+00 1.000000000000000000e+00
-1.403581045911499681e+00 1.000000000000000000e+00
-1.214426745016171205e+00 1.000000000000000000e+00
-1.127302865252281627e+00 1.000000000000000000e+00
-1.026369011368299056e+00 1.000000000000000000e+00
-8.516523505626246715e-01 1.000000000000000000e+00
-8.209334425572728522e-01 1.000000000000000000e+00
-5.862453346853462310e-01 1.000000000000000000e+00
-5.741582467588735028e-01 1.000000000000000000e+00
-5.123626723406322636e-01 1.000000000000000000e+00
-4.716826255286021286e-01 1.000000000000000000e+00
-3.714529249641561615e-01 1.000000000000000000e+00
-2.870261419224632293e-01 1.000000000000000000e+00
-1.840018505784096758e-02 1.000000000000000000e+00
6.365826802257866512e-02 1.000000000000000000e+00
1.448921310841791155e-01 1.000000000000000000e+00
3.177175274184132481e-01 1.000000000000000000e+00
3.362233563443919881e-01 1.000000000000000000e+00
4.503712009661335336e-01 1.000000000000000000e+00
5.056898162649980932e-01 1.000000000000000000e+00
5.722110382857654720e-01 1.000000000000000000e+00
6.222865824650493094e-01 1.000000000000000000e+00
6.964165835214044531e-01 1.000000000000000000e+00
7.236105795298873877e-01 1.000000000000000000e+00
7.674418432155200032e-01 1.000000000000000000e+00
9.182972445238456460e-01 1.000000000000000000e+00
1.020465571876388422e+00 1.000000000000000000e+00
1.089940690484192620e+00 1.000000000000000000e+00
1.177070871166256527e+00 1.000000000000000000e+00
1.229460033958186704e+00 1.000000000000000000e+00
1.348075019779174877e+00 1.000000000000000000e+00
1.550087189785798403e+00 1.000000000000000000e+00
1.670327469498803286e+00 1.000000000000000000e+00
1.834061792315439865e+00 1.000000000000000000e+00
1.909587669469023918e+00 1.000000000000000000e+00
1.939825012187778253e+00 1.000000000000000000e+00
2.007007105091147103e+00 1.000000000000000000e+00
2.098170721131861871e+00 1.000000000000000000e+00
2.247214212710034964e+00 1.000000000000000000e+00
2.345798442282039264e+00 1.000000000000000000e+00
2.427354722710150181e+00 1.000000000000000000e+00
2.504174288197011045e+00 1.000000000000000000e+00
2.657493972880982991e+00 1.000000000000000000e+00
2.735247848231626477e+00 1.000000000000000000e+00
2.816108201457202309e+00 1.000000000000000000e+00
2.874428822703995134e+00 1.000000000000000000e+00
2.973642355338075749e+00 1.000000000000000000e+00
2.996689844792363555e+00 1.000000000000000000e+00
3.129091863119875860e+00 1.000000000000000000e+00
3.199794547036305836e+00 1.000000000000000000e+00
3.270607798078861705e+00 1.000000000000000000e+00
3.461592157302210371e+00 1.000000000000000000e+00
3.604824945126488434e+00 1.000000000000000000e+00
3.839444465309363785e+00 1.000000000000000000e+00
3.936022283599045934e+00 1.000000000000000000e+00
4.023572121055316586e+00 1.000000000000000000e+00
4.170037757407910384e+00 1.000000000000000000e+00
4.281990691437103536e+00 1.000000000000000000e+00
4.347787953993021759e+00 1.000000000000000000e+00
4.454092729242130844e+00 1.000000000000000000e+00
4.708252208743797240e+00 1.000000000000000000e+00
4.932589953795500470e+00 1.000000000000000000e+00
5.148913971821468039e+00 1.000000000000000000e+00
5.261372417483157982e+00 1.000000000000000000e+00
5.421052588469425615e+00 1.000000000000000000e+00
5.699546286831370878e+00 1.000000000000000000e+00
5.856646248444154601e+00 1.000000000000000000e+00
6.045665469050144125e+00 1.000000000000000000e+00
6.534288432855789530e+00 1.000000000000000000e+00
6.758251720506287974e+00 1.000000000000000000e+00
7.241492922890071959e+00 1.000000000000000000e+00
8.360854802028839572e+00 1.000000000000000000e+00
-4.576891758534244126e+00 0.000000000000000000e+00
-3.631501194053837089e+00 0.000000000000000000e+00
-2.958959283993184641e+00 0.000000000000000000e+00
-2.721968869634871613e+00 0.000000000000000000e+00
-1.951976102610023300e+00 0.000000000000000000e+00
-1.765259512760875227e+00 0.000000000000000000e+00
-1.512379635154623925e+00 0.000000000000000000e+00
-1.419234745397461861e+00 0.000000000000000000e+00
-1.176015671486526415e+00 0.000000000000000000e+00
-9.431823953191091903e-01 0.000000000000000000e+00
-4.952506271724694820e-01 0.000000000000000000e+00
-1.799758859432326330e-01 0.000000000000000000e+00
-2.752640675729566694e-02 0.000000000000000000e+00
3.746050967346004068e-01 0.000000000000000000e+00
4.452323455060214208e-01 0.000000000000000000e+00
6.981346659632411411e-01 0.000000000000000000e+00
9.095014041799687199e-01 0.000000000000000000e+00
9.409228334549205597e-01 0.000000000000000000e+00
1.095033763556386042e+00 0.000000000000000000e+00
1.581217989984570638e+00 0.000000000000000000e+00
1.736790122099368228e+00 0.000000000000000000e+00
1.848527920254147583e+00 0.000000000000000000e+00
2.358915749650255300e+00 0.000000000000000000e+00
2.520167889844391329e+00 0.000000000000000000e+00
2.732530201846929074e+00 0.000000000000000000e+00
3.105932797235876563e+00 0.000000000000000000e+00
3.415686322369234862e+00 0.000000000000000000e+00
3.725073866760646002e+00 0.000000000000000000e+00
4.067474058280653004e+00 0.000000000000000000e+00
4.139884847004014823e+00 0.000000000000000000e+00
4.652501859180069310e+00 0.000000000000000000e+00
5.025420432571289453e+00 0.000000000000000000e+00
5.432079936061400716e+00 0.000000000000000000e+00
6.062131752303925758e+00 0.000000000000000000e+00
6.604937638980518777e+00 0.000000000000000000e+00
7.887418594995311949e+00 0.000000000000000000e+00
