# Runtime: 18.795541048049927
-3.999999999999997335e+00 7.000000000000000000e+00
-5.338701488088519298e+00 6.000000000000000000e+00
-3.661147901073347644e+00 6.000000000000000000e+00
-3.162704468170891126e+00 6.000000000000000000e+00
-2.123972021200293714e+00 6.000000000000000000e+00
-1.093706452479967561e+00 6.000000000000000000e+00
-6.197676689869798805e-01 6.000000000000000000e+00
-5.914428974195354627e+00 5.000000000000000000e+00
-4.906865436439107775e+00 5.000000000000000000e+00
-4.425246266264553086e+00 5.000000000000000000e+00
-3.588051997895350009e+00 5.000000000000000000e+00
-3.294543777820652330e+00 5.000000000000000000e+00
-2.897552872430115389e+00 5.000000000000000000e+00
-2.715539911320428601e+00 5.000000000000000000e+00
-2.290982592453579159e+00 5.000000000000000000e+00
-2.241499904249640185e+00 5.000000000000000000e+00
-1.825128415002269966e+00 5.000000000000000000e+00
-1.357730386729150585e+00 5.000000000000000000e+00
-1.084193163643595526e+00 5.000000000000000000e+00
-9.698139485987543607e-01 5.000000000000000000e+00
-6.165065939914717852e-01 5.000000000000000000e+00
-2.292402165206706977e-01 5.000000000000000000e+00
1.522213038476940838e-01 5.000000000000000000e+00
5.533637680832239614e-01 5.000000000000000000e+00
7.082303143084810459e-01 5.000000000000000000e+00
9.656842790850581615e-01 5.000000000000000000e+00
1.680583523438355043e+00 5.000000000000000000e+00
2.297241268791902602e+00 5.000000000000000000e+00
-6.160522088206792368e+00 4.000000000000000000e+00
-5.205437433403815817e+00 4.000000000000000000e+00
-4.702295406364010333e+00 4.000000000000000000e+00
-4.364909194902282685e+00 4.000000000000000000e+00
-3.902711664742760878e+00 4.000000000000000000e+00
-3.731300156938432533e+00 4.000000000000000000e+00
-3.296517404443993549e+00 4.000000000000000000e+00
-2.981607145088532196e+00 4.000000000000000000e+00
-2.925440689008124373e+00 4.000000000000000000e+00
-2.863452289415300278e+00 4.000000000000000000e+00
-2.656462846692854818e+00 4.000000000000000000e+00
-2.476939025032245389e+00 4.000000000000000000e+00
-2.423723737032574377e+00 4.000000000000000000e+00
-2.149699427510804561e+00 4.000000000000000000e+00
-1.934984952067814401e+00 4.000000000000000000e+00
-1.890611841862749110e+00 4.000000000000000000e+00
-1.657670944718998340e+00 4.000000000000000000e+00
-1.527683133527353965e+00 4.000000000000000000e+00
-1.382615159607992084e+00 4.000000000000000000e+00
-1.280897481546164007e+00 4.000000000000000000e+00
-1.227860915125759567e+00 4.000000000000000000e+00
-9.839385325755581890e-01 4.000000000000000000e+00
-8.709260701476407851e-01 4.000000000000000000e+00
-6.783923608715181075e-01 4.000000000000000000e+00
-6.075761905788032990e-01 4.000000000000000000e+00
-3.951393712654933110e-01 4.000000000000000000e+00
-2.196754660803217629e-01 4.000000000000000000e+00
-1.289612355358920048e-01 4.000000000000000000e+00
-3.834580289997834013e-02 4.000000000000000000e+00
7.788829671793460856e-03 4.000000000000000000e+00
1.976894496612042751e-01 4.000000000000000000e+00
3.862147745444858282e-01 4.000000000000000000e+00
5.196587822560730929e-01 4.000000000000000000e+00
8.245500211758717279e-01 4.000000000000000000e+00
9.350685401371119365e-01 4.000000000000000000e+00
1.074088238533199791e+00 4.000000000000000000e+00
1.138369749481182858e+00 4.000000000000000000e+00
1.305340351881661531e+00 4.000000000000000000e+00
1.410920556442461393e+00 4.000000000000000000e+00
1.538998402816742939e+00 4.000000000000000000e+00
1.859309770067868683e+00 4.000000000000000000e+00
2.228842150639542830e+00 4.000000000000000000e+00
2.452939051986709362e+00 4.000000000000000000e+00
2.653321704724553420e+00 4.000000000000000000e+00
2.865259406619973692e+00 4.000000000000000000e+00
2.970851557409010191e+00 4.000000000000000000e+00
3.435878953774839317e+00 4.000000000000000000e+00
4.225488689543706933e+00 4.000000000000000000e+00
4.635718985826580152e+00 4.000000000000000000e+00
-6.312151340508835418e+00 3.000000000000000000e+00
-5.370609904365169385e+00 3.000000000000000000e+00
-4.848704101544028866e+00 3.000000000000000000e+00
-4.495186676862593878e+00 3.000000000000000000e+00
-4.111947274101317440e+00 3.000000000000000000e+00
-3.898794406459428874e+00 3.000000000000000000e+00
-3.719876180000301513e+00 3.000000000000000000e+00
-3.669683974964065953e+00 3.000000000000000000e+00
-3.403515634794898936e+00 3.000000000000000000e+00
-3.208625745541099139e+00 3.000000000000000000e+00
-3.103412058705065313e+00 3.000000000000000000e+00
-2.843231965473915324e+00 3.000000000000000000e+00
-2.691010426793538191e+00 3.000000000000000000e+00
-2.528612812030238466e+00 3.000000000000000000e+00
-2.479634880776368622e+00 3.000000000000000000e+00
-2.327161157849955586e+00 3.000000000000000000e+00
-2.240952724495639981e+00 3.000000000000000000e+00
-1.989529707217203569e+00 3.000000000000000000e+00
-1.930361838285517884e+00 3.000000000000000000e+00
-1.875649723036721284e+00 3.000000000000000000e+00
-1.856260085316976838e+00 3.000000000000000000e+00
-1.724663883999161484e+00 3.000000000000000000e+00
-1.523334457916523332e+00 3.000000000000000000e+00
-1.474932737071755318e+00 3.000000000000000000e+00
-1.410852432004443768e+00 3.000000000000000000e+00
-1.255424383609988315e+00 3.000000000000000000e+00
-1.240948092648749723e+00 3.000000000000000000e+00
-1.028812107145570476e+00 3.000000000000000000e+00
-1.006638204579219265e+00 3.000000000000000000e+00
-8.855928573110903868e-01 3.000000000000000000e+00
-8.463853873410138728e-01 3.000000000000000000e+00
-7.736361519318492030e-01 3.000000000000000000e+00
-6.144906986783220670e-01 3.000000000000000000e+00
-5.552129726240913055e-01 3.000000000000000000e+00
-5.018995143295519323e-01 3.000000000000000000e+00
-3.882979879400959011e-01 3.000000000000000000e+00
-2.949832863392354287e-01 3.000000000000000000e+00
-1.927994727711693779e-01 3.000000000000000000e+00
-1.000439067621394507e-01 3.000000000000000000e+00
-9.697983747703048385e-02 3.000000000000000000e+00
7.233687102977691408e-02 3.000000000000000000e+00
1.757446694335419723e-01 3.000000000000000000e+00
2.952493852057494483e-01 3.000000000000000000e+00
3.468050264435280639e-01 3.000000000000000000e+00
3.638950802683173502e-01 3.000000000000000000e+00
5.059985243306940328e-01 3.000000000000000000e+00
6.251401751151334230e-01 3.000000000000000000e+00
7.082107012661733592e-01 3.000000000000000000e+00
7.755035151872966548e-01 3.000000000000000000e+00
8.125646338914106481e-01 3.000000000000000000e+00
8.800630807314536730e-01 3.000000000000000000e+00
9.532588846244085534e-01 3.000000000000000000e+00
1.047975392802975581e+00 3.000000000000000000e+00
1.133289450364849626e+00 3.000000000000000000e+00
1.182216077232229212e+00 3.000000000000000000e+00
1.326924375047892513e+00 3.000000000000000000e+00
1.539027633840562848e+00 3.000000000000000000e+00
1.571171626088494477e+00 3.000000000000000000e+00
1.677625620294086017e+00 3.000000000000000000e+00
1.844581308818306509e+00 3.000000000000000000e+00
1.895893317320244353e+00 3.000000000000000000e+00
1.936093684261402048e+00 3.000000000000000000e+00
2.035467283278714845e+00 3.000000000000000000e+00
2.149707791043770300e+00 3.000000000000000000e+00
2.175814794241299754e+00 3.000000000000000000e+00
2.401767374510873410e+00 3.000000000000000000e+00
2.478893861855707037e+00 3.000000000000000000e+00
2.597159799873757002e+00 3.000000000000000000e+00
2.753577168134619946e+00 3.000000000000000000e+00
2.810140235243182794e+00 3.000000000000000000e+00
3.063289059927971625e+00 3.000000000000000000e+00
3.152804480258074804e+00 3.000000000000000000e+00
3.338827116398311201e+00 3.000000000000000000e+00
3.351924721975212407e+00 3.000000000000000000e+00
3.562729094102212724e+00 3.000000000000000000e+00
3.843008535065624898e+00 3.000000000000000000e+00
3.917695749411878481e+00 3.000000000000000000e+00
4.028493814736277656e+00 3.000000000000000000e+00
4.301993140630179902e+00 3.000000000000000000e+00
4.616669876431934050e+00 3.000000000000000000e+00
4.764341575760489889e+00 3.000000000000000000e+00
5.401907655308109568e+00 3.000000000000000000e+00
5.810616502443291864e+00 3.000000000000000000e+00
6.594442327373855051e+00 3.000000000000000000e+00
-6.409988722126344740e+00 2.000000000000000000e+00
-5.470533903127269504e+00 2.000000000000000000e+00
-4.939493359361923019e+00 2.000000000000000000e+00
-4.546302970846959113e+00 2.000000000000000000e+00
-4.163438513986333689e+00 2.000000000000000000e+00
-4.005398303746168231e+00 2.000000000000000000e+00
-3.581748559685290711e+00 2.000000000000000000e+00
-3.507882286936714777e+00 2.000000000000000000e+00
-3.304960869019214265e+00 2.000000000000000000e+00
-3.241337053257357770e+00 2.000000000000000000e+00
-2.921732632123128948e+00 2.000000000000000000e+00
-2.873310305318154789e+00 2.000000000000000000e+00
-2.734886825052797565e+00 2.000000000000000000e+00
-2.683958835674059795e+00 2.000000000000000000e+00
-2.406914960715019536e+00 2.000000000000000000e+00
-2.376823893718094105e+00 2.000000000000000000e+00
-2.148716112857190552e+00 2.000000000000000000e+00
-2.098499475598990305e+00 2.000000000000000000e+00
-1.980250908268668342e+00 2.000000000000000000e+00
-1.913882100053279967e+00 2.000000000000000000e+00
-1.722752282798192258e+00 2.000000000000000000e+00
-1.624806917980547105e+00 2.000000000000000000e+00
-1.578182930069557566e+00 2.000000000000000000e+00
-1.477240312825391033e+00 2.000000000000000000e+00
-1.332846967005381966e+00 2.000000000000000000e+00
-1.279840351174632795e+00 2.000000000000000000e+00
-1.161963241131081404e+00 2.000000000000000000e+00
-1.082040764198810345e+00 2.000000000000000000e+00
-1.026403022318864489e+00 2.000000000000000000e+00
-9.618081767552939532e-01 2.000000000000000000e+00
-8.182285042958897803e-01 2.000000000000000000e+00
-7.739339133920166702e-01 2.000000000000000000e+00
-6.730500901933789137e-01 2.000000000000000000e+00
-6.639178356355900368e-01 2.000000000000000000e+00
-5.553295938715292479e-01 2.000000000000000000e+00
-4.895328655489096237e-01 2.000000000000000000e+00
-4.049081539246150441e-01 2.000000000000000000e+00
-3.387188245988458357e-01 2.000000000000000000e+00
-3.085169718757384549e-01 2.000000000000000000e+00
-2.149259610058925907e-01 2.000000000000000000e+00
-1.134945169789186858e-01 2.000000000000000000e+00
3.395799351171501640e-02 2.000000000000000000e+00
1.003587697206444057e-01 2.000000000000000000e+00
1.605115447628346625e-01 2.000000000000000000e+00
2.568581315648403862e-01 2.000000000000000000e+00
3.475824834488564496e-01 2.000000000000000000e+00
4.662932839116442074e-01 2.000000000000000000e+00
4.759493685986226907e-01 2.000000000000000000e+00
5.374972334170292632e-01 2.000000000000000000e+00
6.135390933400832747e-01 2.000000000000000000e+00
6.777551291480322648e-01 2.000000000000000000e+00
7.805902023476629648e-01 2.000000000000000000e+00
8.195206627366613539e-01 2.000000000000000000e+00
8.703499171196477091e-01 2.000000000000000000e+00
9.168849416037185840e-01 2.000000000000000000e+00
9.556388332833486432e-01 2.000000000000000000e+00
9.798350910263616820e-01 2.000000000000000000e+00
1.108852864919733561e+00 2.000000000000000000e+00
1.149664193611700247e+00 2.000000000000000000e+00
1.306270815365414562e+00 2.000000000000000000e+00
1.361945821350006858e+00 2.000000000000000000e+00
1.418145461693111287e+00 2.000000000000000000e+00
1.496047703847292132e+00 2.000000000000000000e+00
1.573572944865690770e+00 2.000000000000000000e+00
1.589569705675653921e+00 2.000000000000000000e+00
1.705809916604920540e+00 2.000000000000000000e+00
1.752599200567291904e+00 2.000000000000000000e+00
1.980857930550504742e+00 2.000000000000000000e+00
2.013807191519571660e+00 2.000000000000000000e+00
2.054297505712249006e+00 2.000000000000000000e+00
2.195446471594985294e+00 2.000000000000000000e+00
2.241722146440288999e+00 2.000000000000000000e+00
2.265194177930321739e+00 2.000000000000000000e+00
2.349186499886225299e+00 2.000000000000000000e+00
2.434713639712960287e+00 2.000000000000000000e+00
2.461726068931637368e+00 2.000000000000000000e+00
2.543950978656135842e+00 2.000000000000000000e+00
2.599666400326768656e+00 2.000000000000000000e+00
2.655355573555050697e+00 2.000000000000000000e+00
2.749261316332832550e+00 2.000000000000000000e+00
2.854031702684288074e+00 2.000000000000000000e+00
2.898093827819817392e+00 2.000000000000000000e+00
3.032267783282192930e+00 2.000000000000000000e+00
3.148948952021994874e+00 2.000000000000000000e+00
3.437669451455291014e+00 2.000000000000000000e+00
3.471404795534272836e+00 2.000000000000000000e+00
3.604884559925456866e+00 2.000000000000000000e+00
3.626645378122823615e+00 2.000000000000000000e+00
3.823040160767210871e+00 2.000000000000000000e+00
3.894892434193542918e+00 2.000000000000000000e+00
4.025222689718892966e+00 2.000000000000000000e+00
4.124119430163890598e+00 2.000000000000000000e+00
4.275446571028259868e+00 2.000000000000000000e+00
4.343511812080108392e+00 2.000000000000000000e+00
4.368017823407729594e+00 2.000000000000000000e+00
4.535412662697040354e+00 2.000000000000000000e+00
4.670222467438555292e+00 2.000000000000000000e+00
4.886982850268965173e+00 2.000000000000000000e+00
4.920415494542178969e+00 2.000000000000000000e+00
5.577814327402169425e+00 2.000000000000000000e+00
5.847732417248479919e+00 2.000000000000000000e+00
6.164979434769346511e+00 2.000000000000000000e+00
6.186734275347723688e+00 2.000000000000000000e+00
6.381696990364791766e+00 2.000000000000000000e+00
7.811527287574943301e+00 2.000000000000000000e+00
-6.469572357296862641e+00 1.000000000000000000e+00
-5.529787111996520288e+00 1.000000000000000000e+00
-4.584909800971110450e+00 1.000000000000000000e+00
-4.186504341369924553e+00 1.000000000000000000e+00
-4.084011604897382242e+00 1.000000000000000000e+00
-3.646568326517168668e+00 1.000000000000000000e+00
-3.336829038290908933e+00 1.000000000000000000e+00
-2.957674698644085165e+00 1.000000000000000000e+00
-2.863488534784349060e+00 1.000000000000000000e+00
-2.626510198995948731e+00 1.000000000000000000e+00
-2.441970724848832486e+00 1.000000000000000000e+00
-2.216739433526288217e+00 1.000000000000000000e+00
-2.084048316698214443e+00 1.000000000000000000e+00
-2.026044614211184758e+00 1.000000000000000000e+00
-1.913775469275864616e+00 1.000000000000000000e+00
-1.652345053786735241e+00 1.000000000000000000e+00
-1.594335122778359315e+00 1.000000000000000000e+00
-1.531952113202859733e+00 1.000000000000000000e+00
-1.363072923422398164e+00 1.000000000000000000e+00
-1.184233067982166654e+00 1.000000000000000000e+00
-1.074594091747518743e+00 1.000000000000000000e+00
-1.047474866456514109e+00 1.000000000000000000e+00
-9.536314737513118533e-01 1.000000000000000000e+00
-9.073645983746454480e-01 1.000000000000000000e+00
-7.400382144769794834e-01 1.000000000000000000e+00
-6.614659133811136016e-01 1.000000000000000000e+00
-5.683317010954199722e-01 1.000000000000000000e+00
-4.664945879977505094e-01 1.000000000000000000e+00
-3.639561798344591592e-01 1.000000000000000000e+00
-2.329362426658863061e-01 1.000000000000000000e+00
-2.440943598127348624e-02 1.000000000000000000e+00
-5.737931883485571961e-03 1.000000000000000000e+00
1.276926626155331923e-01 1.000000000000000000e+00
1.660459537828011811e-01 1.000000000000000000e+00
3.592207288357959771e-01 1.000000000000000000e+00
4.167870267694050446e-01 1.000000000000000000e+00
4.630331012992712769e-01 1.000000000000000000e+00
4.918356654313734699e-01 1.000000000000000000e+00
6.333775932262910580e-01 1.000000000000000000e+00
6.934332469210408023e-01 1.000000000000000000e+00
7.675574922950134660e-01 1.000000000000000000e+00
7.820847229824379188e-01 1.000000000000000000e+00
8.354057491842126204e-01 1.000000000000000000e+00
9.304345245002697551e-01 1.000000000000000000e+00
1.041797585746708110e+00 1.000000000000000000e+00
1.155189773529305519e+00 1.000000000000000000e+00
1.314592994262583359e+00 1.000000000000000000e+00
1.385212712496974419e+00 1.000000000000000000e+00
1.580783827452524548e+00 1.000000000000000000e+00
1.585632289856704569e+00 1.000000000000000000e+00
1.729338330032963222e+00 1.000000000000000000e+00
1.822181132524462344e+00 1.000000000000000000e+00
1.832821823960726126e+00 1.000000000000000000e+00
1.957460016809700276e+00 1.000000000000000000e+00
2.084135537721094167e+00 1.000000000000000000e+00
2.103783121681826795e+00 1.000000000000000000e+00
2.151129594305609238e+00 1.000000000000000000e+00
2.178689531203303442e+00 1.000000000000000000e+00
2.201233686187651362e+00 1.000000000000000000e+00
2.355782758007787248e+00 1.000000000000000000e+00
2.452487762472382649e+00 1.000000000000000000e+00
2.537185162459855814e+00 1.000000000000000000e+00
2.708288730240277165e+00 1.000000000000000000e+00
2.770413708407967857e+00 1.000000000000000000e+00
2.874169286386991651e+00 1.000000000000000000e+00
2.937376625614943393e+00 1.000000000000000000e+00
3.055572470644174921e+00 1.000000000000000000e+00
3.212862050853947160e+00 1.000000000000000000e+00
3.259414377077268554e+00 1.000000000000000000e+00
3.430215008427491163e+00 1.000000000000000000e+00
3.531690603987224009e+00 1.000000000000000000e+00
3.618194158286345274e+00 1.000000000000000000e+00
3.730441280077668953e+00 1.000000000000000000e+00
3.812191436159449331e+00 1.000000000000000000e+00
3.880851645083007284e+00 1.000000000000000000e+00
4.010539283765613305e+00 1.000000000000000000e+00
4.068262335472414115e+00 1.000000000000000000e+00
4.215781505451986710e+00 1.000000000000000000e+00
4.366930279699478668e+00 1.000000000000000000e+00
4.535222020939906784e+00 1.000000000000000000e+00
4.596492778900358900e+00 1.000000000000000000e+00
4.943681746408814526e+00 1.000000000000000000e+00
5.233169460774903747e+00 1.000000000000000000e+00
5.307421276061954352e+00 1.000000000000000000e+00
5.507706015674354916e+00 1.000000000000000000e+00
5.676768707605370778e+00 1.000000000000000000e+00
5.907851473250524954e+00 1.000000000000000000e+00
6.214865290035352707e+00 1.000000000000000000e+00
6.365018607712500831e+00 1.000000000000000000e+00
7.172601197573118981e+00 1.000000000000000000e+00
8.260468622014476736e+00 1.000000000000000000e+00
-5.557662274849835882e+00 0.000000000000000000e+00
-4.131410221918340397e+00 0.000000000000000000e+00
-3.361643245779295075e+00 0.000000000000000000e+00
-2.966388785487102275e+00 0.000000000000000000e+00
-2.257034686266641277e+00 0.000000000000000000e+00
-1.679342394715503506e+00 0.000000000000000000e+00
-1.274572548544220307e+00 0.000000000000000000e+00
-8.995324398361495000e-01 0.000000000000000000e+00
-8.448269896220788056e-01 0.000000000000000000e+00
-5.660966331573371590e-01 0.000000000000000000e+00
-3.783154709765081947e-01 0.000000000000000000e+00
5.562325691013615681e-02 0.000000000000000000e+00
1.134549560030509580e-01 0.000000000000000000e+00
6.890345720558503917e-01 0.000000000000000000e+00
7.514568757708965929e-01 0.000000000000000000e+00
8.674679986936001397e-01 0.000000000000000000e+00
1.122544666153283410e+00 0.000000000000000000e+00
1.334177009759322630e+00 0.000000000000000000e+00
1.448138828839799830e+00 0.000000000000000000e+00
1.621337979406638263e+00 0.000000000000000000e+00
1.921520037239104806e+00 0.000000000000000000e+00
2.067744721093578431e+00 0.000000000000000000e+00
2.385882545655487519e+00 0.000000000000000000e+00
2.555344844490499590e+00 0.000000000000000000e+00
2.681169324115666441e+00 0.000000000000000000e+00
3.017761338299286056e+00 0.000000000000000000e+00
3.435270083677302466e+00 0.000000000000000000e+00
3.612627205734008751e+00 0.000000000000000000e+00
3.995008387398953698e+00 0.000000000000000000e+00
4.070585340647387085e+00 0.000000000000000000e+00
4.281803473157673956e+00 0.000000000000000000e+00
4.987049994063227132e+00 0.000000000000000000e+00
5.260171115969647815e+00 0.000000000000000000e+00
5.726545547468011144e+00 0.000000000000000000e+00
6.460254903126935844e+00 0.000000000000000000e+00
7.454850685423641821e+00 0.000000000000000000e+00
