# Runtime: 18.920647621154785
-3.999999999999998224e+00 7.000000000000000000e+00
-5.338701488088515745e+00 6.000000000000000000e+00
-3.661147901073347199e+00 6.000000000000000000e+00
-3.162704468170889349e+00 6.000000000000000000e+00
-2.123972021200294602e+00 6.000000000000000000e+00
-1.093706452479967783e+00 6.000000000000000000e+00
-6.197676689869804356e-01 6.000000000000000000e+00
-5.914428974195351962e+00 5.000000000000000000e+00
-4.906865436439103334e+00 5.000000000000000000e+00
-4.425246266264550421e+00 5.000000000000000000e+00
-3.588051997895347789e+00 5.000000000000000000e+00
-3.294543777820654107e+00 5.000000000000000000e+00
-2.897552872430116722e+00 5.000000000000000000e+00
-2.715539911320429045e+00 5.000000000000000000e+00
-2.290982592453581823e+00 5.000000000000000000e+00
-2.241499904249640629e+00 5.000000000000000000e+00
-1.825128415002269966e+00 5.000000000000000000e+00
-1.357730386729152583e+00 5.000000000000000000e+00
-1.084193163643596414e+00 5.000000000000000000e+00
-9.698139485987549158e-01 5.000000000000000000e+00
-6.165065939914730064e-01 5.000000000000000000e+00
-2.292402165206700038e-01 5.000000000000000000e+00
1.522213038476922797e-01 5.000000000000000000e+00
5.533637680832272920e-01 5.000000000000000000e+00
7.082303143084787145e-01 5.000000000000000000e+00
9.656842790850547198e-01 5.000000000000000000e+00
1.680583523438354820e+00 5.000000000000000000e+00
2.297241268791894164e+00 5.000000000000000000e+00
-6.160522088206808355e+00 4.000000000000000000e+00
-5.205437433403814040e+00 4.000000000000000000e+00
-4.702295406364012109e+00 4.000000000000000000e+00
-4.364909194902283573e+00 4.000000000000000000e+00
-3.902711664742758213e+00 4.000000000000000000e+00
-3.731300156938432533e+00 4.000000000000000000e+00
-3.296517404443996657e+00 4.000000000000000000e+00
-2.981607145088527755e+00 4.000000000000000000e+00
-2.925440689008123929e+00 4.000000000000000000e+00
-2.863452289415298058e+00 4.000000000000000000e+00
-2.656462846692854374e+00 4.000000000000000000e+00
-2.476939025032242725e+00 4.000000000000000000e+00
-2.423723737032572156e+00 4.000000000000000000e+00
-2.149699427510801009e+00 4.000000000000000000e+00
-1.934984952067816844e+00 4.000000000000000000e+00
-1.890611841862750220e+00 4.000000000000000000e+00
-1.657670944718999673e+00 4.000000000000000000e+00
-1.527683133527353743e+00 4.000000000000000000e+00
-1.382615159607993194e+00 4.000000000000000000e+00
-1.280897481546164673e+00 4.000000000000000000e+00
-1.227860915125761565e+00 4.000000000000000000e+00
-9.839385325755570788e-01 4.000000000000000000e+00
-8.709260701476406741e-01 4.000000000000000000e+00
-6.783923608715176634e-01 4.000000000000000000e+00
-6.075761905788026329e-01 4.000000000000000000e+00
-3.951393712654932000e-01 4.000000000000000000e+00
-2.196754660803217907e-01 4.000000000000000000e+00
-1.289612355358911999e-01 4.000000000000000000e+00
-3.834580289997999852e-02 4.000000000000000000e+00
7.788829671793532847e-03 4.000000000000000000e+00
1.976894496612049412e-01 4.000000000000000000e+00
3.862147745444859948e-01 4.000000000000000000e+00
5.196587822560739811e-01 4.000000000000000000e+00
8.245500211758735043e-01 4.000000000000000000e+00
9.350685401371126027e-01 4.000000000000000000e+00
1.074088238533198902e+00 4.000000000000000000e+00
1.138369749481180415e+00 4.000000000000000000e+00
1.305340351881658645e+00 4.000000000000000000e+00
1.410920556442460949e+00 4.000000000000000000e+00
1.538998402816738942e+00 4.000000000000000000e+00
1.859309770067872458e+00 4.000000000000000000e+00
2.228842150639544162e+00 4.000000000000000000e+00
2.452939051986708474e+00 4.000000000000000000e+00
2.653321704724554753e+00 4.000000000000000000e+00
2.865259406619976801e+00 4.000000000000000000e+00
2.970851557409008858e+00 4.000000000000000000e+00
3.435878953774834876e+00 4.000000000000000000e+00
4.225488689543714038e+00 4.000000000000000000e+00
4.635718985826595251e+00 4.000000000000000000e+00
-6.312151340508802555e+00 3.000000000000000000e+00
-5.370609904365174714e+00 3.000000000000000000e+00
-4.848704101544006662e+00 3.000000000000000000e+00
-4.495186676862597430e+00 3.000000000000000000e+00
-4.111947274101295235e+00 3.000000000000000000e+00
-3.898794406459440420e+00 3.000000000000000000e+00
-3.719876180000311283e+00 3.000000000000000000e+00
-3.669683974964063289e+00 3.000000000000000000e+00
-3.403515634794910483e+00 3.000000000000000000e+00
-3.208625745541089369e+00 3.000000000000000000e+00
-3.103412058705069310e+00 3.000000000000000000e+00
-2.843231965473909550e+00 3.000000000000000000e+00
-2.691010426793547961e+00 3.000000000000000000e+00
-2.528612812030239798e+00 3.000000000000000000e+00
-2.479634880776369954e+00 3.000000000000000000e+00
-2.327161157849959583e+00 3.000000000000000000e+00
-2.240952724495642201e+00 3.000000000000000000e+00
-1.989529707217207344e+00 3.000000000000000000e+00
-1.930361838285518550e+00 3.000000000000000000e+00
-1.875649723036725058e+00 3.000000000000000000e+00
-1.856260085316979280e+00 3.000000000000000000e+00
-1.724663883999157266e+00 3.000000000000000000e+00
-1.523334457916524443e+00 3.000000000000000000e+00
-1.474932737071755540e+00 3.000000000000000000e+00
-1.410852432004441104e+00 3.000000000000000000e+00
-1.255424383609988315e+00 3.000000000000000000e+00
-1.240948092648747281e+00 3.000000000000000000e+00
-1.028812107145572252e+00 3.000000000000000000e+00
-1.006638204579220819e+00 3.000000000000000000e+00
-8.855928573110910529e-01 3.000000000000000000e+00
-8.463853873410143169e-01 3.000000000000000000e+00
-7.736361519318498692e-01 3.000000000000000000e+00
-6.144906986783231773e-01 3.000000000000000000e+00
-5.552129726240927488e-01 3.000000000000000000e+00
-5.018995143295517103e-01 3.000000000000000000e+00
-3.882979879400964007e-01 3.000000000000000000e+00
-2.949832863392365390e-01 3.000000000000000000e+00
-1.927994727711699330e-01 3.000000000000000000e+00
-1.000439067621383404e-01 3.000000000000000000e+00
-9.697983747703009527e-02 3.000000000000000000e+00
7.233687102977649774e-02 3.000000000000000000e+00
1.757446694335410287e-01 3.000000000000000000e+00
2.952493852057494483e-01 3.000000000000000000e+00
3.468050264435275087e-01 3.000000000000000000e+00
3.638950802683175723e-01 3.000000000000000000e+00
5.059985243306940328e-01 3.000000000000000000e+00
6.251401751151332009e-01 3.000000000000000000e+00
7.082107012661728040e-01 3.000000000000000000e+00
7.755035151872967658e-01 3.000000000000000000e+00
8.125646338914103151e-01 3.000000000000000000e+00
8.800630807314535620e-01 3.000000000000000000e+00
9.532588846244088865e-01 3.000000000000000000e+00
1.047975392802976025e+00 3.000000000000000000e+00
1.133289450364849404e+00 3.000000000000000000e+00
1.182216077232230544e+00 3.000000000000000000e+00
1.326924375047891180e+00 3.000000000000000000e+00
1.539027633840566622e+00 3.000000000000000000e+00
1.571171626088493367e+00 3.000000000000000000e+00
1.677625620294084685e+00 3.000000000000000000e+00
1.844581308818308063e+00 3.000000000000000000e+00
1.895893317320246130e+00 3.000000000000000000e+00
1.936093684261400272e+00 3.000000000000000000e+00
2.035467283278714845e+00 3.000000000000000000e+00
2.149707791043768967e+00 3.000000000000000000e+00
2.175814794241294869e+00 3.000000000000000000e+00
2.401767374510879183e+00 3.000000000000000000e+00
2.478893861855711034e+00 3.000000000000000000e+00
2.597159799873757891e+00 3.000000000000000000e+00
2.753577168134614617e+00 3.000000000000000000e+00
2.810140235243186346e+00 3.000000000000000000e+00
3.063289059927976510e+00 3.000000000000000000e+00
3.152804480258073916e+00 3.000000000000000000e+00
3.338827116398316974e+00 3.000000000000000000e+00
3.351924721975218180e+00 3.000000000000000000e+00
3.562729094102214056e+00 3.000000000000000000e+00
3.843008535065632891e+00 3.000000000000000000e+00
3.917695749411875816e+00 3.000000000000000000e+00
4.028493814736274103e+00 3.000000000000000000e+00
4.301993140630188783e+00 3.000000000000000000e+00
4.616669876431934050e+00 3.000000000000000000e+00
4.764341575760473901e+00 3.000000000000000000e+00
5.401907655308109568e+00 3.000000000000000000e+00
5.810616502443279430e+00 3.000000000000000000e+00
6.594442327373828405e+00 3.000000000000000000e+00
-6.409988722126370497e+00 2.000000000000000000e+00
-5.470533903127243747e+00 2.000000000000000000e+00
-4.939493359361926572e+00 2.000000000000000000e+00
-4.546302970846982205e+00 2.000000000000000000e+00
-4.163438513986350564e+00 2.000000000000000000e+00
-4.005398303746173561e+00 2.000000000000000000e+00
-3.581748559685305366e+00 2.000000000000000000e+00
-3.507882286936704119e+00 2.000000000000000000e+00
-3.304960869019224035e+00 2.000000000000000000e+00
-3.241337053257366208e+00 2.000000000000000000e+00
-2.921732632123120066e+00 2.000000000000000000e+00
-2.873310305318150348e+00 2.000000000000000000e+00
-2.734886825052799786e+00 2.000000000000000000e+00
-2.683958835674056687e+00 2.000000000000000000e+00
-2.406914960715031082e+00 2.000000000000000000e+00
-2.376823893718092329e+00 2.000000000000000000e+00
-2.148716112857186555e+00 2.000000000000000000e+00
-2.098499475598991637e+00 2.000000000000000000e+00
-1.980250908268659904e+00 2.000000000000000000e+00
-1.913882100053279745e+00 2.000000000000000000e+00
-1.722752282798194257e+00 2.000000000000000000e+00
-1.624806917980551102e+00 2.000000000000000000e+00
-1.578182930069563561e+00 2.000000000000000000e+00
-1.477240312825392143e+00 2.000000000000000000e+00
-1.332846967005386407e+00 2.000000000000000000e+00
-1.279840351174629465e+00 2.000000000000000000e+00
-1.161963241131082070e+00 2.000000000000000000e+00
-1.082040764198812344e+00 2.000000000000000000e+00
-1.026403022318864711e+00 2.000000000000000000e+00
-9.618081767552931760e-01 2.000000000000000000e+00
-8.182285042958891141e-01 2.000000000000000000e+00
-7.739339133920158931e-01 2.000000000000000000e+00
-6.730500901933791358e-01 2.000000000000000000e+00
-6.639178356355902588e-01 2.000000000000000000e+00
-5.553295938715283597e-01 2.000000000000000000e+00
-4.895328655489085135e-01 2.000000000000000000e+00
-4.049081539246140449e-01 2.000000000000000000e+00
-3.387188245988440038e-01 2.000000000000000000e+00
-3.085169718757374557e-01 2.000000000000000000e+00
-2.149259610058940617e-01 2.000000000000000000e+00
-1.134945169789189218e-01 2.000000000000000000e+00
3.395799351171581437e-02 2.000000000000000000e+00
1.003587697206433788e-01 2.000000000000000000e+00
1.605115447628349956e-01 2.000000000000000000e+00
2.568581315648403307e-01 2.000000000000000000e+00
3.475824834488558945e-01 2.000000000000000000e+00
4.662932839116431527e-01 2.000000000000000000e+00
4.759493685986223022e-01 2.000000000000000000e+00
5.374972334170299293e-01 2.000000000000000000e+00
6.135390933400837188e-01 2.000000000000000000e+00
6.777551291480319318e-01 2.000000000000000000e+00
7.805902023476629648e-01 2.000000000000000000e+00
8.195206627366619090e-01 2.000000000000000000e+00
8.703499171196474871e-01 2.000000000000000000e+00
9.168849416037174738e-01 2.000000000000000000e+00
9.556388332833489763e-01 2.000000000000000000e+00
9.798350910263620150e-01 2.000000000000000000e+00
1.108852864919734449e+00 2.000000000000000000e+00
1.149664193611701801e+00 2.000000000000000000e+00
1.306270815365413229e+00 2.000000000000000000e+00
1.361945821350008190e+00 2.000000000000000000e+00
1.418145461693111953e+00 2.000000000000000000e+00
1.496047703847293242e+00 2.000000000000000000e+00
1.573572944865690992e+00 2.000000000000000000e+00
1.589569705675654809e+00 2.000000000000000000e+00
1.705809916604920318e+00 2.000000000000000000e+00
1.752599200567292792e+00 2.000000000000000000e+00
1.980857930550503188e+00 2.000000000000000000e+00
2.013807191519572104e+00 2.000000000000000000e+00
2.054297505712249006e+00 2.000000000000000000e+00
2.195446471594986182e+00 2.000000000000000000e+00
2.241722146440289887e+00 2.000000000000000000e+00
2.265194177930322184e+00 2.000000000000000000e+00
2.349186499886228408e+00 2.000000000000000000e+00
2.434713639712964728e+00 2.000000000000000000e+00
2.461726068931639144e+00 2.000000000000000000e+00
2.543950978656138062e+00 2.000000000000000000e+00
2.599666400326767768e+00 2.000000000000000000e+00
2.655355573555051585e+00 2.000000000000000000e+00
2.749261316332831662e+00 2.000000000000000000e+00
2.854031702684289407e+00 2.000000000000000000e+00
2.898093827819819612e+00 2.000000000000000000e+00
3.032267783282201368e+00 2.000000000000000000e+00
3.148948952022000647e+00 2.000000000000000000e+00
3.437669451455299008e+00 2.000000000000000000e+00
3.471404795534274168e+00 2.000000000000000000e+00
3.604884559925455534e+00 2.000000000000000000e+00
3.626645378122822727e+00 2.000000000000000000e+00
3.823040160767200657e+00 2.000000000000000000e+00
3.894892434193550468e+00 2.000000000000000000e+00
4.025222689718898295e+00 2.000000000000000000e+00
4.124119430163891487e+00 2.000000000000000000e+00
4.275446571028253651e+00 2.000000000000000000e+00
4.343511812080109280e+00 2.000000000000000000e+00
4.368017823407723377e+00 2.000000000000000000e+00
4.535412662697037689e+00 2.000000000000000000e+00
4.670222467438558844e+00 2.000000000000000000e+00
4.886982850268966949e+00 2.000000000000000000e+00
4.920415494542179857e+00 2.000000000000000000e+00
5.577814327402185413e+00 2.000000000000000000e+00
5.847732417248511894e+00 2.000000000000000000e+00
6.164979434769353617e+00 2.000000000000000000e+00
6.186734275347737011e+00 2.000000000000000000e+00
6.381696990364801536e+00 2.000000000000000000e+00
7.811527287574929090e+00 2.000000000000000000e+00
-6.469572357296832443e+00 1.000000000000000000e+00
-5.529787111996517623e+00 1.000000000000000000e+00
-4.584909800971089133e+00 1.000000000000000000e+00
-4.186504341369936100e+00 1.000000000000000000e+00
-4.084011604897390235e+00 1.000000000000000000e+00
-3.646568326517168668e+00 1.000000000000000000e+00
-3.336829038290908933e+00 1.000000000000000000e+00
-2.957674698644095823e+00 1.000000000000000000e+00
-2.863488534784341955e+00 1.000000000000000000e+00
-2.626510198995952283e+00 1.000000000000000000e+00
-2.441970724848832930e+00 1.000000000000000000e+00
-2.216739433526288661e+00 1.000000000000000000e+00
-2.084048316698223768e+00 1.000000000000000000e+00
-2.026044614211188755e+00 1.000000000000000000e+00
-1.913775469275860619e+00 1.000000000000000000e+00
-1.652345053786732354e+00 1.000000000000000000e+00
-1.594335122778364200e+00 1.000000000000000000e+00
-1.531952113202861065e+00 1.000000000000000000e+00
-1.363072923422403937e+00 1.000000000000000000e+00
-1.184233067982166210e+00 1.000000000000000000e+00
-1.074594091747516744e+00 1.000000000000000000e+00
-1.047474866456518106e+00 1.000000000000000000e+00
-9.536314737513138517e-01 1.000000000000000000e+00
-9.073645983746477794e-01 1.000000000000000000e+00
-7.400382144769791504e-01 1.000000000000000000e+00
-6.614659133811142677e-01 1.000000000000000000e+00
-5.683317010954179738e-01 1.000000000000000000e+00
-4.664945879977499543e-01 1.000000000000000000e+00
-3.639561798344583265e-01 1.000000000000000000e+00
-2.329362426658910523e-01 1.000000000000000000e+00
-2.440943598127303174e-02 1.000000000000000000e+00
-5.737931883484761846e-03 1.000000000000000000e+00
1.276926626155336641e-01 1.000000000000000000e+00
1.660459537828001264e-01 1.000000000000000000e+00
3.592207288357958106e-01 1.000000000000000000e+00
4.167870267694055997e-01 1.000000000000000000e+00
4.630331012992707218e-01 1.000000000000000000e+00
4.918356654313728593e-01 1.000000000000000000e+00
6.333775932262932784e-01 1.000000000000000000e+00
6.934332469210415795e-01 1.000000000000000000e+00
7.675574922950137990e-01 1.000000000000000000e+00
7.820847229824373636e-01 1.000000000000000000e+00
8.354057491842123984e-01 1.000000000000000000e+00
9.304345245002711984e-01 1.000000000000000000e+00
1.041797585746708776e+00 1.000000000000000000e+00
1.155189773529305297e+00 1.000000000000000000e+00
1.314592994262584247e+00 1.000000000000000000e+00
1.385212712496974641e+00 1.000000000000000000e+00
1.580783827452524992e+00 1.000000000000000000e+00
1.585632289856705901e+00 1.000000000000000000e+00
1.729338330032963444e+00 1.000000000000000000e+00
1.822181132524463010e+00 1.000000000000000000e+00
1.832821823960727681e+00 1.000000000000000000e+00
1.957460016809700942e+00 1.000000000000000000e+00
2.084135537721095943e+00 1.000000000000000000e+00
2.103783121681828128e+00 1.000000000000000000e+00
2.151129594305611015e+00 1.000000000000000000e+00
2.178689531203305663e+00 1.000000000000000000e+00
2.201233686187654026e+00 1.000000000000000000e+00
2.355782758007788580e+00 1.000000000000000000e+00
2.452487762472383981e+00 1.000000000000000000e+00
2.537185162459856258e+00 1.000000000000000000e+00
2.708288730240274500e+00 1.000000000000000000e+00
2.770413708407966080e+00 1.000000000000000000e+00
2.874169286386993427e+00 1.000000000000000000e+00
2.937376625614944725e+00 1.000000000000000000e+00
3.055572470644175809e+00 1.000000000000000000e+00
3.212862050853948048e+00 1.000000000000000000e+00
3.259414377077269886e+00 1.000000000000000000e+00
3.430215008427490275e+00 1.000000000000000000e+00
3.531690603987226673e+00 1.000000000000000000e+00
3.618194158286345274e+00 1.000000000000000000e+00
3.730441280077672950e+00 1.000000000000000000e+00
3.812191436159449331e+00 1.000000000000000000e+00
3.880851645083009949e+00 1.000000000000000000e+00
4.010539283765619523e+00 1.000000000000000000e+00
4.068262335472415892e+00 1.000000000000000000e+00
4.215781505451992039e+00 1.000000000000000000e+00
4.366930279699478668e+00 1.000000000000000000e+00
4.535222020939904120e+00 1.000000000000000000e+00
4.596492778900364229e+00 1.000000000000000000e+00
4.943681746408821631e+00 1.000000000000000000e+00
5.233169460774894866e+00 1.000000000000000000e+00
5.307421276061941917e+00 1.000000000000000000e+00
5.507706015674355804e+00 1.000000000000000000e+00
5.676768707605387654e+00 1.000000000000000000e+00
5.907851473250508967e+00 1.000000000000000000e+00
6.214865290035355372e+00 1.000000000000000000e+00
6.365018607712494614e+00 1.000000000000000000e+00
7.172601197573090559e+00 1.000000000000000000e+00
8.260468622014474960e+00 1.000000000000000000e+00
-5.557662274849842987e+00 0.000000000000000000e+00
-4.131410221918338621e+00 0.000000000000000000e+00
-3.361643245779295075e+00 0.000000000000000000e+00
-2.966388785487098723e+00 0.000000000000000000e+00
-2.257034686266646606e+00 0.000000000000000000e+00
-1.679342394715507059e+00 0.000000000000000000e+00
-1.274572548544214534e+00 0.000000000000000000e+00
-8.995324398361466134e-01 0.000000000000000000e+00
-8.448269896220794717e-01 0.000000000000000000e+00
-5.660966331573369370e-01 0.000000000000000000e+00
-3.783154709765065293e-01 0.000000000000000000e+00
5.562325691013471352e-02 0.000000000000000000e+00
1.134549560030482379e-01 0.000000000000000000e+00
6.890345720558502807e-01 0.000000000000000000e+00
7.514568757708970370e-01 0.000000000000000000e+00
8.674679986935991405e-01 0.000000000000000000e+00
1.122544666153283188e+00 0.000000000000000000e+00
1.334177009759323074e+00 0.000000000000000000e+00
1.448138828839799608e+00 0.000000000000000000e+00
1.621337979406638707e+00 0.000000000000000000e+00
1.921520037239105028e+00 0.000000000000000000e+00
2.067744721093578431e+00 0.000000000000000000e+00
2.385882545655487963e+00 0.000000000000000000e+00
2.555344844490500478e+00 0.000000000000000000e+00
2.681169324115666885e+00 0.000000000000000000e+00
3.017761338299286944e+00 0.000000000000000000e+00
3.435270083677305575e+00 0.000000000000000000e+00
3.612627205734010527e+00 0.000000000000000000e+00
3.995008387398950589e+00 0.000000000000000000e+00
4.070585340647379979e+00 0.000000000000000000e+00
4.281803473157676621e+00 0.000000000000000000e+00
4.987049994063227132e+00 0.000000000000000000e+00
5.260171115969656697e+00 0.000000000000000000e+00
5.726545547468011144e+00 0.000000000000000000e+00
6.460254903126930515e+00 0.000000000000000000e+00
7.454850685423657808e+00 0.000000000000000000e+00
