# Runtime: 11.699608325958252
-2.999999999999998668e+00 4.000000000000000000e+00
-2.414213562373094035e+00 3.000000000000000000e+00
-9.999999999999998890e-01 3.000000000000000000e+00
4.142135623730951455e-01 3.000000000000000000e+00
-1.791287847477919248e+00 2.000000000000000000e+00
-6.180339887498944584e-01 2.000000000000000000e+00
-2.552542277212022523e-16 2.000000000000000000e+00
9.999999999999995559e-01 2.000000000000000000e+00
1.618033988749894458e+00 2.000000000000000000e+00
2.791287847477918138e+00 2.000000000000000000e+00
-1.136581521348509538e+00 1.000000000000000000e+00
3.819660112501045424e-01 1.000000000000000000e+00
7.594340803928545380e-01 1.000000000000000000e+00
2.240565919607143464e+00 1.000000000000000000e+00
2.618033988749894014e+00 1.000000000000000000e+00
4.136581521348507984e+00 1.000000000000000000e+00
-6.457513110645900500e-01 0.000000000000000000e+00
1.999999999999999556e+00 0.000000000000000000e+00
4.645751311064589828e+00 0.000000000000000000e+00
