# Runtime: 15.941799640655518
-4.999999999999998224e+00 6.000000000000000000e+00
-4.732050807568876749e+00 5.000000000000000000e+00
-3.999999999999996891e+00 5.000000000000000000e+00
-2.999999999999998224e+00 5.000000000000000000e+00
-1.999999999999998224e+00 5.000000000000000000e+00
-1.267949192431121253e+00 5.000000000000000000e+00
-4.446413580479312344e+00 4.000000000000000000e+00
-3.760412961436948809e+00 4.000000000000000000e+00
-3.052851559851812002e+00 4.000000000000000000e+00
-2.735382376137814653e+00 4.000000000000000000e+00
-2.343604167014269990e+00 4.000000000000000000e+00
-1.999999999999997780e+00 4.000000000000000000e+00
-1.733969552969311545e+00 4.000000000000000000e+00
-9.999999999999992228e-01 4.000000000000000000e+00
-9.999999999999991118e-01 4.000000000000000000e+00
-7.115877003855134442e-01 4.000000000000000000e+00
-3.179987743816837797e-01 4.000000000000000000e+00
-3.151239721088179568e-02 4.000000000000000000e+00
4.779259776901981782e-01 4.000000000000000000e+00
8.675731561877308984e-01 4.000000000000000000e+00
1.788233935989630430e+00 4.000000000000000000e+00
-4.139900282488216732e+00 3.000000000000000000e+00
-3.504681655006191221e+00 3.000000000000000000e+00
-2.894045379742197444e+00 3.000000000000000000e+00
-2.480551146036815258e+00 3.000000000000000000e+00
-2.075457038723344638e+00 3.000000000000000000e+00
-1.927252043688189032e+00 3.000000000000000000e+00
-1.705671849433250342e+00 3.000000000000000000e+00
-1.466615545051012770e+00 3.000000000000000000e+00
-1.095120019588342375e+00 3.000000000000000000e+00
-1.058506604220655900e+00 3.000000000000000000e+00
-9.999999999999985567e-01 3.000000000000000000e+00
-6.877554954327352865e-01 3.000000000000000000e+00
-3.415253023357055495e-01 3.000000000000000000e+00
-1.373646008776942262e-01 3.000000000000000000e+00
5.901315224243783230e-16 3.000000000000000000e+00
1.470797423996108022e-01 3.000000000000000000e+00
4.432020894020750057e-01 3.000000000000000000e+00
5.692192891398515364e-01 3.000000000000000000e+00
8.698834676345373884e-01 3.000000000000000000e+00
1.141296000870660299e+00 3.000000000000000000e+00
1.143209001578594286e+00 3.000000000000000000e+00
1.255988432365035434e+00 3.000000000000000000e+00
1.722873178286983054e+00 3.000000000000000000e+00
1.950844420101853993e+00 3.000000000000000000e+00
2.444130164737262856e+00 3.000000000000000000e+00
2.594584592080696694e+00 3.000000000000000000e+00
2.653013457807009701e+00 3.000000000000000000e+00
3.393367772367211543e+00 3.000000000000000000e+00
4.185755353852973926e+00 3.000000000000000000e+00
-3.808472297291628728e+00 2.000000000000000000e+00
-3.229561409965062690e+00 2.000000000000000000e+00
-2.790259332725077090e+00 2.000000000000000000e+00
-2.277198390889778601e+00 2.000000000000000000e+00
-2.256401165203135051e+00 2.000000000000000000e+00
-1.670789521206879957e+00 2.000000000000000000e+00
-1.461676265493602633e+00 2.000000000000000000e+00
-1.236911018228854964e+00 2.000000000000000000e+00
-1.189125096198434095e+00 2.000000000000000000e+00
-7.889979789107521846e-01 2.000000000000000000e+00
-5.828408386494646765e-01 2.000000000000000000e+00
-4.309118600371969476e-01 2.000000000000000000e+00
-3.491006737351555200e-01 2.000000000000000000e+00
2.589613928469280957e-02 2.000000000000000000e+00
2.302472059549195427e-01 2.000000000000000000e+00
3.492986621321099716e-01 2.000000000000000000e+00
4.536775126130623836e-01 2.000000000000000000e+00
5.050007602401219708e-01 2.000000000000000000e+00
7.224133770235660057e-01 2.000000000000000000e+00
9.145809625537668630e-01 2.000000000000000000e+00
1.118785169846755245e+00 2.000000000000000000e+00
1.267765472891487777e+00 2.000000000000000000e+00
1.604422172665684876e+00 2.000000000000000000e+00
1.634974569485899476e+00 2.000000000000000000e+00
1.851531964392167273e+00 2.000000000000000000e+00
1.974714333735573257e+00 2.000000000000000000e+00
2.144036117306578060e+00 2.000000000000000000e+00
2.249212323450063611e+00 2.000000000000000000e+00
2.395412781737050079e+00 2.000000000000000000e+00
2.451017346247466921e+00 2.000000000000000000e+00
2.646724945006218466e+00 2.000000000000000000e+00
2.973664950596984546e+00 2.000000000000000000e+00
3.049091801788691658e+00 2.000000000000000000e+00
3.630429930143394213e+00 2.000000000000000000e+00
3.929376096878076652e+00 2.000000000000000000e+00
3.966517209541172928e+00 2.000000000000000000e+00
4.330665489998662743e+00 2.000000000000000000e+00
4.546811905366702433e+00 2.000000000000000000e+00
5.087443250209100931e+00 2.000000000000000000e+00
6.018533397445031241e+00 2.000000000000000000e+00
-3.447921028182126424e+00 1.000000000000000000e+00
-2.853701479296878674e+00 1.000000000000000000e+00
-2.466612422572138641e+00 1.000000000000000000e+00
-1.878361330834798837e+00 1.000000000000000000e+00
-1.104644276911261436e+00 1.000000000000000000e+00
-9.144004283448117221e-01 1.000000000000000000e+00
-7.863810234537068622e-01 1.000000000000000000e+00
-6.928463375982660821e-01 1.000000000000000000e+00
-4.276765667546576777e-02 1.000000000000000000e+00
9.855887802595425518e-02 1.000000000000000000e+00
1.285568632307666492e-01 1.000000000000000000e+00
4.088444899727906034e-01 1.000000000000000000e+00
5.336450649417804337e-01 1.000000000000000000e+00
8.128785711693163885e-01 1.000000000000000000e+00
8.447160438486683853e-01 1.000000000000000000e+00
1.099096703162503852e+00 1.000000000000000000e+00
1.140252321362288601e+00 1.000000000000000000e+00
1.515975313132194469e+00 1.000000000000000000e+00
1.886388594395479457e+00 1.000000000000000000e+00
2.162756665121030597e+00 1.000000000000000000e+00
2.194290362655187732e+00 1.000000000000000000e+00
2.438927680201901094e+00 1.000000000000000000e+00
2.559758524566158489e+00 1.000000000000000000e+00
2.617399406530806605e+00 1.000000000000000000e+00
2.774869874015614357e+00 1.000000000000000000e+00
3.155696513928754054e+00 1.000000000000000000e+00
3.468561552348450316e+00 1.000000000000000000e+00
3.636140892550371095e+00 1.000000000000000000e+00
3.779340616679254250e+00 1.000000000000000000e+00
4.086877569760081208e+00 1.000000000000000000e+00
4.369927156336744112e+00 1.000000000000000000e+00
4.854519463112500155e+00 1.000000000000000000e+00
5.069738504679118130e+00 1.000000000000000000e+00
5.651416417646779600e+00 1.000000000000000000e+00
5.836012529722405695e+00 1.000000000000000000e+00
7.062489410772538889e+00 1.000000000000000000e+00
-3.099234711411372079e+00 0.000000000000000000e+00
-1.765532574536722965e+00 0.000000000000000000e+00
-2.686995291647220618e-01 0.000000000000000000e+00
-1.424819364608445049e-01 0.000000000000000000e+00
4.923147248800004427e-01 0.000000000000000000e+00
8.759395571166869177e-01 0.000000000000000000e+00
1.758862671688370627e+00 0.000000000000000000e+00
1.817110920910560035e+00 0.000000000000000000e+00
2.738757812840079353e+00 0.000000000000000000e+00
2.823724780717016714e+00 0.000000000000000000e+00
3.427781302552098008e+00 0.000000000000000000e+00
3.893575408352885958e+00 0.000000000000000000e+00
4.654002159207952793e+00 0.000000000000000000e+00
5.423604443883382586e+00 0.000000000000000000e+00
7.370274969424606581e+00 0.000000000000000000e+00
