# Runtime: 25.235190391540527
-6.999999999999996447e+00 8.000000000000000000e+00
-6.847759065022570368e+00 7.000000000000000000e+00
-6.414213562373089594e+00 7.000000000000000000e+00
-5.765366864730176566e+00 7.000000000000000000e+00
-4.999999999999997335e+00 7.000000000000000000e+00
-4.234633135269817217e+00 7.000000000000000000e+00
-3.585786437626903300e+00 7.000000000000000000e+00
-3.152240934977423414e+00 7.000000000000000000e+00
-6.687149864656012355e+00 6.000000000000000000e+00
-6.269768150340045310e+00 6.000000000000000000e+00
-5.824442698816016062e+00 6.000000000000000000e+00
-5.615423565606085354e+00 6.000000000000000000e+00
-5.259886442513424853e+00 6.000000000000000000e+00
-4.849453109356113956e+00 6.000000000000000000e+00
-4.699524862940453573e+00 6.000000000000000000e+00
-4.399665873735178145e+00 6.000000000000000000e+00
-4.217134391859054254e+00 6.000000000000000000e+00
-4.083802318315100877e+00 6.000000000000000000e+00
-3.999999999999996003e+00 6.000000000000000000e+00
-3.641106374721362560e+00 6.000000000000000000e+00
-3.434626695204194391e+00 6.000000000000000000e+00
-2.999999999999998224e+00 6.000000000000000000e+00
-2.999999999999998224e+00 6.000000000000000000e+00
-2.999999999999995115e+00 6.000000000000000000e+00
-2.836572592719367236e+00 6.000000000000000000e+00
-2.577454993696416619e+00 6.000000000000000000e+00
-2.417249969667360610e+00 6.000000000000000000e+00
-2.397620527056495643e+00 6.000000000000000000e+00
-1.999999999999998224e+00 6.000000000000000000e+00
-1.812106503206151409e+00 6.000000000000000000e+00
-1.766431045551081214e+00 6.000000000000000000e+00
-1.349059081358505496e+00 6.000000000000000000e+00
-1.089995666191912127e+00 6.000000000000000000e+00
-6.912469478895645336e-01 6.000000000000000000e+00
-3.552111379688415171e-01 6.000000000000000000e+00
2.749328133687982678e-01 6.000000000000000000e+00
-6.516965198449966579e+00 5.000000000000000000e+00
-6.117008228444666074e+00 5.000000000000000000e+00
-5.700077137325171073e+00 5.000000000000000000e+00
-5.458591629196557271e+00 5.000000000000000000e+00
-5.261960243070547882e+00 5.000000000000000000e+00
-5.085090131307386407e+00 5.000000000000000000e+00
-4.815661274599517760e+00 5.000000000000000000e+00
-4.691857128236374130e+00 5.000000000000000000e+00
-4.518918748333433655e+00 5.000000000000000000e+00
-4.283905683111040474e+00 5.000000000000000000e+00
-4.215905363958078134e+00 5.000000000000000000e+00
-4.006977940381176495e+00 5.000000000000000000e+00
-3.928737477055540772e+00 5.000000000000000000e+00
-3.896615816634096507e+00 5.000000000000000000e+00
-3.860363080426218563e+00 5.000000000000000000e+00
-3.598263373866091186e+00 5.000000000000000000e+00
-3.517803999038975782e+00 5.000000000000000000e+00
-3.510922032668920334e+00 5.000000000000000000e+00
-3.457624599113070296e+00 5.000000000000000000e+00
-3.270928762603399154e+00 5.000000000000000000e+00
-3.176342732881190845e+00 5.000000000000000000e+00
-2.930802563684239193e+00 5.000000000000000000e+00
-2.926570651201267914e+00 5.000000000000000000e+00
-2.861668164877258835e+00 5.000000000000000000e+00
-2.835305803253977519e+00 5.000000000000000000e+00
-2.795753369334649463e+00 5.000000000000000000e+00
-2.773169844039753862e+00 5.000000000000000000e+00
-2.635635834505918762e+00 5.000000000000000000e+00
-2.420437559164878127e+00 5.000000000000000000e+00
-2.392330328598643696e+00 5.000000000000000000e+00
-2.383409728530295535e+00 5.000000000000000000e+00
-2.242813962210646217e+00 5.000000000000000000e+00
-2.215104100803200637e+00 5.000000000000000000e+00
-2.116357637960312399e+00 5.000000000000000000e+00
-2.088414877976132011e+00 5.000000000000000000e+00
-1.917689035568846956e+00 5.000000000000000000e+00
-1.891344996636914688e+00 5.000000000000000000e+00
-1.803098702990121982e+00 5.000000000000000000e+00
-1.704603625227441022e+00 5.000000000000000000e+00
-1.603745760468231474e+00 5.000000000000000000e+00
-1.599336891793035953e+00 5.000000000000000000e+00
-1.456399758382281640e+00 5.000000000000000000e+00
-1.360575600884642355e+00 5.000000000000000000e+00
-1.329586646196335042e+00 5.000000000000000000e+00
-1.164022726616960046e+00 5.000000000000000000e+00
-1.096119445871676978e+00 5.000000000000000000e+00
-1.064717910623370623e+00 5.000000000000000000e+00
-1.037242458517034560e+00 5.000000000000000000e+00
-9.699185285657431210e-01 5.000000000000000000e+00
-8.638989811271808872e-01 5.000000000000000000e+00
-6.864834828565867797e-01 5.000000000000000000e+00
-5.888989222625966580e-01 5.000000000000000000e+00
-5.348694298587122198e-01 5.000000000000000000e+00
-4.928667425515211864e-01 5.000000000000000000e+00
-4.676406266187053129e-01 5.000000000000000000e+00
-4.460936499143338674e-01 5.000000000000000000e+00
-2.477188286432152886e-01 5.000000000000000000e+00
-1.140669055047638936e-01 5.000000000000000000e+00
2.294206783763324663e-03 5.000000000000000000e+00
8.951878574608228278e-02 5.000000000000000000e+00
2.507383980465747175e-01 5.000000000000000000e+00
3.488152855498012905e-01 5.000000000000000000e+00
4.402116019030087868e-01 5.000000000000000000e+00
6.315723242706893226e-01 5.000000000000000000e+00
6.675017186387676160e-01 5.000000000000000000e+00
6.978216052187723450e-01 5.000000000000000000e+00
7.833405988535772080e-01 5.000000000000000000e+00
7.923425707732194567e-01 5.000000000000000000e+00
1.259040294715399577e+00 5.000000000000000000e+00
1.268457650840389306e+00 5.000000000000000000e+00
1.356983501077880128e+00 5.000000000000000000e+00
1.841974760832107982e+00 5.000000000000000000e+00
1.854253701056793213e+00 5.000000000000000000e+00
1.987558934290736712e+00 5.000000000000000000e+00
2.506923996541224220e+00 5.000000000000000000e+00
3.169884729384115918e+00 5.000000000000000000e+00
-6.335701051218295632e+00 4.000000000000000000e+00
-5.954686078073621935e+00 4.000000000000000000e+00
-5.566956757422737212e+00 4.000000000000000000e+00
-5.293176622795606967e+00 4.000000000000000000e+00
-5.175248938706384472e+00 4.000000000000000000e+00
-4.931275713933686689e+00 4.000000000000000000e+00
-4.853186333134275721e+00 4.000000000000000000e+00
-4.559670660729250535e+00 4.000000000000000000e+00
-4.529117468198716523e+00 4.000000000000000000e+00
-4.518508209621535876e+00 4.000000000000000000e+00
-4.345194163534704224e+00 4.000000000000000000e+00
-4.170244489356961459e+00 4.000000000000000000e+00
-4.102893217333776654e+00 4.000000000000000000e+00
-3.989691722971548948e+00 4.000000000000000000e+00
-3.925139064684918466e+00 4.000000000000000000e+00
-3.766548609276994419e+00 4.000000000000000000e+00
-3.766194264564649341e+00 4.000000000000000000e+00
-3.645295236965464980e+00 4.000000000000000000e+00
-3.602763589358473073e+00 4.000000000000000000e+00
-3.595704839195635660e+00 4.000000000000000000e+00
-3.403853027143112886e+00 4.000000000000000000e+00
-3.376944365282261273e+00 4.000000000000000000e+00
-3.269046459095145796e+00 4.000000000000000000e+00
-3.200396874157488192e+00 4.000000000000000000e+00
-3.192892151140566348e+00 4.000000000000000000e+00
-3.087970803369452621e+00 4.000000000000000000e+00
-2.965717985758746789e+00 4.000000000000000000e+00
-2.784006655361276561e+00 4.000000000000000000e+00
-2.760461201663566566e+00 4.000000000000000000e+00
-2.731210886296322027e+00 4.000000000000000000e+00
-2.730787590546699839e+00 4.000000000000000000e+00
-2.656878932221719225e+00 4.000000000000000000e+00
-2.648417645438578827e+00 4.000000000000000000e+00
-2.601091290811672785e+00 4.000000000000000000e+00
-2.589451954498369624e+00 4.000000000000000000e+00
-2.536184285863068766e+00 4.000000000000000000e+00
-2.429546144340828384e+00 4.000000000000000000e+00
-2.339075356617344781e+00 4.000000000000000000e+00
-2.252992591888954621e+00 4.000000000000000000e+00
-2.246812638573288723e+00 4.000000000000000000e+00
-2.138000778986747008e+00 4.000000000000000000e+00
-2.094200181027424001e+00 4.000000000000000000e+00
-2.084755244611200986e+00 4.000000000000000000e+00
-2.026347579128203513e+00 4.000000000000000000e+00
-1.988930174138868523e+00 4.000000000000000000e+00
-1.868973523690828253e+00 4.000000000000000000e+00
-1.857663937109903296e+00 4.000000000000000000e+00
-1.839944049750780408e+00 4.000000000000000000e+00
-1.801894834549109259e+00 4.000000000000000000e+00
-1.707279700284543011e+00 4.000000000000000000e+00
-1.681083976776249767e+00 4.000000000000000000e+00
-1.604436334872582304e+00 4.000000000000000000e+00
-1.566102055150930594e+00 4.000000000000000000e+00
-1.438000036925716874e+00 4.000000000000000000e+00
-1.434174111198612378e+00 4.000000000000000000e+00
-1.410008200604725204e+00 4.000000000000000000e+00
-1.394433277551916595e+00 4.000000000000000000e+00
-1.394010701086979775e+00 4.000000000000000000e+00
-1.296220701415155885e+00 4.000000000000000000e+00
-1.274155447090864701e+00 4.000000000000000000e+00
-1.241511895462034776e+00 4.000000000000000000e+00
-1.163681501328442502e+00 4.000000000000000000e+00
-1.159398928860219113e+00 4.000000000000000000e+00
-1.120784619172840557e+00 4.000000000000000000e+00
-1.099609140015822328e+00 4.000000000000000000e+00
-1.023861097907617701e+00 4.000000000000000000e+00
-9.608530786425959480e-01 4.000000000000000000e+00
-9.042265071625218420e-01 4.000000000000000000e+00
-9.028157049373826126e-01 4.000000000000000000e+00
-8.423361121323126310e-01 4.000000000000000000e+00
-7.924619714781353519e-01 4.000000000000000000e+00
-7.427788213258523786e-01 4.000000000000000000e+00
-6.892625198644768414e-01 4.000000000000000000e+00
-6.083205478651618758e-01 4.000000000000000000e+00
-5.592889129659576186e-01 4.000000000000000000e+00
-5.296283885649020196e-01 4.000000000000000000e+00
-4.590657352469564301e-01 4.000000000000000000e+00
-3.922401317559097156e-01 4.000000000000000000e+00
-3.574008106232178239e-01 4.000000000000000000e+00
-3.207684926384743451e-01 4.000000000000000000e+00
-2.955450047252126677e-01 4.000000000000000000e+00
-2.784246725364346586e-01 4.000000000000000000e+00
-2.589606730043996219e-01 4.000000000000000000e+00
-1.696959653111307365e-01 4.000000000000000000e+00
-1.205432519432893534e-01 4.000000000000000000e+00
-8.829343040255865915e-02 4.000000000000000000e+00
-7.650423374229492479e-02 4.000000000000000000e+00
-1.135788363623533963e-02 4.000000000000000000e+00
8.941525288831224383e-02 4.000000000000000000e+00
1.025906745994029923e-01 4.000000000000000000e+00
1.298435856731077753e-01 4.000000000000000000e+00
1.824198012547896819e-01 4.000000000000000000e+00
1.926416221186756927e-01 4.000000000000000000e+00
2.096975999312765127e-01 4.000000000000000000e+00
2.546194883986655499e-01 4.000000000000000000e+00
3.120615414013420685e-01 4.000000000000000000e+00
3.451364026528849771e-01 4.000000000000000000e+00
4.124672375407704705e-01 4.000000000000000000e+00
4.178914732130433740e-01 4.000000000000000000e+00
4.886121899060429374e-01 4.000000000000000000e+00
5.278248294635399240e-01 4.000000000000000000e+00
5.391422850130050959e-01 4.000000000000000000e+00
6.216588356112562330e-01 4.000000000000000000e+00
6.392123255234605228e-01 4.000000000000000000e+00
6.851521114479468544e-01 4.000000000000000000e+00
7.463052468978630394e-01 4.000000000000000000e+00
7.914031823445936142e-01 4.000000000000000000e+00
8.775018399662494195e-01 4.000000000000000000e+00
8.952758699671304887e-01 4.000000000000000000e+00
9.177932665154305836e-01 4.000000000000000000e+00
9.743204883633703739e-01 4.000000000000000000e+00
1.014828048959315332e+00 4.000000000000000000e+00
1.068077823655513514e+00 4.000000000000000000e+00
1.215680128575560293e+00 4.000000000000000000e+00
1.256720314175606923e+00 4.000000000000000000e+00
1.306539615063822213e+00 4.000000000000000000e+00
1.334222216874669131e+00 4.000000000000000000e+00
1.418822610223322345e+00 4.000000000000000000e+00
1.437650874041993099e+00 4.000000000000000000e+00
1.498894925803870626e+00 4.000000000000000000e+00
1.545530261734990196e+00 4.000000000000000000e+00
1.573284145760567965e+00 4.000000000000000000e+00
1.714234504929653236e+00 4.000000000000000000e+00
1.740093212080103147e+00 4.000000000000000000e+00
1.789194149323421135e+00 4.000000000000000000e+00
1.893917891037310230e+00 4.000000000000000000e+00
1.966670263388781370e+00 4.000000000000000000e+00
2.034505166458040470e+00 4.000000000000000000e+00
2.048215262751750476e+00 4.000000000000000000e+00
2.083497999681352741e+00 4.000000000000000000e+00
2.208514828916956496e+00 4.000000000000000000e+00
2.279169796381887547e+00 4.000000000000000000e+00
2.334966902075860329e+00 4.000000000000000000e+00
2.509074111650662076e+00 4.000000000000000000e+00
2.540547304142747986e+00 4.000000000000000000e+00
2.570247901921792977e+00 4.000000000000000000e+00
2.627137349187994353e+00 4.000000000000000000e+00
2.633966310938340438e+00 4.000000000000000000e+00
2.756741119923018069e+00 4.000000000000000000e+00
2.804363743325105407e+00 4.000000000000000000e+00
2.888514117233742962e+00 4.000000000000000000e+00
2.967864688015868779e+00 4.000000000000000000e+00
3.119860498673395099e+00 4.000000000000000000e+00
3.309031503967425181e+00 4.000000000000000000e+00
3.431072801714029286e+00 4.000000000000000000e+00
3.497025919516695502e+00 4.000000000000000000e+00
3.610267582215956672e+00 4.000000000000000000e+00
3.804621087169504090e+00 4.000000000000000000e+00
4.023247172078678879e+00 4.000000000000000000e+00
4.116727832738691362e+00 4.000000000000000000e+00
4.271642389117249472e+00 4.000000000000000000e+00
4.371379700324970585e+00 4.000000000000000000e+00
4.946919447279550575e+00 4.000000000000000000e+00
5.584700076627606258e+00 4.000000000000000000e+00
-6.141451069386283379e+00 3.000000000000000000e+00
-5.781245757213237191e+00 3.000000000000000000e+00
-5.425384941046400122e+00 3.000000000000000000e+00
-5.117696537332808937e+00 3.000000000000000000e+00
-5.049890359162345632e+00 3.000000000000000000e+00
-4.779028028292463759e+00 3.000000000000000000e+00
-4.727358614191484065e+00 3.000000000000000000e+00
-4.448529440280967862e+00 3.000000000000000000e+00
-4.441410961906815835e+00 3.000000000000000000e+00
-4.346470652468188867e+00 3.000000000000000000e+00
-4.266440267282901821e+00 3.000000000000000000e+00
-4.119019638770298641e+00 3.000000000000000000e+00
-4.035510359371698996e+00 3.000000000000000000e+00
-3.986181415633248459e+00 3.000000000000000000e+00
-3.781090341413908984e+00 3.000000000000000000e+00
-3.736851623564824365e+00 3.000000000000000000e+00
-3.726373145754625860e+00 3.000000000000000000e+00
-3.585786058751597505e+00 3.000000000000000000e+00
-3.511065571295214127e+00 3.000000000000000000e+00
-3.392660162960469350e+00 3.000000000000000000e+00
-3.301459886509271691e+00 3.000000000000000000e+00
-3.283353213738948728e+00 3.000000000000000000e+00
-3.223465731381305321e+00 3.000000000000000000e+00
-3.205144564854063294e+00 3.000000000000000000e+00
-3.091476591676539432e+00 3.000000000000000000e+00
-2.976547103594581856e+00 3.000000000000000000e+00
-2.957626432877881850e+00 3.000000000000000000e+00
-2.874242332884847428e+00 3.000000000000000000e+00
-2.811204955126572980e+00 3.000000000000000000e+00
-2.793530141728591598e+00 3.000000000000000000e+00
-2.742609240339614729e+00 3.000000000000000000e+00
-2.644549374318205359e+00 3.000000000000000000e+00
-2.588301755613126254e+00 3.000000000000000000e+00
-2.548835713665730474e+00 3.000000000000000000e+00
-2.535789168443757013e+00 3.000000000000000000e+00
-2.455969390483999426e+00 3.000000000000000000e+00
-2.450925477722953882e+00 3.000000000000000000e+00
-2.367662543876838388e+00 3.000000000000000000e+00
-2.353182001552048153e+00 3.000000000000000000e+00
-2.282649607448301587e+00 3.000000000000000000e+00
-2.259776605223565049e+00 3.000000000000000000e+00
-2.205424424508718673e+00 3.000000000000000000e+00
-2.093281568300020545e+00 3.000000000000000000e+00
-2.070541211400319881e+00 3.000000000000000000e+00
-2.058060216167163503e+00 3.000000000000000000e+00
-1.976298382029334721e+00 3.000000000000000000e+00
-1.928101363595467799e+00 3.000000000000000000e+00
-1.900540856241667687e+00 3.000000000000000000e+00
-1.853970210828862486e+00 3.000000000000000000e+00
-1.819928567902774352e+00 3.000000000000000000e+00
-1.817173348697189050e+00 3.000000000000000000e+00
-1.785045557428721841e+00 3.000000000000000000e+00
-1.774621155578214760e+00 3.000000000000000000e+00
-1.650184160668969113e+00 3.000000000000000000e+00
-1.610204280163313628e+00 3.000000000000000000e+00
-1.585065162875713085e+00 3.000000000000000000e+00
-1.538883349670541412e+00 3.000000000000000000e+00
-1.491053377036597460e+00 3.000000000000000000e+00
-1.458362837481050889e+00 3.000000000000000000e+00
-1.442935136318027833e+00 3.000000000000000000e+00
-1.399535848756119583e+00 3.000000000000000000e+00
-1.395477475104210496e+00 3.000000000000000000e+00
-1.317910342686563707e+00 3.000000000000000000e+00
-1.298204412376853467e+00 3.000000000000000000e+00
-1.253830195599075603e+00 3.000000000000000000e+00
-1.247133058029258112e+00 3.000000000000000000e+00
-1.205748930523320439e+00 3.000000000000000000e+00
-1.173175413425971314e+00 3.000000000000000000e+00
-1.120536847493536659e+00 3.000000000000000000e+00
-1.098006690057778956e+00 3.000000000000000000e+00
-1.091965625983518873e+00 3.000000000000000000e+00
-1.032239890251358094e+00 3.000000000000000000e+00
-1.020640740852846395e+00 3.000000000000000000e+00
-9.739848271750232156e-01 3.000000000000000000e+00
-9.739816561800214156e-01 3.000000000000000000e+00
-9.245651718306288069e-01 3.000000000000000000e+00
-8.773802278859127446e-01 3.000000000000000000e+00
-8.196789172786784761e-01 3.000000000000000000e+00
-7.809074587532254252e-01 3.000000000000000000e+00
-7.488016925495295517e-01 3.000000000000000000e+00
-7.435781861944626980e-01 3.000000000000000000e+00
-7.245098995693943777e-01 3.000000000000000000e+00
-6.594183839592374641e-01 3.000000000000000000e+00
-6.413855982538808620e-01 3.000000000000000000e+00
-6.284274087306178647e-01 3.000000000000000000e+00
-5.552673178218430206e-01 3.000000000000000000e+00
-5.499623074577898452e-01 3.000000000000000000e+00
-5.327480078092144966e-01 3.000000000000000000e+00
-5.004541174834100659e-01 3.000000000000000000e+00
-4.545741608787171040e-01 3.000000000000000000e+00
-4.296600721504086340e-01 3.000000000000000000e+00
-3.818199801043319908e-01 3.000000000000000000e+00
-3.367727465054553559e-01 3.000000000000000000e+00
-3.144116956936788276e-01 3.000000000000000000e+00
-3.115152097777052487e-01 3.000000000000000000e+00
-2.327081314184276661e-01 3.000000000000000000e+00
-1.674529179013580504e-01 3.000000000000000000e+00
-1.363241704665295317e-01 3.000000000000000000e+00
-9.780979936867295610e-02 3.000000000000000000e+00
-8.774267727681023255e-02 3.000000000000000000e+00
-6.255634938982471138e-02 3.000000000000000000e+00
-4.913731133894826131e-02 3.000000000000000000e+00
-1.485050274731318162e-02 3.000000000000000000e+00
2.580348385606778122e-02 3.000000000000000000e+00
4.296395329253923506e-02 3.000000000000000000e+00
7.264140631825782846e-02 3.000000000000000000e+00
1.130614770000874514e-01 3.000000000000000000e+00
1.229949979909358004e-01 3.000000000000000000e+00
1.462322304268879603e-01 3.000000000000000000e+00
1.746126152318848990e-01 3.000000000000000000e+00
2.068596873306490502e-01 3.000000000000000000e+00
3.112960149307201774e-01 3.000000000000000000e+00
3.268619158370966171e-01 3.000000000000000000e+00
3.573338619997633581e-01 3.000000000000000000e+00
4.006325413306377481e-01 3.000000000000000000e+00
4.218522071377794336e-01 3.000000000000000000e+00
4.367268767616067637e-01 3.000000000000000000e+00
4.712509519734935370e-01 3.000000000000000000e+00
4.974405345673874046e-01 3.000000000000000000e+00
5.288046821644429851e-01 3.000000000000000000e+00
5.704322501219210029e-01 3.000000000000000000e+00
5.737832418617085928e-01 3.000000000000000000e+00
6.488249821127032302e-01 3.000000000000000000e+00
6.707352708795650820e-01 3.000000000000000000e+00
6.989137474234903280e-01 3.000000000000000000e+00
7.369308899481258335e-01 3.000000000000000000e+00
7.510713235099207852e-01 3.000000000000000000e+00
7.684859515774649097e-01 3.000000000000000000e+00
8.089861632283240622e-01 3.000000000000000000e+00
8.145343455744473715e-01 3.000000000000000000e+00
8.458669968238883285e-01 3.000000000000000000e+00
8.676513341344893604e-01 3.000000000000000000e+00
8.785296424296693552e-01 3.000000000000000000e+00
9.160386916089262588e-01 3.000000000000000000e+00
9.485990749844661618e-01 3.000000000000000000e+00
9.699274329864177036e-01 3.000000000000000000e+00
1.039802352297551469e+00 3.000000000000000000e+00
1.053111364963545071e+00 3.000000000000000000e+00
1.085197419645870465e+00 3.000000000000000000e+00
1.091403568643021682e+00 3.000000000000000000e+00
1.142481455711397142e+00 3.000000000000000000e+00
1.156728314449114503e+00 3.000000000000000000e+00
1.237475838386486560e+00 3.000000000000000000e+00
1.251871821210648772e+00 3.000000000000000000e+00
1.276980395517270050e+00 3.000000000000000000e+00
1.284495338455684754e+00 3.000000000000000000e+00
1.305927294282948292e+00 3.000000000000000000e+00
1.354120984165344987e+00 3.000000000000000000e+00
1.449832903180396038e+00 3.000000000000000000e+00
1.453576938481323078e+00 3.000000000000000000e+00
1.481643666106096324e+00 3.000000000000000000e+00
1.493112253222428132e+00 3.000000000000000000e+00
1.560712436218449461e+00 3.000000000000000000e+00
1.562505565960842890e+00 3.000000000000000000e+00
1.599472502721392075e+00 3.000000000000000000e+00
1.656574891509319691e+00 3.000000000000000000e+00
1.670503515748938517e+00 3.000000000000000000e+00
1.752688196095857354e+00 3.000000000000000000e+00
1.784074549028231260e+00 3.000000000000000000e+00
1.818586283402240156e+00 3.000000000000000000e+00
1.834599724830698664e+00 3.000000000000000000e+00
1.836204773403411927e+00 3.000000000000000000e+00
1.911189734358745174e+00 3.000000000000000000e+00
1.976305333164038558e+00 3.000000000000000000e+00
1.978186742210227278e+00 3.000000000000000000e+00
2.011145618063946205e+00 3.000000000000000000e+00
2.046887922919832459e+00 3.000000000000000000e+00
2.069244322723301277e+00 3.000000000000000000e+00
2.107383059958867211e+00 3.000000000000000000e+00
2.153224102730614042e+00 3.000000000000000000e+00
2.187739197657394108e+00 3.000000000000000000e+00
2.190884762984221634e+00 3.000000000000000000e+00
2.228576422926867640e+00 3.000000000000000000e+00
2.265988243725706841e+00 3.000000000000000000e+00
2.309184819934916977e+00 3.000000000000000000e+00
2.332953255904700374e+00 3.000000000000000000e+00
2.353067859003345585e+00 3.000000000000000000e+00
2.355860946706590742e+00 3.000000000000000000e+00
2.433101949337712178e+00 3.000000000000000000e+00
2.445202670561565483e+00 3.000000000000000000e+00
2.474080856447753884e+00 3.000000000000000000e+00
2.540290650516570103e+00 3.000000000000000000e+00
2.585326439825456735e+00 3.000000000000000000e+00
2.596436317060267562e+00 3.000000000000000000e+00
2.606944490694140359e+00 3.000000000000000000e+00
2.637543599825832530e+00 3.000000000000000000e+00
2.702603316355553176e+00 3.000000000000000000e+00
2.776366988927046364e+00 3.000000000000000000e+00
2.803380642451360760e+00 3.000000000000000000e+00
2.910626152445638937e+00 3.000000000000000000e+00
2.972708038523954155e+00 3.000000000000000000e+00
2.992229057957203509e+00 3.000000000000000000e+00
3.036182857292363479e+00 3.000000000000000000e+00
3.078238675168014638e+00 3.000000000000000000e+00
3.122273829640947351e+00 3.000000000000000000e+00
3.177290295454219482e+00 3.000000000000000000e+00
3.202943597455615077e+00 3.000000000000000000e+00
3.234135759486222117e+00 3.000000000000000000e+00
3.283002922499697274e+00 3.000000000000000000e+00
3.300237237608026231e+00 3.000000000000000000e+00
3.399010124748716777e+00 3.000000000000000000e+00
3.467130284829533338e+00 3.000000000000000000e+00
3.532007791640127348e+00 3.000000000000000000e+00
3.606731743421614844e+00 3.000000000000000000e+00
3.634886547461845918e+00 3.000000000000000000e+00
3.700616804332081511e+00 3.000000000000000000e+00
3.708475356094907305e+00 3.000000000000000000e+00
3.765848918311017091e+00 3.000000000000000000e+00
3.766438755854423892e+00 3.000000000000000000e+00
3.823531650246424718e+00 3.000000000000000000e+00
3.866604143036067587e+00 3.000000000000000000e+00
3.894216966943147451e+00 3.000000000000000000e+00
3.946044159526549411e+00 3.000000000000000000e+00
3.962450386812177427e+00 3.000000000000000000e+00
4.082791445746835279e+00 3.000000000000000000e+00
4.157593660836194971e+00 3.000000000000000000e+00
4.264742225559309929e+00 3.000000000000000000e+00
4.354645823868709797e+00 3.000000000000000000e+00
4.444799833941563527e+00 3.000000000000000000e+00
4.467282604110874189e+00 3.000000000000000000e+00
4.500886208443306558e+00 3.000000000000000000e+00
4.508330177189106891e+00 3.000000000000000000e+00
4.598322244476910292e+00 3.000000000000000000e+00
4.930717652920055372e+00 3.000000000000000000e+00
5.041404972506188464e+00 3.000000000000000000e+00
5.055836592753482961e+00 3.000000000000000000e+00
5.091779540726289355e+00 3.000000000000000000e+00
5.162790112641600260e+00 3.000000000000000000e+00
5.211843054469447623e+00 3.000000000000000000e+00
5.614752084964372614e+00 3.000000000000000000e+00
5.687465660791045430e+00 3.000000000000000000e+00
5.696402420207528294e+00 3.000000000000000000e+00
5.787024924342818011e+00 3.000000000000000000e+00
6.159383915478199079e+00 3.000000000000000000e+00
6.161273000064312555e+00 3.000000000000000000e+00
6.342643032367551115e+00 3.000000000000000000e+00
6.877207289635589582e+00 3.000000000000000000e+00
7.550968394321952104e+00 3.000000000000000000e+00
-5.931754675794630671e+00 2.000000000000000000e+00
-5.594466417018670867e+00 2.000000000000000000e+00
-5.286313935028428723e+00 2.000000000000000000e+00
-4.981656882588525903e+00 2.000000000000000000e+00
-4.933936121791409057e+00 2.000000000000000000e+00
-4.694807226810354450e+00 2.000000000000000000e+00
-4.588299906173324061e+00 2.000000000000000000e+00
-4.377005233984762711e+00 2.000000000000000000e+00
-4.169563037564647523e+00 2.000000000000000000e+00
-4.004760787400509336e+00 2.000000000000000000e+00
-4.004183746947352240e+00 2.000000000000000000e+00
-3.904691965109305940e+00 2.000000000000000000e+00
-3.630355107953625815e+00 2.000000000000000000e+00
-3.605079310723680930e+00 2.000000000000000000e+00
-3.501829495370423206e+00 2.000000000000000000e+00
-3.449626180565118272e+00 2.000000000000000000e+00
-3.391432520937204931e+00 2.000000000000000000e+00
-3.236368006015298615e+00 2.000000000000000000e+00
-3.171577968538214609e+00 2.000000000000000000e+00
-3.114475245063772046e+00 2.000000000000000000e+00
-3.088324564991643761e+00 2.000000000000000000e+00
-2.987152783183236071e+00 2.000000000000000000e+00
-2.961209814347634861e+00 2.000000000000000000e+00
-2.932880391551053734e+00 2.000000000000000000e+00
-2.821050289628750818e+00 2.000000000000000000e+00
-2.742875394483478946e+00 2.000000000000000000e+00
-2.724626926671665839e+00 2.000000000000000000e+00
-2.644789147829083475e+00 2.000000000000000000e+00
-2.619868271514524505e+00 2.000000000000000000e+00
-2.464325330277099546e+00 2.000000000000000000e+00
-2.434161748056987040e+00 2.000000000000000000e+00
-2.357598065672463328e+00 2.000000000000000000e+00
-2.322478643484163108e+00 2.000000000000000000e+00
-2.255977813937250165e+00 2.000000000000000000e+00
-2.240630414884052790e+00 2.000000000000000000e+00
-2.231934773495499513e+00 2.000000000000000000e+00
-2.158427776425126510e+00 2.000000000000000000e+00
-2.113138024651624480e+00 2.000000000000000000e+00
-2.078518239757505714e+00 2.000000000000000000e+00
-2.001129119938302559e+00 2.000000000000000000e+00
-1.966292276431758967e+00 2.000000000000000000e+00
-1.925490607634751106e+00 2.000000000000000000e+00
-1.883609307148086387e+00 2.000000000000000000e+00
-1.875578548778551013e+00 2.000000000000000000e+00
-1.868526010165624918e+00 2.000000000000000000e+00
-1.749349098242958256e+00 2.000000000000000000e+00
-1.727837815549770228e+00 2.000000000000000000e+00
-1.703294096451072992e+00 2.000000000000000000e+00
-1.656390681581770385e+00 2.000000000000000000e+00
-1.604913730626278845e+00 2.000000000000000000e+00
-1.540632562947092499e+00 2.000000000000000000e+00
-1.483854722377067281e+00 2.000000000000000000e+00
-1.449547975448965742e+00 2.000000000000000000e+00
-1.369343999152101699e+00 2.000000000000000000e+00
-1.327775596720503826e+00 2.000000000000000000e+00
-1.300291363863465222e+00 2.000000000000000000e+00
-1.266246369854257647e+00 2.000000000000000000e+00
-1.259688087761895670e+00 2.000000000000000000e+00
-1.239505531843331454e+00 2.000000000000000000e+00
-1.194822729696117358e+00 2.000000000000000000e+00
-1.194375323063512351e+00 2.000000000000000000e+00
-1.150904176165382431e+00 2.000000000000000000e+00
-1.135700082289615498e+00 2.000000000000000000e+00
-1.023487960858591617e+00 2.000000000000000000e+00
-1.007416299874936749e+00 2.000000000000000000e+00
-9.858505912818568140e-01 2.000000000000000000e+00
-9.745209265929042353e-01 2.000000000000000000e+00
-9.580255018668351052e-01 2.000000000000000000e+00
-9.223217305254337584e-01 2.000000000000000000e+00
-8.547017495057648295e-01 2.000000000000000000e+00
-8.452224041440428159e-01 2.000000000000000000e+00
-8.352576898585037934e-01 2.000000000000000000e+00
-8.135206096139274701e-01 2.000000000000000000e+00
-7.617275921733182020e-01 2.000000000000000000e+00
-7.166850767780456044e-01 2.000000000000000000e+00
-7.052823384655045880e-01 2.000000000000000000e+00
-6.733056911847663528e-01 2.000000000000000000e+00
-6.338729968918729307e-01 2.000000000000000000e+00
-5.575169927441674389e-01 2.000000000000000000e+00
-5.550080345529806447e-01 2.000000000000000000e+00
-5.149745196800205038e-01 2.000000000000000000e+00
-5.128525614818602030e-01 2.000000000000000000e+00
-4.548638943917555078e-01 2.000000000000000000e+00
-4.524923679624017203e-01 2.000000000000000000e+00
-3.682820578753380758e-01 2.000000000000000000e+00
-3.536190503759446546e-01 2.000000000000000000e+00
-3.063173895382186318e-01 2.000000000000000000e+00
-2.752912168339037846e-01 2.000000000000000000e+00
-2.565087433444347975e-01 2.000000000000000000e+00
-2.010017298481336923e-01 2.000000000000000000e+00
-1.487067231672602741e-01 2.000000000000000000e+00
-1.346206010511918350e-01 2.000000000000000000e+00
-1.228585036062230379e-01 2.000000000000000000e+00
-9.348748651782412544e-02 2.000000000000000000e+00
-6.496885686787856606e-02 2.000000000000000000e+00
9.545900209311692503e-03 2.000000000000000000e+00
2.394273678098614994e-02 2.000000000000000000e+00
4.788451555656711434e-02 2.000000000000000000e+00
1.105815652035057051e-01 2.000000000000000000e+00
1.141448301192968529e-01 2.000000000000000000e+00
1.499414906107618406e-01 2.000000000000000000e+00
1.750990833022538495e-01 2.000000000000000000e+00
2.271433885026185873e-01 2.000000000000000000e+00
2.439113384001398432e-01 2.000000000000000000e+00
2.605248047229654640e-01 2.000000000000000000e+00
2.789376923978580392e-01 2.000000000000000000e+00
2.894983163351076416e-01 2.000000000000000000e+00
3.002035227999239053e-01 2.000000000000000000e+00
3.682553335400049477e-01 2.000000000000000000e+00
3.722790152321629464e-01 2.000000000000000000e+00
3.825358264343350356e-01 2.000000000000000000e+00
4.594581378733464394e-01 2.000000000000000000e+00
4.901711966140335219e-01 2.000000000000000000e+00
5.077315406021386535e-01 2.000000000000000000e+00
5.263207386919875885e-01 2.000000000000000000e+00
5.282803984953066134e-01 2.000000000000000000e+00
5.685437494421379245e-01 2.000000000000000000e+00
5.741063104872202727e-01 2.000000000000000000e+00
6.028347123208936953e-01 2.000000000000000000e+00
6.290946162279058562e-01 2.000000000000000000e+00
6.410565232561242777e-01 2.000000000000000000e+00
6.430566545919560451e-01 2.000000000000000000e+00
7.265836132887133481e-01 2.000000000000000000e+00
7.319009556063986732e-01 2.000000000000000000e+00
7.546517613174519301e-01 2.000000000000000000e+00
7.563603917784386121e-01 2.000000000000000000e+00
8.134575774931500636e-01 2.000000000000000000e+00
8.400440528524453221e-01 2.000000000000000000e+00
8.612136650893683631e-01 2.000000000000000000e+00
8.852014036280962950e-01 2.000000000000000000e+00
9.717338047298466064e-01 2.000000000000000000e+00
1.012284943253492830e+00 2.000000000000000000e+00
1.020240645413910352e+00 2.000000000000000000e+00
1.063966107917837522e+00 2.000000000000000000e+00
1.071286803136703103e+00 2.000000000000000000e+00
1.110301254903528267e+00 2.000000000000000000e+00
1.124145293710491433e+00 2.000000000000000000e+00
1.127765810873405883e+00 2.000000000000000000e+00
1.148817933463777141e+00 2.000000000000000000e+00
1.165117482552630479e+00 2.000000000000000000e+00
1.258978055733398715e+00 2.000000000000000000e+00
1.278566025441663756e+00 2.000000000000000000e+00
1.311705989815396878e+00 2.000000000000000000e+00
1.321922975805600808e+00 2.000000000000000000e+00
1.351701675943176584e+00 2.000000000000000000e+00
1.374267208453021860e+00 2.000000000000000000e+00
1.404494440227907814e+00 2.000000000000000000e+00
1.422096955556810594e+00 2.000000000000000000e+00
1.456710986860949131e+00 2.000000000000000000e+00
1.497830211870318395e+00 2.000000000000000000e+00
1.562269465303474769e+00 2.000000000000000000e+00
1.574194550719844266e+00 2.000000000000000000e+00
1.580858616568780128e+00 2.000000000000000000e+00
1.660758550856794802e+00 2.000000000000000000e+00
1.681423291912884421e+00 2.000000000000000000e+00
1.687988622697290442e+00 2.000000000000000000e+00
1.710672895745874111e+00 2.000000000000000000e+00
1.716961735440329706e+00 2.000000000000000000e+00
1.774013028938646652e+00 2.000000000000000000e+00
1.784687623504225273e+00 2.000000000000000000e+00
1.827153524577776800e+00 2.000000000000000000e+00
1.842035926801839807e+00 2.000000000000000000e+00
1.882072069377347390e+00 2.000000000000000000e+00
1.912219372398004547e+00 2.000000000000000000e+00
1.950319126194319796e+00 2.000000000000000000e+00
1.999426793751349685e+00 2.000000000000000000e+00
2.022384592699476791e+00 2.000000000000000000e+00
2.044416853553565172e+00 2.000000000000000000e+00
2.068857760193592465e+00 2.000000000000000000e+00
2.079956877958178296e+00 2.000000000000000000e+00
2.086090012347258327e+00 2.000000000000000000e+00
2.095901742589621364e+00 2.000000000000000000e+00
2.127063419240843967e+00 2.000000000000000000e+00
2.139885614180815576e+00 2.000000000000000000e+00
2.189096006069910061e+00 2.000000000000000000e+00
2.209352332607547709e+00 2.000000000000000000e+00
2.240663914666917389e+00 2.000000000000000000e+00
2.291748400545790432e+00 2.000000000000000000e+00
2.303877791116238694e+00 2.000000000000000000e+00
2.325790920702626163e+00 2.000000000000000000e+00
2.374660871626722791e+00 2.000000000000000000e+00
2.396908190515502746e+00 2.000000000000000000e+00
2.427133349475665280e+00 2.000000000000000000e+00
2.447173237068432705e+00 2.000000000000000000e+00
2.474083051826753366e+00 2.000000000000000000e+00
2.504806252903986952e+00 2.000000000000000000e+00
2.554083288524031214e+00 2.000000000000000000e+00
2.559793177594740232e+00 2.000000000000000000e+00
2.607726700752063476e+00 2.000000000000000000e+00
2.638389797323887898e+00 2.000000000000000000e+00
2.668510103206246598e+00 2.000000000000000000e+00
2.671868046378957473e+00 2.000000000000000000e+00
2.735077602669536478e+00 2.000000000000000000e+00
2.751190959042701056e+00 2.000000000000000000e+00
2.772132833782623873e+00 2.000000000000000000e+00
2.781798782422089111e+00 2.000000000000000000e+00
2.817270389941149311e+00 2.000000000000000000e+00
2.830375229974162021e+00 2.000000000000000000e+00
2.887324285771598831e+00 2.000000000000000000e+00
2.968916757724527677e+00 2.000000000000000000e+00
3.006461631371387444e+00 2.000000000000000000e+00
3.015261549208354985e+00 2.000000000000000000e+00
3.051602314206967037e+00 2.000000000000000000e+00
3.122976041396140712e+00 2.000000000000000000e+00
3.180746426475734800e+00 2.000000000000000000e+00
3.184288500983706527e+00 2.000000000000000000e+00
3.234853771190516092e+00 2.000000000000000000e+00
3.235328143322934835e+00 2.000000000000000000e+00
3.251224122290666152e+00 2.000000000000000000e+00
3.299315794660622636e+00 2.000000000000000000e+00
3.314019791198584031e+00 2.000000000000000000e+00
3.390666633206651071e+00 2.000000000000000000e+00
3.462154806942099761e+00 2.000000000000000000e+00
3.462943801462895266e+00 2.000000000000000000e+00
3.533161200227266541e+00 2.000000000000000000e+00
3.590324820350646817e+00 2.000000000000000000e+00
3.599271839052287980e+00 2.000000000000000000e+00
3.614526937918328464e+00 2.000000000000000000e+00
3.616081014634603186e+00 2.000000000000000000e+00
3.674637368496799450e+00 2.000000000000000000e+00
3.700063589268253406e+00 2.000000000000000000e+00
3.785773593852043373e+00 2.000000000000000000e+00
3.817095124571337372e+00 2.000000000000000000e+00
3.858597665702479862e+00 2.000000000000000000e+00
3.879013985333812808e+00 2.000000000000000000e+00
3.931857610099040112e+00 2.000000000000000000e+00
3.956349083903533348e+00 2.000000000000000000e+00
3.997561728598517217e+00 2.000000000000000000e+00
4.007974051873534727e+00 2.000000000000000000e+00
4.014342099597624447e+00 2.000000000000000000e+00
4.078975333527386837e+00 2.000000000000000000e+00
4.093851088199623511e+00 2.000000000000000000e+00
4.130447088432712022e+00 2.000000000000000000e+00
4.156012360545087603e+00 2.000000000000000000e+00
4.249039591770649160e+00 2.000000000000000000e+00
4.278248021194453798e+00 2.000000000000000000e+00
4.337265519257692326e+00 2.000000000000000000e+00
4.337407823352031677e+00 2.000000000000000000e+00
4.470637619594425516e+00 2.000000000000000000e+00
4.515146687775473566e+00 2.000000000000000000e+00
4.567662315458999700e+00 2.000000000000000000e+00
4.612596287027858288e+00 2.000000000000000000e+00
4.633927852385014923e+00 2.000000000000000000e+00
4.691811261503362473e+00 2.000000000000000000e+00
4.715513682430832354e+00 2.000000000000000000e+00
4.769547072783236530e+00 2.000000000000000000e+00
4.835892840204770948e+00 2.000000000000000000e+00
4.842262169695030316e+00 2.000000000000000000e+00
4.959707897826945988e+00 2.000000000000000000e+00
5.010990196574529598e+00 2.000000000000000000e+00
5.112416600100763375e+00 2.000000000000000000e+00
5.123372508491224053e+00 2.000000000000000000e+00
5.229949970646297963e+00 2.000000000000000000e+00
5.260401831423247465e+00 2.000000000000000000e+00
5.393594043220047318e+00 2.000000000000000000e+00
5.394598271458969307e+00 2.000000000000000000e+00
5.418828271582524003e+00 2.000000000000000000e+00
5.501118938036178463e+00 2.000000000000000000e+00
5.558446644629201572e+00 2.000000000000000000e+00
5.583743013100725072e+00 2.000000000000000000e+00
5.729542886238197852e+00 2.000000000000000000e+00
5.775411248664214625e+00 2.000000000000000000e+00
5.793696686252820527e+00 2.000000000000000000e+00
5.932474332816468632e+00 2.000000000000000000e+00
5.964326852101123677e+00 2.000000000000000000e+00
5.972273880482836361e+00 2.000000000000000000e+00
6.041061729190358776e+00 2.000000000000000000e+00
6.126967215473918316e+00 2.000000000000000000e+00
6.417862036331609232e+00 2.000000000000000000e+00
6.502092143711233341e+00 2.000000000000000000e+00
6.689758525427366820e+00 2.000000000000000000e+00
6.867623627925410368e+00 2.000000000000000000e+00
7.043271990858642972e+00 2.000000000000000000e+00
7.152323441671090798e+00 2.000000000000000000e+00
7.319278008003533564e+00 2.000000000000000000e+00
7.337893375365849735e+00 2.000000000000000000e+00
7.650590320576726278e+00 2.000000000000000000e+00
7.762982423039556323e+00 2.000000000000000000e+00
8.301565953384901775e+00 2.000000000000000000e+00
9.049141061012266007e+00 2.000000000000000000e+00
-5.703458500975690626e+00 1.000000000000000000e+00
-5.381657159802013979e+00 1.000000000000000000e+00
-5.103363806135305047e+00 1.000000000000000000e+00
-4.727185531786794570e+00 1.000000000000000000e+00
-4.330548884878803406e+00 1.000000000000000000e+00
-4.155198034686432784e+00 1.000000000000000000e+00
-3.959063230013509571e+00 1.000000000000000000e+00
-3.821257970516495739e+00 1.000000000000000000e+00
-3.671848001257683958e+00 1.000000000000000000e+00
-3.513397893625272772e+00 1.000000000000000000e+00
-3.259760428098017471e+00 1.000000000000000000e+00
-3.249937548592721548e+00 1.000000000000000000e+00
-3.091466018233335777e+00 1.000000000000000000e+00
-2.979458053819372676e+00 1.000000000000000000e+00
-2.876850872448731611e+00 1.000000000000000000e+00
-2.793237959351376976e+00 1.000000000000000000e+00
-2.779020120434982477e+00 1.000000000000000000e+00
-2.696886532923111091e+00 1.000000000000000000e+00
-2.591422368426314016e+00 1.000000000000000000e+00
-2.495608174645336241e+00 1.000000000000000000e+00
-2.451018588441334245e+00 1.000000000000000000e+00
-2.418020752726848244e+00 1.000000000000000000e+00
-2.314830147234413271e+00 1.000000000000000000e+00
-2.228177888484307978e+00 1.000000000000000000e+00
-2.191231486949394736e+00 1.000000000000000000e+00
-2.094584656713801785e+00 1.000000000000000000e+00
-1.995928105957904153e+00 1.000000000000000000e+00
-1.944370270726574645e+00 1.000000000000000000e+00
-1.883390544817463930e+00 1.000000000000000000e+00
-1.856264556425059498e+00 1.000000000000000000e+00
-1.831102869716253689e+00 1.000000000000000000e+00
-1.815536729318866005e+00 1.000000000000000000e+00
-1.691756335586976023e+00 1.000000000000000000e+00
-1.673346866835123903e+00 1.000000000000000000e+00
-1.629664220817688802e+00 1.000000000000000000e+00
-1.597308277885699290e+00 1.000000000000000000e+00
-1.494352676180909389e+00 1.000000000000000000e+00
-1.459973883901994895e+00 1.000000000000000000e+00
-1.347785996862561619e+00 1.000000000000000000e+00
-1.344306484058841233e+00 1.000000000000000000e+00
-1.180500007262999196e+00 1.000000000000000000e+00
-1.140705806421602464e+00 1.000000000000000000e+00
-1.104943712153713342e+00 1.000000000000000000e+00
-1.102440734404456002e+00 1.000000000000000000e+00
-1.047864038249112451e+00 1.000000000000000000e+00
-1.007837141451017882e+00 1.000000000000000000e+00
-9.503575402767390212e-01 1.000000000000000000e+00
-9.445749793805620076e-01 1.000000000000000000e+00
-9.222409399370430361e-01 1.000000000000000000e+00
-8.292512547305795900e-01 1.000000000000000000e+00
-7.578035826090901983e-01 1.000000000000000000e+00
-7.571789500110589488e-01 1.000000000000000000e+00
-7.075030729184779155e-01 1.000000000000000000e+00
-6.963683646534112315e-01 1.000000000000000000e+00
-5.700628212006346729e-01 1.000000000000000000e+00
-5.460449162840964599e-01 1.000000000000000000e+00
-5.171812768544331584e-01 1.000000000000000000e+00
-4.968279560831099229e-01 1.000000000000000000e+00
-3.706772814163605267e-01 1.000000000000000000e+00
-3.550175474724984737e-01 1.000000000000000000e+00
-3.094763678708902233e-01 1.000000000000000000e+00
-2.720784372172351806e-01 1.000000000000000000e+00
-2.452461855419339198e-01 1.000000000000000000e+00
-2.134750327116241853e-01 1.000000000000000000e+00
-1.370823088751277896e-01 1.000000000000000000e+00
-1.062525551017467901e-01 1.000000000000000000e+00
-7.437943340253773405e-02 1.000000000000000000e+00
-4.585401001635319718e-02 1.000000000000000000e+00
2.662049649600487650e-02 1.000000000000000000e+00
5.282675739949521665e-02 1.000000000000000000e+00
1.159939044048158840e-01 1.000000000000000000e+00
1.235436674840040550e-01 1.000000000000000000e+00
1.833107073863077807e-01 1.000000000000000000e+00
1.914749961010832335e-01 1.000000000000000000e+00
2.638066032702666708e-01 1.000000000000000000e+00
2.932422935088150329e-01 1.000000000000000000e+00
3.586360105121400577e-01 1.000000000000000000e+00
3.683886815932292946e-01 1.000000000000000000e+00
3.997490339828548844e-01 1.000000000000000000e+00
4.078041501374851663e-01 1.000000000000000000e+00
4.542990134738661978e-01 1.000000000000000000e+00
4.837577063249877130e-01 1.000000000000000000e+00
5.072346156524069061e-01 1.000000000000000000e+00
5.728842755349555782e-01 1.000000000000000000e+00
5.876383893893416532e-01 1.000000000000000000e+00
6.218172901168340649e-01 1.000000000000000000e+00
6.335881662418324511e-01 1.000000000000000000e+00
6.837078684327995148e-01 1.000000000000000000e+00
7.504438305073807269e-01 1.000000000000000000e+00
7.871147122243122851e-01 1.000000000000000000e+00
8.162055015136089331e-01 1.000000000000000000e+00
8.749425967796357062e-01 1.000000000000000000e+00
8.960008989381194056e-01 1.000000000000000000e+00
9.051577667095502822e-01 1.000000000000000000e+00
9.456446639628621753e-01 1.000000000000000000e+00
9.712895982855259680e-01 1.000000000000000000e+00
9.822954883383570035e-01 1.000000000000000000e+00
1.028520158321481803e+00 1.000000000000000000e+00
1.042229178313805127e+00 1.000000000000000000e+00
1.056222232658506233e+00 1.000000000000000000e+00
1.129781516162624344e+00 1.000000000000000000e+00
1.150410712093311583e+00 1.000000000000000000e+00
1.259439851417893275e+00 1.000000000000000000e+00
1.271814876549985707e+00 1.000000000000000000e+00
1.279129614681501881e+00 1.000000000000000000e+00
1.315291111560028980e+00 1.000000000000000000e+00
1.401049106103527508e+00 1.000000000000000000e+00
1.449047843234556154e+00 1.000000000000000000e+00
1.459089292563636953e+00 1.000000000000000000e+00
1.499245889895356676e+00 1.000000000000000000e+00
1.564421483602230323e+00 1.000000000000000000e+00
1.625150363159795219e+00 1.000000000000000000e+00
1.647459330278887357e+00 1.000000000000000000e+00
1.669571825345896654e+00 1.000000000000000000e+00
1.697783482058120796e+00 1.000000000000000000e+00
1.723606965985461370e+00 1.000000000000000000e+00
1.732602770934679626e+00 1.000000000000000000e+00
1.787346090709766466e+00 1.000000000000000000e+00
1.832410217972578304e+00 1.000000000000000000e+00
1.837432909177867169e+00 1.000000000000000000e+00
1.850411263425037367e+00 1.000000000000000000e+00
1.889888396102935353e+00 1.000000000000000000e+00
1.958476816415397614e+00 1.000000000000000000e+00
1.996824019439636055e+00 1.000000000000000000e+00
2.024903222145258308e+00 1.000000000000000000e+00
2.058519528865313308e+00 1.000000000000000000e+00
2.073599271017684043e+00 1.000000000000000000e+00
2.100745452056705709e+00 1.000000000000000000e+00
2.226179607538542715e+00 1.000000000000000000e+00
2.238634180434886822e+00 1.000000000000000000e+00
2.274842907603359166e+00 1.000000000000000000e+00
2.304671778503539770e+00 1.000000000000000000e+00
2.357585734866679772e+00 1.000000000000000000e+00
2.364251740734599760e+00 1.000000000000000000e+00
2.414405258686683542e+00 1.000000000000000000e+00
2.421866702804654103e+00 1.000000000000000000e+00
2.463362284983124262e+00 1.000000000000000000e+00
2.491026018794276542e+00 1.000000000000000000e+00
2.519268142161076529e+00 1.000000000000000000e+00
2.557828054076467961e+00 1.000000000000000000e+00
2.576961945346441407e+00 1.000000000000000000e+00
2.583966641295424083e+00 1.000000000000000000e+00
2.664091160187185281e+00 1.000000000000000000e+00
2.693533771298251001e+00 1.000000000000000000e+00
2.704328411189638626e+00 1.000000000000000000e+00
2.704692659821109846e+00 1.000000000000000000e+00
2.768902551907642451e+00 1.000000000000000000e+00
2.784030544713510302e+00 1.000000000000000000e+00
2.892636933925554210e+00 1.000000000000000000e+00
2.949559947293883599e+00 1.000000000000000000e+00
2.964133427972027945e+00 1.000000000000000000e+00
3.015996418611741170e+00 1.000000000000000000e+00
3.025022433812651901e+00 1.000000000000000000e+00
3.066323859133148311e+00 1.000000000000000000e+00
3.121796344046372962e+00 1.000000000000000000e+00
3.153411798218906270e+00 1.000000000000000000e+00
3.183889394418445207e+00 1.000000000000000000e+00
3.208180612650333163e+00 1.000000000000000000e+00
3.232409261054103755e+00 1.000000000000000000e+00
3.232548010066556898e+00 1.000000000000000000e+00
3.323397694869564933e+00 1.000000000000000000e+00
3.374992959619487642e+00 1.000000000000000000e+00
3.384136148298684699e+00 1.000000000000000000e+00
3.473347250376074058e+00 1.000000000000000000e+00
3.626881101018680109e+00 1.000000000000000000e+00
3.628347628658847412e+00 1.000000000000000000e+00
3.657068498689825198e+00 1.000000000000000000e+00
3.694593217721299450e+00 1.000000000000000000e+00
3.712699830614432539e+00 1.000000000000000000e+00
3.749785223996652483e+00 1.000000000000000000e+00
3.764932985662741594e+00 1.000000000000000000e+00
3.806491287769765197e+00 1.000000000000000000e+00
3.923998433980560030e+00 1.000000000000000000e+00
3.930938201430379308e+00 1.000000000000000000e+00
3.936173033155439427e+00 1.000000000000000000e+00
3.957401556007074994e+00 1.000000000000000000e+00
3.972486476078540552e+00 1.000000000000000000e+00
4.045547559681004657e+00 1.000000000000000000e+00
4.072417338914201324e+00 1.000000000000000000e+00
4.152220665370768060e+00 1.000000000000000000e+00
4.191858002117007764e+00 1.000000000000000000e+00
4.246907854687670181e+00 1.000000000000000000e+00
4.256746785076744644e+00 1.000000000000000000e+00
4.258144182653797571e+00 1.000000000000000000e+00
4.334121003543060624e+00 1.000000000000000000e+00
4.345464707905160928e+00 1.000000000000000000e+00
4.402127444840540527e+00 1.000000000000000000e+00
4.424154860792457455e+00 1.000000000000000000e+00
4.525083927067990786e+00 1.000000000000000000e+00
4.525333868288750949e+00 1.000000000000000000e+00
4.587924004378952425e+00 1.000000000000000000e+00
4.771825405660994335e+00 1.000000000000000000e+00
4.776935869365441789e+00 1.000000000000000000e+00
4.897284346224040519e+00 1.000000000000000000e+00
4.917951839667508374e+00 1.000000000000000000e+00
4.997687067016212126e+00 1.000000000000000000e+00
5.027659738006681422e+00 1.000000000000000000e+00
5.028332856448214372e+00 1.000000000000000000e+00
5.114420861964409148e+00 1.000000000000000000e+00
5.232932259079087878e+00 1.000000000000000000e+00
5.263341265255135681e+00 1.000000000000000000e+00
5.347018697638436180e+00 1.000000000000000000e+00
5.387690028148661270e+00 1.000000000000000000e+00
5.515949464961154014e+00 1.000000000000000000e+00
5.531485658318657350e+00 1.000000000000000000e+00
5.608695246493589082e+00 1.000000000000000000e+00
5.654625492762503036e+00 1.000000000000000000e+00
5.712716114515364652e+00 1.000000000000000000e+00
5.781447095575257933e+00 1.000000000000000000e+00
5.820534769855266966e+00 1.000000000000000000e+00
5.862853432543059462e+00 1.000000000000000000e+00
5.875861161802296451e+00 1.000000000000000000e+00
6.123945666159439583e+00 1.000000000000000000e+00
6.169958876678041548e+00 1.000000000000000000e+00
6.191030017094258042e+00 1.000000000000000000e+00
6.312374643465452628e+00 1.000000000000000000e+00
6.387619649657255039e+00 1.000000000000000000e+00
6.643424327968454612e+00 1.000000000000000000e+00
6.700885077373510690e+00 1.000000000000000000e+00
6.743076318631077370e+00 1.000000000000000000e+00
6.912535439469376541e+00 1.000000000000000000e+00
7.026410112242605699e+00 1.000000000000000000e+00
7.081052911060832677e+00 1.000000000000000000e+00
7.456293051040813857e+00 1.000000000000000000e+00
7.572100666306907257e+00 1.000000000000000000e+00
7.677235964508274613e+00 1.000000000000000000e+00
7.703672819489446155e+00 1.000000000000000000e+00
8.082965934490689008e+00 1.000000000000000000e+00
8.198046186691833270e+00 1.000000000000000000e+00
8.804382930072900848e+00 1.000000000000000000e+00
8.897880124409018876e+00 1.000000000000000000e+00
9.922758548320146588e+00 1.000000000000000000e+00
-5.460338340849911098e+00 0.000000000000000000e+00
-4.569849442414415819e+00 0.000000000000000000e+00
-3.674516318314813734e+00 0.000000000000000000e+00
-3.663799738285684171e+00 0.000000000000000000e+00
-2.961840360913027492e+00 0.000000000000000000e+00
-2.689692072044330473e+00 0.000000000000000000e+00
-2.605393479269414669e+00 0.000000000000000000e+00
-2.429099179963351229e+00 0.000000000000000000e+00
-2.274277633061123183e+00 0.000000000000000000e+00
-2.116959125480803117e+00 0.000000000000000000e+00
-1.713045972520076399e+00 0.000000000000000000e+00
-1.636060531633825921e+00 0.000000000000000000e+00
-1.509185844047398861e+00 0.000000000000000000e+00
-1.489250714975749901e+00 0.000000000000000000e+00
-1.354449710488117908e+00 0.000000000000000000e+00
-1.305668675726887829e+00 0.000000000000000000e+00
-9.912123469858619140e-01 0.000000000000000000e+00
-8.008418922534550344e-01 0.000000000000000000e+00
-6.063457240688336913e-01 0.000000000000000000e+00
-5.202676527441302268e-01 0.000000000000000000e+00
-4.564672408445519247e-01 0.000000000000000000e+00
-4.428759504118853774e-01 0.000000000000000000e+00
-2.620721279305401330e-01 0.000000000000000000e+00
-7.623832389303016044e-02 0.000000000000000000e+00
-6.358472058495932833e-02 0.000000000000000000e+00
8.801311825388591359e-02 0.000000000000000000e+00
1.994274807644529912e-01 0.000000000000000000e+00
2.132991538035576562e-01 0.000000000000000000e+00
2.716806170648499719e-01 0.000000000000000000e+00
3.507854740291844187e-01 0.000000000000000000e+00
5.502982372712725834e-01 0.000000000000000000e+00
5.641859874764459937e-01 0.000000000000000000e+00
9.950668711482865136e-01 0.000000000000000000e+00
1.012189942980348478e+00 0.000000000000000000e+00
1.029017374757061010e+00 0.000000000000000000e+00
1.088542063854422981e+00 0.000000000000000000e+00
1.204385670148770959e+00 0.000000000000000000e+00
1.233883209741193365e+00 0.000000000000000000e+00
1.308908342951206505e+00 0.000000000000000000e+00
1.349624064110130028e+00 0.000000000000000000e+00
1.430974692346533406e+00 0.000000000000000000e+00
1.449649273513302861e+00 0.000000000000000000e+00
1.548153897207732665e+00 0.000000000000000000e+00
1.592177556363457036e+00 0.000000000000000000e+00
1.890791252281935897e+00 0.000000000000000000e+00
2.032778983768397829e+00 0.000000000000000000e+00
2.145593620437519444e+00 0.000000000000000000e+00
2.169250091086365018e+00 0.000000000000000000e+00
2.188971877627166052e+00 0.000000000000000000e+00
2.333519060860582695e+00 0.000000000000000000e+00
2.373976184679938317e+00 0.000000000000000000e+00
2.483710763309805003e+00 0.000000000000000000e+00
2.565066242164877330e+00 0.000000000000000000e+00
2.696910466797060479e+00 0.000000000000000000e+00
2.809249721548770840e+00 0.000000000000000000e+00
2.836152746817785175e+00 0.000000000000000000e+00
2.937807664924419360e+00 0.000000000000000000e+00
3.059356170901862182e+00 0.000000000000000000e+00
3.269818175674509497e+00 0.000000000000000000e+00
3.452082127091471442e+00 0.000000000000000000e+00
3.468009311532960659e+00 0.000000000000000000e+00
3.638206143685139615e+00 0.000000000000000000e+00
3.680340487704062635e+00 0.000000000000000000e+00
3.723496810917570343e+00 0.000000000000000000e+00
3.760579517722394183e+00 0.000000000000000000e+00
3.823612843505621139e+00 0.000000000000000000e+00
3.966719041758014708e+00 0.000000000000000000e+00
4.103753904465657243e+00 0.000000000000000000e+00
4.191230192261963694e+00 0.000000000000000000e+00
4.343240146674314239e+00 0.000000000000000000e+00
4.435299607999545479e+00 0.000000000000000000e+00
4.441170810314712725e+00 0.000000000000000000e+00
4.570214780034344670e+00 0.000000000000000000e+00
4.770290676689407761e+00 0.000000000000000000e+00
5.050633624013649126e+00 0.000000000000000000e+00
5.145068343877375661e+00 0.000000000000000000e+00
5.197735391896588730e+00 0.000000000000000000e+00
5.485519547435488974e+00 0.000000000000000000e+00
5.652342001712790776e+00 0.000000000000000000e+00
5.848321198926782927e+00 0.000000000000000000e+00
5.875188935365891041e+00 0.000000000000000000e+00
6.022805479525313643e+00 0.000000000000000000e+00
6.279796017849546885e+00 0.000000000000000000e+00
6.382224305066785064e+00 0.000000000000000000e+00
6.822929824328038961e+00 0.000000000000000000e+00
6.916990434765923013e+00 0.000000000000000000e+00
7.281816460442967376e+00 0.000000000000000000e+00
7.430394628178900618e+00 0.000000000000000000e+00
7.918376157760409484e+00 0.000000000000000000e+00
8.597091093176446819e+00 0.000000000000000000e+00
1.012463722235889563e+01 0.000000000000000000e+00
