# Runtime: 18.772226572036743
-5.999999999999997335e+00 7.000000000000000000e+00
-5.801937735804836294e+00 6.000000000000000000e+00
-5.246979603717464968e+00 6.000000000000000000e+00
-4.445041867912626898e+00 6.000000000000000000e+00
-3.554958132087369549e+00 6.000000000000000000e+00
-2.753020396282531035e+00 6.000000000000000000e+00
-2.198062264195161930e+00 6.000000000000000000e+00
-5.591911158285524763e+00 5.000000000000000000e+00
-5.063018440918464869e+00 5.000000000000000000e+00
-4.502774791887231842e+00 5.000000000000000000e+00
-4.250092192319350204e+00 5.000000000000000000e+00
-3.845507718472434444e+00 5.000000000000000000e+00
-3.359044828167345287e+00 5.000000000000000000e+00
-3.269520113098149938e+00 5.000000000000000000e+00
-2.999999999999998668e+00 5.000000000000000000e+00
-2.782189929960235286e+00 5.000000000000000000e+00
-2.556496327812926239e+00 5.000000000000000000e+00
-1.999999999999998668e+00 5.000000000000000000e+00
-1.999999999999997780e+00 5.000000000000000000e+00
-1.786903529780976330e+00 5.000000000000000000e+00
-1.467874121865337722e+00 5.000000000000000000e+00
-1.283640539740678710e+00 5.000000000000000000e+00
-1.258762798059640309e+00 5.000000000000000000e+00
-7.836735196278504789e-01 5.000000000000000000e+00
-5.218846764587758980e-01 5.000000000000000000e+00
-6.129033113270896532e-02 5.000000000000000000e+00
3.100073052457517075e-01 5.000000000000000000e+00
1.074577712341922675e+00 5.000000000000000000e+00
-5.367979635154502382e+00 4.000000000000000000e+00
-4.867413248695003247e+00 4.000000000000000000e+00
-4.355452319965871233e+00 4.000000000000000000e+00
-4.049177880741956947e+00 4.000000000000000000e+00
-3.850506775156333550e+00 4.000000000000000000e+00
-3.594596732173624076e+00 4.000000000000000000e+00
-3.162393142560888659e+00 4.000000000000000000e+00
-3.156799695964872754e+00 4.000000000000000000e+00
-2.982091557391365999e+00 4.000000000000000000e+00
-2.799599271061790073e+00 4.000000000000000000e+00
-2.680345740139817856e+00 4.000000000000000000e+00
-2.398226152898109920e+00 4.000000000000000000e+00
-2.370239551742877815e+00 4.000000000000000000e+00
-2.329278447632087357e+00 4.000000000000000000e+00
-2.252182931230380714e+00 4.000000000000000000e+00
-1.847904936499528805e+00 4.000000000000000000e+00
-1.778874874989651245e+00 4.000000000000000000e+00
-1.687276248800241296e+00 4.000000000000000000e+00
-1.542589841349948809e+00 4.000000000000000000e+00
-1.500038659082109094e+00 4.000000000000000000e+00
-1.397271600002465641e+00 4.000000000000000000e+00
-1.229472357665740478e+00 4.000000000000000000e+00
-1.069162307568283010e+00 4.000000000000000000e+00
-9.555966691156201342e-01 4.000000000000000000e+00
-8.424038768598022253e-01 4.000000000000000000e+00
-7.583947914976069127e-01 4.000000000000000000e+00
-6.165100740732993856e-01 4.000000000000000000e+00
-5.244894725920870027e-01 4.000000000000000000e+00
-4.013647642812099847e-01 4.000000000000000000e+00
-3.306334326973177640e-01 4.000000000000000000e+00
-2.197465639349155120e-01 4.000000000000000000e+00
8.410955026023593517e-02 4.000000000000000000e+00
2.059130701246129347e-01 4.000000000000000000e+00
3.534962911551750020e-01 4.000000000000000000e+00
3.932558015762792625e-01 4.000000000000000000e+00
4.710176761297076298e-01 4.000000000000000000e+00
6.598595649607200686e-01 4.000000000000000000e+00
7.806035323450299934e-01 4.000000000000000000e+00
9.855451294204606860e-01 4.000000000000000000e+00
1.059164898436756985e+00 4.000000000000000000e+00
1.192321974551400432e+00 4.000000000000000000e+00
1.606153168706207168e+00 4.000000000000000000e+00
1.689807160161781896e+00 4.000000000000000000e+00
1.689854917205507512e+00 4.000000000000000000e+00
2.299291308461805183e+00 4.000000000000000000e+00
2.322285165716796662e+00 4.000000000000000000e+00
2.363410953510531431e+00 4.000000000000000000e+00
3.014778392347525315e+00 4.000000000000000000e+00
3.747144998448812103e+00 4.000000000000000000e+00
-5.127671557122352120e+00 3.000000000000000000e+00
-4.658275776966989135e+00 3.000000000000000000e+00
-4.193410032832871615e+00 3.000000000000000000e+00
-3.840082939599138712e+00 3.000000000000000000e+00
-3.825022660727817492e+00 3.000000000000000000e+00
-3.433891415026951499e+00 3.000000000000000000e+00
-3.423839586014981951e+00 3.000000000000000000e+00
-2.977392759976764669e+00 3.000000000000000000e+00
-2.895900610696600985e+00 3.000000000000000000e+00
-2.852789825020116243e+00 3.000000000000000000e+00
-2.718376524176284725e+00 3.000000000000000000e+00
-2.626199818528445196e+00 3.000000000000000000e+00
-2.492028438175969196e+00 3.000000000000000000e+00
-2.324334905733291823e+00 3.000000000000000000e+00
-2.154703239179436292e+00 3.000000000000000000e+00
-2.137769989976757046e+00 3.000000000000000000e+00
-1.979360211057353158e+00 3.000000000000000000e+00
-1.864870825153571943e+00 3.000000000000000000e+00
-1.691659535350257038e+00 3.000000000000000000e+00
-1.535999872688600831e+00 3.000000000000000000e+00
-1.404252786995808799e+00 3.000000000000000000e+00
-1.321841606708939576e+00 3.000000000000000000e+00
-1.286048859058182225e+00 3.000000000000000000e+00
-1.206292493883739603e+00 3.000000000000000000e+00
-1.159260301339574140e+00 3.000000000000000000e+00
-1.129444314036895047e+00 3.000000000000000000e+00
-1.043046535029700461e+00 3.000000000000000000e+00
-9.764921243373581028e-01 3.000000000000000000e+00
-8.077347735037835319e-01 3.000000000000000000e+00
-7.001453651589998328e-01 3.000000000000000000e+00
-5.643695026818624783e-01 3.000000000000000000e+00
-5.039549809482253284e-01 3.000000000000000000e+00
-5.020681551084674732e-01 3.000000000000000000e+00
-3.700037432265064763e-01 3.000000000000000000e+00
-2.635353894062030244e-01 3.000000000000000000e+00
-2.068710891073426150e-01 3.000000000000000000e+00
-1.336959298269708440e-01 3.000000000000000000e+00
3.330669070210385864e-16 3.000000000000000000e+00
3.567810615850627864e-02 3.000000000000000000e+00
1.260283780167339163e-01 3.000000000000000000e+00
2.290992594098061608e-01 3.000000000000000000e+00
3.064529896052054503e-01 3.000000000000000000e+00
4.198735174567951312e-01 3.000000000000000000e+00
4.845910322599267794e-01 3.000000000000000000e+00
4.916128307159519095e-01 3.000000000000000000e+00
6.304907602016164292e-01 3.000000000000000000e+00
6.727622606563321561e-01 3.000000000000000000e+00
6.769717439539626458e-01 3.000000000000000000e+00
7.540242950570124059e-01 3.000000000000000000e+00
9.106335392557040054e-01 3.000000000000000000e+00
9.854351225923561053e-01 3.000000000000000000e+00
1.002586705715101223e+00 3.000000000000000000e+00
1.156059376912634162e+00 3.000000000000000000e+00
1.218346042707139976e+00 3.000000000000000000e+00
1.235379073774760528e+00 3.000000000000000000e+00
1.328870613759284725e+00 3.000000000000000000e+00
1.417158090819190086e+00 3.000000000000000000e+00
1.505479921165865820e+00 3.000000000000000000e+00
1.719474662121776687e+00 3.000000000000000000e+00
1.723451518552810091e+00 3.000000000000000000e+00
1.830702439779829271e+00 3.000000000000000000e+00
1.927469774531746616e+00 3.000000000000000000e+00
1.958036849270996305e+00 3.000000000000000000e+00
2.077527438963849615e+00 3.000000000000000000e+00
2.103128332180169036e+00 3.000000000000000000e+00
2.225150976591765417e+00 3.000000000000000000e+00
2.436392960700367372e+00 3.000000000000000000e+00
2.546114047332340924e+00 3.000000000000000000e+00
2.547564717325454531e+00 3.000000000000000000e+00
2.609468924473032025e+00 3.000000000000000000e+00
2.713173477563191938e+00 3.000000000000000000e+00
3.005012602001329025e+00 3.000000000000000000e+00
3.177125718927906295e+00 3.000000000000000000e+00
3.284301449423820518e+00 3.000000000000000000e+00
3.327607075023257810e+00 3.000000000000000000e+00
3.481551705098501426e+00 3.000000000000000000e+00
3.669188423090400608e+00 3.000000000000000000e+00
3.931134301886922700e+00 3.000000000000000000e+00
4.130393804992613660e+00 3.000000000000000000e+00
4.316358102012483045e+00 3.000000000000000000e+00
4.348358247218586214e+00 3.000000000000000000e+00
4.580919679525948141e+00 3.000000000000000000e+00
5.172670477608236617e+00 3.000000000000000000e+00
5.902827107971870824e+00 3.000000000000000000e+00
-4.867794000948582500e+00 2.000000000000000000e+00
-4.434203842201458023e+00 2.000000000000000000e+00
-3.974008501536292037e+00 2.000000000000000000e+00
-3.631483343269449549e+00 2.000000000000000000e+00
-3.622462932862863028e+00 2.000000000000000000e+00
-3.269908175609695267e+00 2.000000000000000000e+00
-3.217494927669182214e+00 2.000000000000000000e+00
-2.735508456848541936e+00 2.000000000000000000e+00
-2.682809047165469529e+00 2.000000000000000000e+00
-2.437626931555127552e+00 2.000000000000000000e+00
-2.419768947968471640e+00 2.000000000000000000e+00
-2.275402715820467048e+00 2.000000000000000000e+00
-2.131124485778877364e+00 2.000000000000000000e+00
-1.943999857780580820e+00 2.000000000000000000e+00
-1.909953199495799003e+00 2.000000000000000000e+00
-1.774315214142725194e+00 2.000000000000000000e+00
-1.651729110068668405e+00 2.000000000000000000e+00
-1.498418330219873251e+00 2.000000000000000000e+00
-1.484535076339321025e+00 2.000000000000000000e+00
-1.265586444052522852e+00 2.000000000000000000e+00
-1.208537006583455531e+00 2.000000000000000000e+00
-1.055154232369548639e+00 2.000000000000000000e+00
-1.030498436376761306e+00 2.000000000000000000e+00
-9.680525042798924229e-01 2.000000000000000000e+00
-9.385673180041274044e-01 2.000000000000000000e+00
-8.619592752589761986e-01 2.000000000000000000e+00
-7.954926323438589186e-01 2.000000000000000000e+00
-7.908770139076927164e-01 2.000000000000000000e+00
-7.471512763750236541e-01 2.000000000000000000e+00
-5.091438146366343842e-01 2.000000000000000000e+00
-3.971665155150567728e-01 2.000000000000000000e+00
-2.309717768041446850e-01 2.000000000000000000e+00
-2.231966232982184051e-01 2.000000000000000000e+00
-1.837253066699887916e-01 2.000000000000000000e+00
-8.891325569351837821e-02 2.000000000000000000e+00
4.543955541217416065e-03 2.000000000000000000e+00
2.078768241958001139e-02 2.000000000000000000e+00
3.706126610981985009e-02 2.000000000000000000e+00
1.613004554973864191e-01 2.000000000000000000e+00
2.000004380908552981e-01 2.000000000000000000e+00
3.246598045928881793e-01 2.000000000000000000e+00
3.766865140564262804e-01 2.000000000000000000e+00
4.334382037508259788e-01 2.000000000000000000e+00
4.436449734645360743e-01 2.000000000000000000e+00
5.512392388947040534e-01 2.000000000000000000e+00
6.404669041301290777e-01 2.000000000000000000e+00
7.074933664701118508e-01 2.000000000000000000e+00
7.615434056537905283e-01 2.000000000000000000e+00
8.757344279662815367e-01 2.000000000000000000e+00
9.398269628031362677e-01 2.000000000000000000e+00
1.037254042822816302e+00 2.000000000000000000e+00
1.056134986340193205e+00 2.000000000000000000e+00
1.155873885261113454e+00 2.000000000000000000e+00
1.197229153126657009e+00 2.000000000000000000e+00
1.271063652375173270e+00 2.000000000000000000e+00
1.316853847446264103e+00 2.000000000000000000e+00
1.372947672528151752e+00 2.000000000000000000e+00
1.436129058640933653e+00 2.000000000000000000e+00
1.461610045335900665e+00 2.000000000000000000e+00
1.597038547583222945e+00 2.000000000000000000e+00
1.690951106953487937e+00 2.000000000000000000e+00
1.723092097219584673e+00 2.000000000000000000e+00
1.967370451679815613e+00 2.000000000000000000e+00
1.996678903729391497e+00 2.000000000000000000e+00
2.034666859683798457e+00 2.000000000000000000e+00
2.134369189003931133e+00 2.000000000000000000e+00
2.167043395027135944e+00 2.000000000000000000e+00
2.224879957972188294e+00 2.000000000000000000e+00
2.227002427831201281e+00 2.000000000000000000e+00
2.227790680891694297e+00 2.000000000000000000e+00
2.408681006448386341e+00 2.000000000000000000e+00
2.418771090636030241e+00 2.000000000000000000e+00
2.591397318418564577e+00 2.000000000000000000e+00
2.627966689187966054e+00 2.000000000000000000e+00
2.710666704623098777e+00 2.000000000000000000e+00
2.743416871807670798e+00 2.000000000000000000e+00
2.823872852475230566e+00 2.000000000000000000e+00
2.826523985658071947e+00 2.000000000000000000e+00
3.066396320443916412e+00 2.000000000000000000e+00
3.090462167153406714e+00 2.000000000000000000e+00
3.195658477695518140e+00 2.000000000000000000e+00
3.277007737980084823e+00 2.000000000000000000e+00
3.382789457813732970e+00 2.000000000000000000e+00
3.562464406933192329e+00 2.000000000000000000e+00
3.567638954157116071e+00 2.000000000000000000e+00
3.793025966204382815e+00 2.000000000000000000e+00
3.829291484773742926e+00 2.000000000000000000e+00
3.834984173614254477e+00 2.000000000000000000e+00
4.018143289589166223e+00 2.000000000000000000e+00
4.114547237376281252e+00 2.000000000000000000e+00
4.134502610398403277e+00 2.000000000000000000e+00
4.145310646672053956e+00 2.000000000000000000e+00
4.221524284446336317e+00 2.000000000000000000e+00
4.318317296885501477e+00 2.000000000000000000e+00
4.653561410623321848e+00 2.000000000000000000e+00
4.813660710735615744e+00 2.000000000000000000e+00
4.905309056200602313e+00 2.000000000000000000e+00
5.242320533270667937e+00 2.000000000000000000e+00
5.487506813705908648e+00 2.000000000000000000e+00
5.509007848445294009e+00 2.000000000000000000e+00
5.629625609924441498e+00 2.000000000000000000e+00
6.144366432076985518e+00 2.000000000000000000e+00
6.153327931774156490e+00 2.000000000000000000e+00
6.717234527422134782e+00 2.000000000000000000e+00
7.523851062985200677e+00 2.000000000000000000e+00
-4.584089437961138991e+00 1.000000000000000000e+00
-4.215415252204944174e+00 1.000000000000000000e+00
-3.838546157018611460e+00 1.000000000000000000e+00
-3.351822513760802646e+00 1.000000000000000000e+00
-3.139478626333950029e+00 1.000000000000000000e+00
-2.654650548549192024e+00 1.000000000000000000e+00
-2.491938094828523909e+00 1.000000000000000000e+00
-2.076419750682597876e+00 1.000000000000000000e+00
-1.965135286205923704e+00 1.000000000000000000e+00
-1.902107194133105805e+00 1.000000000000000000e+00
-1.739078073528477431e+00 1.000000000000000000e+00
-1.655791489462107080e+00 1.000000000000000000e+00
-1.448364657831616054e+00 1.000000000000000000e+00
-1.329649475077916865e+00 1.000000000000000000e+00
-1.176450515282188247e+00 1.000000000000000000e+00
-1.152979714438950420e+00 1.000000000000000000e+00
-9.714482273203880469e-01 1.000000000000000000e+00
-8.012641999468420595e-01 1.000000000000000000e+00
-6.937414590433841344e-01 1.000000000000000000e+00
-6.437304350925738827e-01 1.000000000000000000e+00
-5.871226464648460208e-01 1.000000000000000000e+00
-5.246717328398060598e-01 1.000000000000000000e+00
-3.355898186942138928e-01 1.000000000000000000e+00
-2.745703275896084761e-01 1.000000000000000000e+00
-2.438409949035718338e-01 1.000000000000000000e+00
-8.956386851368249025e-02 1.000000000000000000e+00
1.300004424109087175e-01 1.000000000000000000e+00
1.883934547756989930e-01 1.000000000000000000e+00
2.967454637460084088e-01 1.000000000000000000e+00
3.499115197980403047e-01 1.000000000000000000e+00
4.049155666144907406e-01 1.000000000000000000e+00
5.124650415282450133e-01 1.000000000000000000e+00
6.246155402276044599e-01 1.000000000000000000e+00
6.357672111853838182e-01 1.000000000000000000e+00
7.562141857410600299e-01 1.000000000000000000e+00
8.739526730524326270e-01 1.000000000000000000e+00
9.845932843334674889e-01 1.000000000000000000e+00
9.911191523532453251e-01 1.000000000000000000e+00
1.147897524293536753e+00 1.000000000000000000e+00
1.241011255841674821e+00 1.000000000000000000e+00
1.248178524042100834e+00 1.000000000000000000e+00
1.345995737980381524e+00 1.000000000000000000e+00
1.446867451303042618e+00 1.000000000000000000e+00
1.511573215522798996e+00 1.000000000000000000e+00
1.694819270631023889e+00 1.000000000000000000e+00
1.756440742982197989e+00 1.000000000000000000e+00
1.828623921665422314e+00 1.000000000000000000e+00
1.838465878287698585e+00 1.000000000000000000e+00
1.977896641226274621e+00 1.000000000000000000e+00
2.060899324229676921e+00 1.000000000000000000e+00
2.118955095597734761e+00 1.000000000000000000e+00
2.157132617464901259e+00 1.000000000000000000e+00
2.174189605875958886e+00 1.000000000000000000e+00
2.354492051230512306e+00 1.000000000000000000e+00
2.372685968234206744e+00 1.000000000000000000e+00
2.516223955920639632e+00 1.000000000000000000e+00
2.580720404192949236e+00 1.000000000000000000e+00
2.624957911610301675e+00 1.000000000000000000e+00
2.697471672509945684e+00 1.000000000000000000e+00
2.783080584262750179e+00 1.000000000000000000e+00
2.906048779108561853e+00 1.000000000000000000e+00
3.018271826640545719e+00 1.000000000000000000e+00
3.212067531838904255e+00 1.000000000000000000e+00
3.216414534795872804e+00 1.000000000000000000e+00
3.380151364505179945e+00 1.000000000000000000e+00
3.537235718983380295e+00 1.000000000000000000e+00
3.568409266112889000e+00 1.000000000000000000e+00
3.575671979506103160e+00 1.000000000000000000e+00
3.669664814825289501e+00 1.000000000000000000e+00
3.925684167190164775e+00 1.000000000000000000e+00
3.981207218278733251e+00 1.000000000000000000e+00
4.017176020243969248e+00 1.000000000000000000e+00
4.177997198731444151e+00 1.000000000000000000e+00
4.331154239562419406e+00 1.000000000000000000e+00
4.407846795196484813e+00 1.000000000000000000e+00
4.496160731019752888e+00 1.000000000000000000e+00
4.583670778116682776e+00 1.000000000000000000e+00
4.635915026671941774e+00 1.000000000000000000e+00
5.060964336022341747e+00 1.000000000000000000e+00
5.245253455424367495e+00 1.000000000000000000e+00
5.357282765640789535e+00 1.000000000000000000e+00
5.480160782371326533e+00 1.000000000000000000e+00
5.654423179815714740e+00 1.000000000000000000e+00
5.831046638513405433e+00 1.000000000000000000e+00
6.008559756648824468e+00 1.000000000000000000e+00
6.071191367924500426e+00 1.000000000000000000e+00
6.364887782914312453e+00 1.000000000000000000e+00
6.695198870011354941e+00 1.000000000000000000e+00
7.113632958676255669e+00 1.000000000000000000e+00
7.502305739038897414e+00 1.000000000000000000e+00
8.634531982706203479e+00 1.000000000000000000e+00
-4.248170875710750138e+00 0.000000000000000000e+00
-2.899656531612644805e+00 0.000000000000000000e+00
-2.328637193880491729e+00 0.000000000000000000e+00
-1.676381954809836206e+00 0.000000000000000000e+00
-1.200397020654084601e+00 0.000000000000000000e+00
-1.196567573222550918e+00 0.000000000000000000e+00
-6.896585939231636431e-01 0.000000000000000000e+00
-6.621049480799036102e-01 0.000000000000000000e+00
-3.633883817565278229e-01 0.000000000000000000e+00
1.626139234528752864e-01 0.000000000000000000e+00
3.462718771234751247e-01 0.000000000000000000e+00
5.181274469239751657e-01 0.000000000000000000e+00
6.978561810959286182e-01 0.000000000000000000e+00
7.219584988713552143e-01 0.000000000000000000e+00
1.219097348800516123e+00 0.000000000000000000e+00
1.573950600169200298e+00 0.000000000000000000e+00
1.826110204700349460e+00 0.000000000000000000e+00
1.980101607300576827e+00 0.000000000000000000e+00
2.108143729378032294e+00 0.000000000000000000e+00
2.268876270543801699e+00 0.000000000000000000e+00
2.351181046971323685e+00 0.000000000000000000e+00
2.489965838519910157e+00 0.000000000000000000e+00
2.806564330061971368e+00 0.000000000000000000e+00
3.450555155885670633e+00 0.000000000000000000e+00
3.551122498831036367e+00 0.000000000000000000e+00
3.748718464498737024e+00 0.000000000000000000e+00
4.226438302493171761e+00 0.000000000000000000e+00
4.252063062555489381e+00 0.000000000000000000e+00
4.355566351623797239e+00 0.000000000000000000e+00
4.564746675001565279e+00 0.000000000000000000e+00
4.915888909731705780e+00 0.000000000000000000e+00
5.294390165125666847e+00 0.000000000000000000e+00
5.822120134947353698e+00 0.000000000000000000e+00
6.520256689727605526e+00 0.000000000000000000e+00
7.188701341817905544e+00 0.000000000000000000e+00
8.303576417496939754e+00 0.000000000000000000e+00
