# Runtime: 13.59717082977295
-3.999999999999998224e+00 5.000000000000000000e+00
-3.618033988749893126e+00 4.000000000000000000e+00
-2.618033988749893570e+00 4.000000000000000000e+00
-1.381966011250104431e+00 4.000000000000000000e+00
-3.819660112501053195e-01 4.000000000000000000e+00
-3.209391082253385541e+00 3.000000000000000000e+00
-2.302775637731993452e+00 3.000000000000000000e+00
-1.455369948578362882e+00 3.000000000000000000e+00
-9.999999999999996669e-01 3.000000000000000000e+00
-9.999999999999992228e-01 3.000000000000000000e+00
2.775557561562891351e-17 3.000000000000000000e+00
4.094628400920676259e-01 3.000000000000000000e+00
8.808009778805253598e-01 3.000000000000000000e+00
1.302775637731993674e+00 3.000000000000000000e+00
2.374497212859155049e+00 3.000000000000000000e+00
-2.769370039960051155e+00 2.000000000000000000e+00
-1.974424274086581832e+00 2.000000000000000000e+00
-9.025551199178556416e-01 2.000000000000000000e+00
-7.320508075688773042e-01 2.000000000000000000e+00
-5.458793695569019722e-01 2.000000000000000000e+00
3.715246808075789442e-01 2.000000000000000000e+00
3.800500298007600253e-01 2.000000000000000000e+00
5.069294327394895383e-01 2.000000000000000000e+00
1.000000000000000222e+00 2.000000000000000000e+00
1.818418799098614702e+00 2.000000000000000000e+00
1.999999999999999334e+00 2.000000000000000000e+00
2.236587670012244011e+00 2.000000000000000000e+00
2.732050807568873640e+00 2.000000000000000000e+00
3.473456330978535345e+00 2.000000000000000000e+00
4.405261860084171310e+00 2.000000000000000000e+00
-2.293885401361504872e+00 1.000000000000000000e+00
-1.740957673964950159e+00 1.000000000000000000e+00
-1.036170785949540818e+00 1.000000000000000000e+00
-3.762080954405966349e-02 1.000000000000000000e+00
2.146243299682694949e-01 1.000000000000000000e+00
8.937649466191769365e-01 1.000000000000000000e+00
1.183513287335066888e+00 1.000000000000000000e+00
1.544297988944104638e+00 1.000000000000000000e+00
2.410537841575068896e+00 1.000000000000000000e+00
2.574726837367787624e+00 1.000000000000000000e+00
2.825320797041896981e+00 1.000000000000000000e+00
3.411564547042042150e+00 1.000000000000000000e+00
3.823361813395262043e+00 1.000000000000000000e+00
4.396709758760542819e+00 1.000000000000000000e+00
5.830212522770828798e+00 1.000000000000000000e+00
-1.620075858467906027e+00 0.000000000000000000e+00
9.999999999999990008e-01 0.000000000000000000e+00
1.000000000000000000e+00 0.000000000000000000e+00
2.336508803562054037e+00 0.000000000000000000e+00
3.999999999999996447e+00 0.000000000000000000e+00
5.283567054905848437e+00 0.000000000000000000e+00
